                                 Task                                  |  utime   |  stime   |     rss     |     vmem     |   read    | write  |    d:cpu    | d:bio  | d:swap | d:reclaim 
 157159 Thread 1 - main                                                |   608000 |    99000 |    43646139 |   5342103436 |  21210112 |   1024 |     2418333 |      0 |      0 |         0 
 157181 Thread 2 - Reference Handler                                   |     5000 |        0 |      501597 |     38768867 |         0 |      0 |     2554429 |      0 |      0 |         0 
 157182 Thread 3 - Finalizer                                           |     6000 |        0 |      444046 |     45155687 |     13312 |      0 |     1555564 |      0 |      0 |         0 
 157183 Thread 4 - Surrogate Locker Thread (Concurrent GC)             |        0 |        0 |           0 |            0 |         0 |      0 |        3419 |      0 |      0 |         0 
 157184 Thread 5 - Signal Dispatcher                                   |        0 |     1000 |       32683 |      7228289 |         0 |      0 |           0 |      0 |      0 |         0 
 157194 Thread 11 - DecatonSubscriptionThread-decaton-benchmark        | 27333000 | 29565000 | 16863853787 | 553870157592 | 585852928 | 133120 | 18055654603 | 156872 |      0 |         0 
 157195 Thread 13 - kafka-coordinator-hear...hread | decaton-benchmark |   179000 |    47000 |    66774991 |   2202861328 |   5816320 |   5120 |    29923361 | 377722 |      0 |         0 
 157198 Thread 14 - PartitionProcessorThre...bac-932c-ef7054aa5232-1-0 |  1229000 |   376000 |   478096719 |  15656347609 |      5120 |      0 |  1333070404 |      0 |      0 |         0 
 157199 Thread 15 - PartitionProcessorThre...bac-932c-ef7054aa5232-1-1 |  1244000 |   399000 |   487983066 |  16026678656 |         0 |      0 |  1255676551 |      0 |      0 |         0 
 157200 Thread 16 - PartitionProcessorThre...bac-932c-ef7054aa5232-1-2 |  1224000 |   390000 |   477047227 |  15735519902 |    163840 |      0 |  1373342577 |      0 |      0 |         0 
 157201 Thread 17 - PartitionProcessorThre...bac-932c-ef7054aa5232-1-3 |  1128000 |   406000 |   455496071 |  14956917406 |     32768 |      0 |  1431685667 |      0 |      0 |         0 
 157202 Thread 18 - PartitionProcessorThre...bac-932c-ef7054aa5232-1-4 |  1111000 |   372000 |   442875782 |  14466021191 |         0 |      0 |  1287771620 |      0 |      0 |         0 
 157203 Thread 19 - PartitionProcessorThre...bac-932c-ef7054aa5232-1-5 |  1146000 |   400000 |   460667895 |  15079373019 |         0 |      0 |  1325976983 |      0 |      0 |         0 
 157204 Thread 20 - PartitionProcessorThre...bac-932c-ef7054aa5232-1-6 |  1217000 |   413000 |   486443090 |  15901112839 |         0 |      0 |  1298266345 |      0 |      0 |         0 
 157205 Thread 21 - PartitionProcessorThre...bac-932c-ef7054aa5232-1-7 |  1201000 |   393000 |   474494766 |  15550602503 |  10831872 |      0 |  1347332610 |      0 |      0 |         0 
 157206 Thread 22 - PartitionProcessorThre...bac-932c-ef7054aa5232-1-8 |  1211000 |   427000 |   486175180 |  15974475160 |         0 |      0 |  1486472274 |      0 |      0 |         0 
 157207 Thread 23 - PartitionProcessorThre...bac-932c-ef7054aa5232-1-9 |  1239000 |   416000 |   492037734 |  16143276746 |      1024 |      0 |  1453876612 |      0 |      0 |         0 
 157208 Thread 24 - PartitionProcessorThre...ac-932c-ef7054aa5232-1-10 |  1204000 |   383000 |   472178110 |  15478787499 |         0 |      0 |  1354602929 |      0 |      0 |         0 
 157209 Thread 25 - PartitionProcessorThre...ac-932c-ef7054aa5232-1-11 |  1176000 |   417000 |   473303774 |  15539295351 |      1024 |      0 |  1399407797 |      0 |      0 |         0 
 157210 Thread 26 - PartitionProcessorThre...ac-932c-ef7054aa5232-1-12 |  1158000 |   389000 |   460312196 |  15091693234 |         0 |      0 |  1475351509 |      0 |      0 |         0 
 157211 Thread 27 - PartitionProcessorThre...ac-932c-ef7054aa5232-1-13 |  1150000 |   429000 |   470198293 |  15403825191 |         0 |      0 |  1356891414 |      0 |      0 |         0 
 157212 Thread 28 - PartitionProcessorThre...ac-932c-ef7054aa5232-1-14 |  1156000 |   394000 |   460493469 |  15120278624 |         0 |      0 |  1287079489 |      0 |      0 |         0 
 157213 Thread 29 - PartitionProcessorThre...ac-932c-ef7054aa5232-1-15 |  1204000 |   423000 |   484133754 |  15871880007 |         0 |      0 |  1443546998 |      0 |      0 |         0 
 157214 Thread 30 - PartitionProcessorThre...ac-932c-ef7054aa5232-1-16 |  1186000 |   420000 |   479106543 |  15667372843 |         0 |      0 |  1574143969 |      0 |      0 |         0 
 157215 Thread 31 - PartitionProcessorThre...ac-932c-ef7054aa5232-1-17 |  1182000 |   448000 |   484108445 |  15901164171 |         0 |      0 |  1234628980 |      0 |      0 |         0 
 157216 Thread 32 - PartitionProcessorThre...ac-932c-ef7054aa5232-1-18 |  1179000 |   431000 |   478878469 |  15703932734 |         0 |      0 |  1378241593 |      0 |      0 |         0 
 157217 Thread 33 - PartitionProcessorThre...ac-932c-ef7054aa5232-1-19 |  1212000 |   395000 |   479392559 |  15676033332 |      3072 |      0 |  1370475563 |      0 |      0 |         0 
 157218 Thread 34 - PartitionProcessorThre...bac-932c-ef7054aa5232-0-0 |  1181000 |   383000 |   466679891 |  15257678457 |         0 |      0 |  1365236175 |      0 |      0 |         0 
 157219 Thread 35 - PartitionProcessorThre...bac-932c-ef7054aa5232-0-1 |  1177000 |   412000 |   474133793 |  15501868722 |         0 |      0 |  1199420644 |      0 |      0 |         0 
 157220 Thread 36 - PartitionProcessorThre...bac-932c-ef7054aa5232-0-2 |  1174000 |   386000 |   464387110 |  15217639914 |         0 |      0 |  1303672256 |      0 |      0 |         0 
 157221 Thread 37 - PartitionProcessorThre...bac-932c-ef7054aa5232-0-3 |  1201000 |   422000 |   484668914 |  15832721105 |         0 |      0 |  1457885129 |      0 |      0 |         0 
 157222 Thread 38 - PartitionProcessorThre...bac-932c-ef7054aa5232-0-4 |  1215000 |   411000 |   484755594 |  15862083914 |         0 |      0 |  1367155041 |      0 |      0 |         0 
 157223 Thread 39 - PartitionProcessorThre...bac-932c-ef7054aa5232-0-5 |  1261000 |   417000 |   500677199 |  16369532472 |         0 |      0 |  1422326656 |      0 |      0 |         0 
 157224 Thread 40 - PartitionProcessorThre...bac-932c-ef7054aa5232-0-6 |  1198000 |   377000 |   469990594 |  15364967843 |         0 |      0 |  1538094098 |      0 |      0 |         0 
 157225 Thread 41 - PartitionProcessorThre...bac-932c-ef7054aa5232-0-7 |  1250000 |   385000 |   487823215 |  15950356792 |         0 |      0 |  1413395058 |      0 |      0 |         0 
 157226 Thread 42 - PartitionProcessorThre...bac-932c-ef7054aa5232-0-8 |  1215000 |   406000 |   483775973 |  15813749195 |         0 |      0 |  1285504910 |      0 |      0 |         0 
 157227 Thread 43 - PartitionProcessorThre...bac-932c-ef7054aa5232-0-9 |  1192000 |   376000 |   467928969 |  15296411984 |         0 |      0 |  1364249527 |      0 |      0 |         0 
 157228 Thread 44 - PartitionProcessorThre...ac-932c-ef7054aa5232-0-10 |  1204000 |   389000 |   476410399 |  15540412531 |         0 |      0 |  1337500316 |      0 |      0 |         0 
 157229 Thread 45 - PartitionProcessorThre...ac-932c-ef7054aa5232-0-11 |  1155000 |   406000 |   466054410 |  15228285792 |         0 |      0 |  1415672946 |      0 |      0 |         0 
 157230 Thread 46 - PartitionProcessorThre...ac-932c-ef7054aa5232-0-12 |  1164000 |   377000 |   459301645 |  15033316429 |         0 |      0 |  1366078950 |      0 |      0 |         0 
 157231 Thread 47 - PartitionProcessorThre...ac-932c-ef7054aa5232-0-13 |  1150000 |   455000 |   479564656 |  15657382410 |         0 |      0 |  1604319661 |      0 |      0 |         0 
 157232 Thread 48 - PartitionProcessorThre...ac-932c-ef7054aa5232-0-14 |  1160000 |   383000 |   459483176 |  15052760667 |         0 |      0 |  1232247252 |      0 |      0 |         0 
 157233 Thread 49 - PartitionProcessorThre...ac-932c-ef7054aa5232-0-15 |  1217000 |   400000 |   483440711 |  15774347347 |         0 |      0 |  1242461338 |      0 |      0 |         0 
 157234 Thread 50 - PartitionProcessorThre...ac-932c-ef7054aa5232-0-16 |  1148000 |   402000 |   462875375 |  15121237398 |         0 |      0 |  1127083344 |      0 |      0 |         0 
 157235 Thread 51 - PartitionProcessorThre...ac-932c-ef7054aa5232-0-17 |  1109000 |   404000 |   450970317 |  14759987437 |         0 |      0 |  1536264580 |      0 |      0 |         0 
 157236 Thread 52 - PartitionProcessorThre...ac-932c-ef7054aa5232-0-18 |  1147000 |   407000 |   463370746 |  15159888445 |         0 |      0 |  1398134569 |      0 |      0 |         0 
 157237 Thread 53 - PartitionProcessorThre...ac-932c-ef7054aa5232-0-19 |  1141000 |   411000 |   462537543 |  15140658593 |         0 |      0 |  1497042510 |      0 |      0 |         0 
 157238 Thread 54 - PartitionProcessorThre...bac-932c-ef7054aa5232-2-0 |  1236000 |   418000 |   494057938 |  16135603964 |         0 |      0 |  1215404902 |      0 |      0 |         0 
 157239 Thread 55 - PartitionProcessorThre...bac-932c-ef7054aa5232-2-1 |  1187000 |   433000 |   483734250 |  15803799078 |         0 |      0 |  1419768413 |      0 |      0 |         0 
 157240 Thread 56 - PartitionProcessorThre...bac-932c-ef7054aa5232-2-2 |  1218000 |   430000 |   491822043 |  16077157902 |         0 |      0 |  1214284083 |      0 |      0 |         0 
 157241 Thread 57 - PartitionProcessorThre...bac-932c-ef7054aa5232-2-3 |  1195000 |   413000 |   480423051 |  15686876664 |         0 |      0 |  1271206465 |      0 |      0 |         0 
 157242 Thread 58 - PartitionProcessorThre...bac-932c-ef7054aa5232-2-4 |  1165000 |   403000 |   468440047 |  15296531132 |         0 |      0 |  1458028927 |      0 |      0 |         0 
 157243 Thread 59 - PartitionProcessorThre...bac-932c-ef7054aa5232-2-5 |  1177000 |   400000 |   471605528 |  15384332445 |         0 |      0 |  1349819596 |      0 |      0 |         0 
 157244 Thread 60 - PartitionProcessorThre...bac-932c-ef7054aa5232-2-6 |  1182000 |   390000 |   469787055 |  15335404500 |         0 |      0 |  1213294786 |      0 |      0 |         0 
 157245 Thread 61 - PartitionProcessorThre...bac-932c-ef7054aa5232-2-7 |  1199000 |   420000 |   483247348 |  15793985359 |         0 |      0 |  1214609394 |      0 |      0 |         0 
 157246 Thread 62 - PartitionProcessorThre...bac-932c-ef7054aa5232-2-8 |  1217000 |   389000 |   479731570 |  15667192867 |         0 |      0 |  1322530708 |      0 |      0 |         0 
 157247 Thread 63 - PartitionProcessorThre...bac-932c-ef7054aa5232-2-9 |  1175000 |   424000 |   477206324 |  15598673449 |         0 |      0 |  1405711836 |      0 |      0 |         0 
 157248 Thread 64 - PartitionProcessorThre...ac-932c-ef7054aa5232-2-10 |  1248000 |   406000 |   493845344 |  16135496339 |         0 |      0 |  1535180205 |      0 |      0 |         0 
 157249 Thread 65 - PartitionProcessorThre...ac-932c-ef7054aa5232-2-11 |  1158000 |   380000 |   459247633 |  15003933640 |         0 |      0 |  1415210224 |      0 |      0 |         0 
 157250 Thread 66 - PartitionProcessorThre...ac-932c-ef7054aa5232-2-12 |  1219000 |   387000 |   480631152 |  15667515363 |         0 |      0 |  1341023779 |      0 |      0 |         0 
 157251 Thread 67 - PartitionProcessorThre...ac-932c-ef7054aa5232-2-13 |  1165000 |   407000 |   470133063 |  15335755562 |         0 |      0 |  1106786537 |      0 |      0 |         0 
 157252 Thread 68 - PartitionProcessorThre...ac-932c-ef7054aa5232-2-14 |  1189000 |   388000 |   471274164 |  15384517617 |         0 |      0 |  1316339802 |      0 |      0 |         0 
 157253 Thread 69 - PartitionProcessorThre...ac-932c-ef7054aa5232-2-15 |  1238000 |   412000 |   492857734 |  16096460992 |         0 |      0 |  1403991059 |      0 |      0 |         0 
 157254 Thread 70 - PartitionProcessorThre...ac-932c-ef7054aa5232-2-16 |  1142000 |   390000 |   457486946 |  14945495128 |         0 |      0 |  1365974742 |      0 |      0 |         0 
 157255 Thread 71 - PartitionProcessorThre...ac-932c-ef7054aa5232-2-17 |  1256000 |   379000 |   488071656 |  15950326019 |         0 |      0 |  1403110604 |      0 |      0 |         0 
 157256 Thread 72 - PartitionProcessorThre...ac-932c-ef7054aa5232-2-18 |  1198000 |   371000 |   469316199 |  15306367812 |         0 |      0 |  1244933842 |      0 |      0 |         0 
 157257 Thread 73 - PartitionProcessorThre...ac-932c-ef7054aa5232-2-19 |  1232000 |   433000 |   497781992 |  16242808468 |         0 |      0 |  1122034403 |      0 |      0 |         0 
 157648 Thread 74 - process reaper                                     |        0 |        0 |           0 |            0 |      2048 |      0 |        3113 |      0 |      0 |         0 
 157654 Thread 75 - Attach Listener                                    |   365000 |    95000 |   141209452 |   4495275526 |   5304320 | 134144 |     2386221 |      0 |      0 |         0 
