                                 Task                                  |  utime   |  stime   |     rss     |     vmem     |   read    | write  |    d:cpu    |  d:bio  | d:swap | d:reclaim 
 159751 Thread 1 - main                                                |   586000 |    78000 |    41583143 |   5041805718 |  21218304 |   1024 |     1810964 |       0 |      0 |         0 
 159773 Thread 2 - Reference Handler                                   |     6000 |        0 |      606667 |     46605445 |         0 |      0 |      225717 |       0 |      0 |         0 
 159774 Thread 3 - Finalizer                                           |     8000 |        0 |      722589 |     61365132 |      5120 |      0 |      987796 |       0 |      0 |         0 
 159775 Thread 4 - Surrogate Locker Thread (Concurrent GC)             |        0 |        0 |           0 |            0 |         0 |      0 |           0 |       0 |      0 |         0 
 159776 Thread 5 - Signal Dispatcher                                   |        0 |        0 |           0 |            0 |         0 |      0 |       35725 |       0 |      0 |         0 
 159786 Thread 11 - DecatonSubscriptionThread-decaton-benchmark        | 29435000 | 33028000 | 18689878732 | 608324189572 | 636580864 | 122880 | 20164776174 |  102025 |      0 |         0 
 159787 Thread 13 - kafka-coordinator-hear...hread | decaton-benchmark |   154000 |    43000 |    58683726 |   1922024156 |   6387712 |   4096 |    52022950 |  180503 |      0 |         0 
 159790 Thread 14 - PartitionProcessorThre...1de-904a-918a9f88ff95-1-0 |  1181000 |   446000 |   485171778 |  15868195589 |     33792 |      0 |  1337690818 |       0 |      0 |         0 
 159791 Thread 15 - PartitionProcessorThre...1de-904a-918a9f88ff95-1-1 |  1379000 |   441000 |   544075508 |  17757169148 |         0 |      0 |  1489374119 |       0 |      0 |         0 
 159792 Thread 16 - PartitionProcessorThre...1de-904a-918a9f88ff95-1-2 |  1203000 |   513000 |   512889035 |  16740507124 |      3072 |      0 |  1372876600 |       0 |      0 |         0 
 159793 Thread 17 - PartitionProcessorThre...1de-904a-918a9f88ff95-1-3 |  1266000 |   478000 |   519999731 |  17013193472 |      6144 |      0 |  1411901940 |       0 |      0 |         0 
 159794 Thread 18 - PartitionProcessorThre...1de-904a-918a9f88ff95-1-4 |  1172000 |   484000 |   496327543 |  16155489109 |         0 |      0 |  1335778262 |       0 |      0 |         0 
 159795 Thread 19 - PartitionProcessorThre...1de-904a-918a9f88ff95-1-5 |  1258000 |   434000 |   506949520 |  16508782382 |      1024 |      0 |  1408192785 |       0 |      0 |         0 
 159796 Thread 20 - PartitionProcessorThre...1de-904a-918a9f88ff95-1-6 |  1207000 |   426000 |   487556606 |  15927684011 |      2048 |      0 |  1329643325 |       0 |      0 |         0 
 159797 Thread 21 - PartitionProcessorThre...1de-904a-918a9f88ff95-1-7 |  1342000 |   446000 |   531612238 |  17439544050 |         0 |      0 |  1311664103 |       0 |      0 |         0 
 159798 Thread 22 - PartitionProcessorThre...1de-904a-918a9f88ff95-1-8 |  1264000 |   482000 |   519483852 |  17027812230 |    121856 |      0 |  1205052626 |       0 |      0 |         0 
 159799 Thread 23 - PartitionProcessorThre...1de-904a-918a9f88ff95-1-9 |  1281000 |   436000 |   511543610 |  16749709906 |         0 |      0 |  1372707730 |       0 |      0 |         0 
 159800 Thread 24 - PartitionProcessorThre...de-904a-918a9f88ff95-1-10 |  1252000 |   445000 |   506171535 |  16556000527 |         0 |      0 |  1357449640 |       0 |      0 |         0 
 159801 Thread 25 - PartitionProcessorThre...de-904a-918a9f88ff95-1-11 |  1304000 |   478000 |   532718266 |  17384060898 |         0 |      0 |  1463667217 |       0 |      0 |         0 
 159802 Thread 26 - PartitionProcessorThre...de-904a-918a9f88ff95-1-12 |  1255000 |   481000 |   517091360 |  16937535199 |         0 |      0 |  1544350788 |       0 |      0 |         0 
 159804 Thread 27 - PartitionProcessorThre...de-904a-918a9f88ff95-1-13 |  1319000 |   474000 |   534651399 |  17491088941 |         0 |      0 |  1535680143 |       0 |      0 |         0 
 159805 Thread 28 - PartitionProcessorThre...de-904a-918a9f88ff95-1-14 |  1260000 |   436000 |   504143367 |  16547822628 |         0 |      0 |  1348465532 |       0 |      0 |         0 
 159806 Thread 29 - PartitionProcessorThre...de-904a-918a9f88ff95-1-15 |  1182000 |   427000 |   479150360 |  15697468363 |     35840 |      0 |  1205775603 |       0 |      0 |         0 
 159807 Thread 30 - PartitionProcessorThre...de-904a-918a9f88ff95-1-16 |  1239000 |   410000 |   491232700 |  16089469859 |         0 |      0 |  1182487622 |       0 |      0 |         0 
 159808 Thread 31 - PartitionProcessorThre...de-904a-918a9f88ff95-1-17 |  1207000 |   409000 |   482091954 |  15768044652 |         0 |      0 |  1394505088 |       0 |      0 |         0 
 159809 Thread 32 - PartitionProcessorThre...de-904a-918a9f88ff95-1-18 |  1311000 |   436000 |   521364360 |  17044975914 |         0 |      0 |  1341943568 |       0 |      0 |         0 
 159810 Thread 33 - PartitionProcessorThre...de-904a-918a9f88ff95-1-19 |  1271000 |   501000 |   529736656 |  17290736113 |         0 |      0 |  1385682682 |       0 |      0 |         0 
 159811 Thread 34 - PartitionProcessorThre...1de-904a-918a9f88ff95-0-0 |  1202000 |   475000 |   505318852 |  16363944660 |         0 |      0 |  1316081505 |       0 |      0 |         0 
 159812 Thread 35 - PartitionProcessorThre...1de-904a-918a9f88ff95-0-1 |  1221000 |   419000 |   493146118 |  16002883015 |         0 |      0 |  1232133952 |       0 |      0 |         0 
 159813 Thread 36 - PartitionProcessorThre...1de-904a-918a9f88ff95-0-2 |  1239000 |   438000 |   504748332 |  16363384917 |         0 |      0 |  1463893736 |       0 |      0 |         0 
 159814 Thread 37 - PartitionProcessorThre...1de-904a-918a9f88ff95-0-3 |  1252000 |   431000 |   507422235 |  16422656464 |         0 |      0 |  1394333792 |       0 |      0 |         0 
 159815 Thread 38 - PartitionProcessorThre...1de-904a-918a9f88ff95-0-4 |  1279000 |   466000 |   525672793 |  17028030925 |         0 |      0 |  1266091234 |       0 |      0 |         0 
 159816 Thread 39 - PartitionProcessorThre...1de-904a-918a9f88ff95-0-5 |  1173000 |   456000 |   490821411 |  15896381765 |         0 |      0 |  1330160670 |       0 |      0 |         0 
 159817 Thread 40 - PartitionProcessorThre...1de-904a-918a9f88ff95-0-6 |  1244000 |   458000 |   512905000 |  16608252371 |         0 |      0 |  1314513012 |       0 |      0 |         0 
 159818 Thread 41 - PartitionProcessorThre...1de-904a-918a9f88ff95-0-7 |  1274000 |   472000 |   525545207 |  17038039265 |         0 |      0 |  1473428513 |       0 |      0 |         0 
 159819 Thread 42 - PartitionProcessorThre...1de-904a-918a9f88ff95-0-8 |  1227000 |   472000 |   512587387 |  16579519152 |         0 |      0 |  1546040916 |       0 |      0 |         0 
 159820 Thread 43 - PartitionProcessorThre...1de-904a-918a9f88ff95-0-9 |  1186000 |   447000 |   492451336 |  15934612000 |         0 |      0 |  1352695463 |       0 |      0 |         0 
 159821 Thread 44 - PartitionProcessorThre...de-904a-918a9f88ff95-0-10 |  1193000 |   436000 |   490850196 |  15896162343 |         0 |      0 |  1435467222 |       0 |      0 |         0 
 159822 Thread 45 - PartitionProcessorThre...de-904a-918a9f88ff95-0-11 |  1261000 |   417000 |   505846243 |  16375274015 |         0 |      0 |  1425873699 |       0 |      0 |         0 
 159823 Thread 46 - PartitionProcessorThre...de-904a-918a9f88ff95-0-12 |  1256000 |   438000 |   509500160 |  16530595707 |         0 |      0 |  1290689411 |       0 |      0 |         0 
 159824 Thread 47 - PartitionProcessorThre...de-904a-918a9f88ff95-0-13 |  1207000 |   432000 |   493120563 |  15993095917 |         0 |      0 |  1321799086 |       0 |      0 |         0 
 159825 Thread 48 - PartitionProcessorThre...de-904a-918a9f88ff95-0-14 |  1219000 |   458000 |   504641457 |  16364617699 |         0 |      0 |  1372437212 |       0 |      0 |         0 
 159826 Thread 49 - PartitionProcessorThre...de-904a-918a9f88ff95-0-15 |  1191000 |   482000 |   502849262 |  16324802847 |         0 |      0 |  1257410857 |       0 |      0 |         0 
 159827 Thread 50 - PartitionProcessorThre...de-904a-918a9f88ff95-0-16 |  1201000 |   441000 |   493724645 |  16022938925 |         0 |      0 |  1364802871 |       0 |      0 |         0 
 159828 Thread 51 - PartitionProcessorThre...de-904a-918a9f88ff95-0-17 |  1192000 |   432000 |   489138789 |  15847623781 |         0 |      0 |  1208097310 |       0 |      0 |         0 
 159829 Thread 52 - PartitionProcessorThre...de-904a-918a9f88ff95-0-18 |  1192000 |   419000 |   484560266 |  15720322261 |         0 |      0 |  1329846943 |       0 |      0 |         0 
 159830 Thread 53 - PartitionProcessorThre...de-904a-918a9f88ff95-0-19 |  1196000 |   504000 |   512077266 |  16588864605 |         0 |      0 |  1357332412 |       0 |      0 |         0 
 159831 Thread 54 - PartitionProcessorThre...1de-904a-918a9f88ff95-2-0 |  1218000 |   518000 |   523680774 |  16940772054 |         0 |      0 |  1403598508 |       0 |      0 |         0 
 159832 Thread 55 - PartitionProcessorThre...1de-904a-918a9f88ff95-2-1 |  1263000 |   439000 |   513461067 |  16608315101 |         0 |      0 |  1278927144 |       0 |      0 |         0 
 159833 Thread 56 - PartitionProcessorThre...1de-904a-918a9f88ff95-2-2 |  1255000 |   451000 |   514350004 |  16646990769 |         0 |      0 |  1232043218 |       0 |      0 |         0 
 159834 Thread 57 - PartitionProcessorThre...1de-904a-918a9f88ff95-2-3 |  1284000 |   440000 |   520248387 |  16822985628 |         0 |      0 |  1379833153 | 2912429 |      0 |         0 
 159835 Thread 58 - PartitionProcessorThre...1de-904a-918a9f88ff95-2-4 |  1266000 |   430000 |   511364430 |  16549598343 |         0 |      0 |  1322015028 |       0 |      0 |         0 
 159836 Thread 59 - PartitionProcessorThre...1de-904a-918a9f88ff95-2-5 |  1204000 |   467000 |   503258418 |  16305189011 |         0 |      0 |  1318207333 |       0 |      0 |         0 
 159837 Thread 60 - PartitionProcessorThre...1de-904a-918a9f88ff95-2-6 |  1209000 |   424000 |   492005633 |  15934897332 |         0 |      0 |  1291312075 |       0 |      0 |         0 
 159838 Thread 61 - PartitionProcessorThre...1de-904a-918a9f88ff95-2-7 |  1228000 |   480000 |   515213926 |  16667280269 |         0 |      0 |  1259813501 |       0 |      0 |         0 
 159839 Thread 62 - PartitionProcessorThre...1de-904a-918a9f88ff95-2-8 |  1237000 |   412000 |   496644825 |  16090936460 |         0 |      0 |  1397130941 |       0 |      0 |         0 
 159840 Thread 63 - PartitionProcessorThre...1de-904a-918a9f88ff95-2-9 |  1270000 |   449000 |   518212254 |  16773972500 |         0 |      0 |  1413577070 |       0 |      0 |         0 
 159841 Thread 64 - PartitionProcessorThre...de-904a-918a9f88ff95-2-10 |  1242000 |   492000 |   522741375 |  16919976371 |         0 |      0 |  1302738040 |       0 |      0 |         0 
 159842 Thread 65 - PartitionProcessorThre...de-904a-918a9f88ff95-2-11 |  1183000 |   441000 |   489683243 |  15846943406 |         0 |      0 |  1190629824 |       0 |      0 |         0 
 159843 Thread 66 - PartitionProcessorThre...de-904a-918a9f88ff95-2-12 |  1170000 |   460000 |   490814598 |  15905290749 |         0 |      0 |  1183347245 |       0 |      0 |         0 
 159844 Thread 67 - PartitionProcessorThre...de-904a-918a9f88ff95-2-13 |  1259000 |   453000 |   516320051 |  16705513023 |         0 |      0 |  1357932115 |       0 |      0 |         0 
 159845 Thread 68 - PartitionProcessorThre...de-904a-918a9f88ff95-2-14 |  1191000 |   458000 |   497578184 |  16090860687 |         0 |      0 |  1412944490 |       0 |      0 |         0 
 159846 Thread 69 - PartitionProcessorThre...de-904a-918a9f88ff95-2-15 |  1247000 |   448000 |   511047985 |  16539890855 |      1024 |      0 |  1405891555 |       0 |      0 |         0 
 159847 Thread 70 - PartitionProcessorThre...de-904a-918a9f88ff95-2-16 |  1247000 |   449000 |   511677805 |  16549624800 |         0 |      0 |  1319907733 |       0 |      0 |         0 
 159848 Thread 71 - PartitionProcessorThre...de-904a-918a9f88ff95-2-17 |  1268000 |   468000 |   523409391 |  16939901710 |         0 |      0 |  1252738976 |       0 |      0 |         0 
 159849 Thread 72 - PartitionProcessorThre...de-904a-918a9f88ff95-2-18 |  1279000 |   473000 |   528829719 |  17097044488 |         0 |      0 |  1330742357 |       0 |      0 |         0 
 159850 Thread 73 - PartitionProcessorThre...de-904a-918a9f88ff95-2-19 |  1160000 |   441000 |   483134313 |  15622877437 |         0 |      0 |  1348037758 |       0 |      0 |         0 
 160233 Thread 74 - process reaper                                     |     2000 |     1000 |      932746 |     29327035 |      2048 |      0 |           0 |       0 |      0 |         0 
 160239 Thread 75 - Attach Listener                                    |   361000 |    96000 |   139183932 |   4465979217 |   5304320 | 210944 |     1476447 |       0 |      0 |         0 
