                                 Task                                 |  utime   |  stime   |     rss     |     vmem     |   read    | write  |    d:cpu    |  d:bio  | d:swap | d:reclaim 
 82414 Thread 1 - main                                                |   835000 |   164000 |    65160959 |   7653902341 |  34258944 |   1024 |    15423855 |       0 |      0 |         0 
 82436 Thread 2 - Reference Handler                                   |     6000 |     1000 |      709699 |     57263050 |         0 |      0 |      538912 |       0 |      0 |         0 
 82437 Thread 3 - Finalizer                                           |     8000 |     2000 |     1224359 |     82006140 |      5120 |      0 |      284805 |       0 |      0 |         0 
 82438 Thread 4 - Surrogate Locker Thread (Concurrent GC)             |     1000 |        0 |       26703 |      7163285 |         0 |      0 |           0 |       0 |      0 |         0 
 82439 Thread 5 - Signal Dispatcher                                   |        0 |        0 |           0 |            0 |         0 |      0 |           0 |       0 |      0 |         0 
 82447 Thread 12 - RMI Scheduler(0)                                   |     3000 |        0 |      665320 |     27276273 |      4096 |      0 |     3949251 |       0 |      0 |         0 
 82448 Thread 13 - RMI RenewClean-[10.231.182.152:35291]              |        0 |        0 |           0 |            0 |      1024 |      0 |       12966 |       0 |      0 |         0 
 82449 Thread 14 - GC Daemon                                          |        0 |        0 |           0 |            0 |         0 |      0 |           0 |       0 |      0 |         0 
 82451 Thread 15 - DecatonSubscriptionThread-decaton-benchmark        | 28706000 | 30697000 | 17409281586 | 578634066234 | 574730240 | 135168 | 15966265503 | 2377128 |      0 |         0 
 82455 Thread 16 - kafka-coordinator-hear...hread | decaton-benchmark |   251000 |    44000 |    86655190 |   2873996714 |   4986880 |   5120 |    31249461 | 3813879 |      0 |         0 
 82458 Thread 17 - PartitionProcessorThre...9d7-9c25-fe9032137029-2-0 |  1258000 |   432000 |   491707309 |  16468465889 |     36864 |      0 |  1773304834 |       0 |      0 |         0 
 82459 Thread 18 - PartitionProcessorThre...9d7-9c25-fe9032137029-2-1 |  1290000 |   382000 |   487359207 |  16299640729 |         0 |      0 |  1438738591 |       0 |      0 |         0 
 82460 Thread 19 - PartitionProcessorThre...9d7-9c25-fe9032137029-2-2 |  1318000 |   401000 |   501350719 |  16754676025 |         0 |      0 |  1689760075 |       0 |      0 |         0 
 82461 Thread 20 - PartitionProcessorThre...9d7-9c25-fe9032137029-2-3 |  1262000 |   422000 |   493827688 |  16421865236 |         0 |      0 |  1745479453 |       0 |      0 |         0 
 82462 Thread 21 - PartitionProcessorThre...9d7-9c25-fe9032137029-2-4 |  1278000 |   422000 |   495223199 |  16572183197 |         0 |      0 |  1732446821 |       0 |      0 |         0 
 82463 Thread 22 - PartitionProcessorThre...9d7-9c25-fe9032137029-2-5 |  1208000 |   421000 |   476334301 |  15885169631 |         0 |      0 |  1574761886 |       0 |      0 |         0 
 82464 Thread 23 - PartitionProcessorThre...9d7-9c25-fe9032137029-2-6 |  1322000 |   393000 |   500233578 |  16718351728 |      3072 |      0 |  1485693976 |       0 |      0 |         0 
 82465 Thread 24 - PartitionProcessorThre...9d7-9c25-fe9032137029-2-7 |  1288000 |   452000 |   509154356 |  16965757146 |         0 |      0 |  1483532981 |       0 |      0 |         0 
 82466 Thread 25 - PartitionProcessorThre...9d7-9c25-fe9032137029-2-8 |  1280000 |   403000 |   492297578 |  16410119990 |         0 |      0 |  1513508083 |       0 |      0 |         0 
 82467 Thread 26 - PartitionProcessorThre...9d7-9c25-fe9032137029-2-9 |  1222000 |   411000 |   479613961 |  15926978147 |         0 |      0 |  1583609082 |       0 |      0 |         0 
 82468 Thread 27 - PartitionProcessorThre...d7-9c25-fe9032137029-2-10 |  1290000 |   440000 |   503857785 |  16865102912 |         0 |      0 |  1599080614 |       0 |      0 |         0 
 82469 Thread 28 - PartitionProcessorThre...d7-9c25-fe9032137029-2-11 |  1280000 |   411000 |   494554360 |  16488236174 |         0 |      0 |  1702635756 |       0 |      0 |         0 
 82470 Thread 29 - PartitionProcessorThre...d7-9c25-fe9032137029-2-12 |  1297000 |   387000 |   492572067 |  16420737283 |         0 |      0 |  1441717418 |       0 |      0 |         0 
 82471 Thread 30 - PartitionProcessorThre...d7-9c25-fe9032137029-2-13 |  1268000 |   446000 |   502484235 |  16713227904 |         0 |      0 |  1481790789 |       0 |      0 |         0 
 82472 Thread 31 - PartitionProcessorThre...d7-9c25-fe9032137029-2-14 |  1334000 |   400000 |   506345836 |  16907880736 |         0 |      0 |  1706232885 |       0 |      0 |         0 
 82473 Thread 32 - PartitionProcessorThre...d7-9c25-fe9032137029-2-15 |  1250000 |   397000 |   480981262 |  16057981205 |         0 |      0 |  1656121454 |       0 |      0 |         0 
 82474 Thread 33 - PartitionProcessorThre...d7-9c25-fe9032137029-2-16 |  1321000 |   459000 |   522814402 |  17362262498 |         0 |      0 |  1755543713 |       0 |      0 |         0 
 82475 Thread 34 - PartitionProcessorThre...d7-9c25-fe9032137029-2-17 |  1312000 |   402000 |   500804238 |  16712500861 |         0 |      0 |  1577156788 |       0 |      0 |         0 
 82476 Thread 35 - PartitionProcessorThre...d7-9c25-fe9032137029-2-18 |  1363000 |   436000 |   523212152 |  17540369517 |      1024 |      0 |  1761635747 |       0 |      0 |         0 
 82477 Thread 36 - PartitionProcessorThre...d7-9c25-fe9032137029-2-19 |  1303000 |   390000 |   496229547 |  16511129459 |         0 |      0 |  1794163710 |       0 |      0 |         0 
 82478 Thread 37 - PartitionProcessorThre...9d7-9c25-fe9032137029-1-0 |  1230000 |   427000 |   487598172 |  16169168803 |         0 |      0 |  1558160614 |       0 |      0 |         0 
 82479 Thread 38 - PartitionProcessorThre...9d7-9c25-fe9032137029-1-1 |  1230000 |   436000 |   491239633 |  16257283080 |         0 |      0 |  1697432325 |  537129 |      0 |         0 
 82480 Thread 39 - PartitionProcessorThre...9d7-9c25-fe9032137029-1-2 |  1269000 |   451000 |   507590074 |  16784346830 |         0 |      0 |  1619602302 |       0 |      0 |         0 
 82481 Thread 40 - PartitionProcessorThre...9d7-9c25-fe9032137029-1-3 |  1219000 |   385000 |   472854579 |  15652514334 |         0 |      0 |  1540874721 |       0 |      0 |         0 
 82482 Thread 41 - PartitionProcessorThre...9d7-9c25-fe9032137029-1-4 |  1234000 |   440000 |   492723246 |  16335596752 |         0 |      0 |  1740773626 |       0 |      0 |         0 
 82483 Thread 42 - PartitionProcessorThre...9d7-9c25-fe9032137029-1-5 |  1212000 |   447000 |   488896453 |  16189251850 |         0 |      0 |  1756880655 |       0 |      0 |         0 
 82484 Thread 43 - PartitionProcessorThre...9d7-9c25-fe9032137029-1-6 |  1199000 |   451000 |   486197512 |  16100888440 |         0 |      0 |  1637131851 |       0 |      0 |         0 
 82485 Thread 44 - PartitionProcessorThre...9d7-9c25-fe9032137029-1-7 |  1291000 |   446000 |   513654363 |  16950146732 |         0 |      0 |  1682375761 |       0 |      0 |         0 
 82486 Thread 45 - PartitionProcessorThre...9d7-9c25-fe9032137029-1-8 |  1202000 |   427000 |   480854039 |  15896192983 |         0 |      0 |  1488612580 |       0 |      0 |         0 
 82487 Thread 46 - PartitionProcessorThre...9d7-9c25-fe9032137029-1-9 |  1265000 |   426000 |   498094934 |  16501014271 |         0 |      0 |  1529752968 |       0 |      0 |         0 
 82488 Thread 47 - PartitionProcessorThre...d7-9c25-fe9032137029-1-10 |  1206000 |   438000 |   484782356 |  16042469994 |         0 |      0 |  1858606228 |       0 |      0 |         0 
 82489 Thread 48 - PartitionProcessorThre...d7-9c25-fe9032137029-1-11 |  1176000 |   476000 |   487519778 |  16120563549 |         0 |      0 |  1634154116 |       0 |      0 |         0 
 82490 Thread 49 - PartitionProcessorThre...d7-9c25-fe9032137029-1-12 |  1291000 |   389000 |   495119864 |  16394043861 |         0 |      0 |  1710605612 |       0 |      0 |         0 
 82491 Thread 50 - PartitionProcessorThre...d7-9c25-fe9032137029-1-13 |  1186000 |   433000 |   478168477 |  15798849225 |         0 |      0 |  1675596289 |       0 |      0 |         0 
 82492 Thread 51 - PartitionProcessorThre...d7-9c25-fe9032137029-1-14 |  1227000 |   408000 |   483054157 |  15955089272 |         0 |      0 |  1642743871 |       0 |      0 |         0 
 82493 Thread 52 - PartitionProcessorThre...d7-9c25-fe9032137029-1-15 |  1258000 |   400000 |   489072668 |  16179192861 |         0 |      0 |  1623797671 |       0 |      0 |         0 
 82494 Thread 53 - PartitionProcessorThre...d7-9c25-fe9032137029-1-16 |  1196000 |   442000 |   483078942 |  15984564604 |         0 |      0 |  1506053553 |       0 |      0 |         0 
 82495 Thread 54 - PartitionProcessorThre...d7-9c25-fe9032137029-1-17 |  1238000 |   467000 |   503429856 |  16638733127 |  10831872 |      0 |  1580933404 |       0 |      0 |         0 
 82496 Thread 55 - PartitionProcessorThre...d7-9c25-fe9032137029-1-18 |  1221000 |   394000 |   475231200 |  15759466147 |         0 |      0 |  1396738392 |       0 |      0 |         0 
 82497 Thread 56 - PartitionProcessorThre...d7-9c25-fe9032137029-1-19 |  1254000 |   430000 |   496551180 |  16432585697 |      1024 |      0 |  1665432189 |       0 |      0 |         0 
 82498 Thread 57 - PartitionProcessorThre...9d7-9c25-fe9032137029-0-0 |  1309000 |   416000 |   509818547 |  16833299599 |         0 |      0 |  1592061563 |       0 |      0 |         0 
 82499 Thread 58 - PartitionProcessorThre...9d7-9c25-fe9032137029-0-1 |  1258000 |   426000 |   497579711 |  16433145951 |         0 |      0 |  1467449501 |       0 |      0 |         0 
 82500 Thread 59 - PartitionProcessorThre...9d7-9c25-fe9032137029-0-2 |  1225000 |   405000 |   481524492 |  15905901283 |         0 |      0 |  1716733175 |       0 |      0 |         0 
 82501 Thread 60 - PartitionProcessorThre...9d7-9c25-fe9032137029-0-3 |  1244000 |   402000 |   487181395 |  16062049815 |         0 |      0 |  1752617148 |       0 |      0 |         0 
 82502 Thread 61 - PartitionProcessorThre...9d7-9c25-fe9032137029-0-4 |  1313000 |   457000 |   523691895 |  17272090927 |         0 |      0 |  1756016877 |       0 |      0 |         0 
 82503 Thread 62 - PartitionProcessorThre...9d7-9c25-fe9032137029-0-5 |  1230000 |   429000 |   491509774 |  16189099873 |         0 |      0 |  1744312018 |       0 |      0 |         0 
 82504 Thread 63 - PartitionProcessorThre...9d7-9c25-fe9032137029-0-6 |  1203000 |   420000 |   479335434 |  15837952319 |         0 |      0 |  1707925035 |       0 |      0 |         0 
 82505 Thread 64 - PartitionProcessorThre...9d7-9c25-fe9032137029-0-7 |  1186000 |   414000 |   472584422 |  15613375010 |         0 |      0 |  1598779913 |       0 |      0 |         0 
 82506 Thread 65 - PartitionProcessorThre...9d7-9c25-fe9032137029-0-8 |  1189000 |   414000 |   472945215 |  15642579061 |         0 |      0 |  1661250838 |       0 |      0 |         0 
 82507 Thread 66 - PartitionProcessorThre...9d7-9c25-fe9032137029-0-9 |  1239000 |   420000 |   490230000 |  16188778037 |         0 |      0 |  1762401433 |       0 |      0 |         0 
 82508 Thread 67 - PartitionProcessorThre...d7-9c25-fe9032137029-0-10 |  1188000 |   463000 |   487141422 |  16111131654 |         0 |      0 |  1735860711 |       0 |      0 |         0 
 82509 Thread 68 - PartitionProcessorThre...d7-9c25-fe9032137029-0-11 |  1237000 |   418000 |   489374211 |  16150036889 |         0 |      0 |  1671840591 |       0 |      0 |         0 
 82510 Thread 69 - PartitionProcessorThre...d7-9c25-fe9032137029-0-12 |  1278000 |   387000 |   492114348 |  16247638275 |         0 |      0 |  1769313695 |       0 |      0 |         0 
 82511 Thread 70 - PartitionProcessorThre...d7-9c25-fe9032137029-0-13 |  1271000 |   447000 |   508396735 |  16764724389 |         0 |      0 |  1772109335 |       0 |      0 |         0 
 82512 Thread 71 - PartitionProcessorThre...d7-9c25-fe9032137029-0-14 |  1125000 |   412000 |   453857751 |  14998551936 |         0 |      0 |  1832881107 |       0 |      0 |         0 
 82513 Thread 72 - PartitionProcessorThre...d7-9c25-fe9032137029-0-15 |  1177000 |   477000 |   488911520 |  16140275354 |         0 |      0 |  1541904055 |       0 |      0 |         0 
 82514 Thread 73 - PartitionProcessorThre...d7-9c25-fe9032137029-0-16 |  1232000 |   436000 |   493212637 |  16277006475 |         0 |      0 |  1455753435 |       0 |      0 |         0 
 82515 Thread 74 - PartitionProcessorThre...d7-9c25-fe9032137029-0-17 |  1256000 |   413000 |   493007692 |  16286704584 |         0 |      0 |  1759090353 |       0 |      0 |         0 
 82516 Thread 75 - PartitionProcessorThre...d7-9c25-fe9032137029-0-18 |  1211000 |   378000 |   468729215 |  15506040600 |         0 |      0 |  1650732762 |       0 |      0 |         0 
 82517 Thread 76 - PartitionProcessorThre...d7-9c25-fe9032137029-0-19 |  1135000 |   422000 |   460392289 |  15193706342 |         0 |      0 |  1137114101 |       0 |      0 |         0 
 83057 Thread 77 - process reaper                                     |     1000 |     1000 |      639089 |     19576679 |         0 |      0 |           0 |       0 |      0 |         0 
 83063 Thread 78 - Attach Listener                                    |   421000 |   102000 |   158444171 |   5112233276 |   5144576 | 145408 |     4888406 |  595162 |      0 |         0 
