                                 Task                                  |  utime   |  stime   |     rss     |     vmem     |   read    | write  |    d:cpu    | d:bio  | d:swap | d:reclaim 
 131557 Thread 1 - main                                                |   803000 |   155000 |    63823888 |   7353967517 |  34339840 |   1024 |     4531834 |      0 |      0 |         0 
 131579 Thread 2 - Reference Handler                                   |     4000 |     1000 |      472414 |     40096179 |         0 |      0 |     1025553 |      0 |      0 |         0 
 131580 Thread 3 - Finalizer                                           |     5000 |     1000 |      530785 |     47571109 |      5120 |      0 |     1508297 |      0 |      0 |         0 
 131581 Thread 4 - Surrogate Locker Thread (Concurrent GC)             |        0 |     1000 |      313531 |      9785464 |         0 |      0 |        3746 |      0 |      0 |         0 
 131582 Thread 5 - Signal Dispatcher                                   |        0 |        0 |           0 |            0 |         0 |      0 |           0 |      0 |      0 |         0 
 131590 Thread 12 - RMI Scheduler(0)                                   |     3000 |        0 |      673953 |     27278332 |      4096 |      0 |      307192 |      0 |      0 |         0 
 131591 Thread 13 - RMI RenewClean-[10.231.182.152:45366]              |        0 |        0 |           0 |            0 |      1024 |      0 |           0 |      0 |      0 |         0 
 131592 Thread 14 - GC Daemon                                          |     1000 |        0 |       82785 |      7829261 |         0 |      0 |           0 |      0 |      0 |         0 
 131595 Thread 15 - DecatonSubscriptionThread-decaton-benchmark        | 28777000 | 37965000 | 20028361898 | 650500130643 | 623929344 | 126976 | 20778071758 | 134839 |      0 |         0 
 131596 Thread 16 - kafka-coordinator-hear...hread | decaton-benchmark |   180000 |    74000 |    75733558 |   2478834542 |   7031808 |   5120 |    28818772 | 250977 |      0 |  37926253 
 131601 Thread 17 - PartitionProcessorThre...a8e-9572-4f496e50133f-1-0 |  1449000 |   454000 |   561146866 |  18535211503 |     37888 |      0 |  1198401984 |      0 |      0 |         0 
 131602 Thread 18 - PartitionProcessorThre...a8e-9572-4f496e50133f-1-1 |  1424000 |   500000 |   574102070 |  18764377608 |         0 |      0 |  1311339418 |      0 |      0 |         0 
 131603 Thread 19 - PartitionProcessorThre...a8e-9572-4f496e50133f-1-2 |  1420000 |   496000 |   568674511 |  18681388136 |      1024 |      0 |  1138843082 |      0 |      0 |         0 
 131604 Thread 20 - PartitionProcessorThre...a8e-9572-4f496e50133f-1-3 |  1357000 |   456000 |   538681910 |  17675462417 |      5120 |      0 |  1196604463 |      0 |      0 |         0 
 131605 Thread 21 - PartitionProcessorThre...a8e-9572-4f496e50133f-1-4 |  1377000 |   475000 |   551008671 |  18061108690 |         0 |      0 |  1223068248 |      0 |      0 |         0 
 131606 Thread 22 - PartitionProcessorThre...a8e-9572-4f496e50133f-1-5 |  1423000 |   495000 |   571290870 |  18703646686 |         0 |      0 |  1336834861 |      0 |      0 |         0 
 131607 Thread 23 - PartitionProcessorThre...a8e-9572-4f496e50133f-1-6 |  1440000 |   449000 |   563641316 |  18423896753 |         0 |      0 |  1402790393 |      0 |      0 |         0 
 131608 Thread 24 - PartitionProcessorThre...a8e-9572-4f496e50133f-1-7 |  1447000 |   472000 |   570047187 |  18713062280 |         0 |      0 |  1459537303 |      0 |      0 |         0 
 131609 Thread 25 - PartitionProcessorThre...a8e-9572-4f496e50133f-1-8 |  1408000 |   477000 |   560632695 |  18382651710 |         0 |      0 |  1316026843 |      0 |      0 |         0 
 131610 Thread 26 - PartitionProcessorThre...a8e-9572-4f496e50133f-1-9 |  1346000 |   440000 |   534381050 |  17424052948 |         0 |      0 |  1270220714 |      0 |      0 |         0 
 131611 Thread 27 - PartitionProcessorThre...8e-9572-4f496e50133f-1-10 |  1360000 |   424000 |   529148964 |  17393765124 |         0 |      0 |  1458738202 |      0 |      0 |         0 
 131612 Thread 28 - PartitionProcessorThre...8e-9572-4f496e50133f-1-11 |  1422000 |   451000 |   556214554 |  18262582194 |         0 |      0 |  1242077176 |      0 |      0 |         0 
 131613 Thread 29 - PartitionProcessorThre...8e-9572-4f496e50133f-1-12 |  1310000 |   428000 |   517485418 |  16950588163 |         0 |      0 |  1297319826 |      0 |      0 |         0 
 131614 Thread 30 - PartitionProcessorThre...8e-9572-4f496e50133f-1-13 |  1399000 |   472000 |   558092542 |  18246829374 |         0 |      0 |  1298604049 |      0 |      0 |         0 
 131615 Thread 31 - PartitionProcessorThre...8e-9572-4f496e50133f-1-14 |  1347000 |   454000 |   537299050 |  17564294987 |         0 |      0 |  1370170726 |      0 |      0 |         0 
 131616 Thread 32 - PartitionProcessorThre...8e-9572-4f496e50133f-1-15 |  1362000 |   461000 |   543431890 |  17780396331 |         0 |      0 |  1208467226 |      0 |      0 |         0 
 131617 Thread 33 - PartitionProcessorThre...8e-9572-4f496e50133f-1-16 |  1415000 |   436000 |   551806113 |  18051768265 |         0 |      0 |  1269589351 |      0 |      0 |         0 
 131618 Thread 34 - PartitionProcessorThre...8e-9572-4f496e50133f-1-17 |  1425000 |   461000 |   561881675 |  18394495155 |         0 |      0 |  1185017908 |      0 |      0 |         0 
 131619 Thread 35 - PartitionProcessorThre...8e-9572-4f496e50133f-1-18 |  1339000 |   415000 |   520750527 |  17103089769 |         0 |      0 |  1206858161 |      0 |      0 |         0 
 131620 Thread 36 - PartitionProcessorThre...8e-9572-4f496e50133f-1-19 |  1307000 |   502000 |   538576164 |  17641824437 |         0 |      0 |  1200770361 |      0 |      0 |         0 
 131635 Thread 37 - PartitionProcessorThre...a8e-9572-4f496e50133f-2-0 |  1399000 |   462000 |   559163218 |  18163386257 |         0 |      0 |  1431533645 |      0 |      0 |         0 
 131636 Thread 38 - PartitionProcessorThre...a8e-9572-4f496e50133f-2-1 |  1316000 |   484000 |   540206125 |  17568356605 |         0 |      0 |  1330730458 |      0 |      0 |         0 
 131637 Thread 39 - PartitionProcessorThre...a8e-9572-4f496e50133f-2-2 |  1368000 |   446000 |   544571691 |  17705584409 |         0 |      0 |  1453054651 |      0 |      0 |         0 
 131638 Thread 40 - PartitionProcessorThre...a8e-9572-4f496e50133f-2-3 |  1371000 |   499000 |   562351398 |  18251857964 |         0 |      0 |  1263720488 |      0 |      0 |         0 
 131639 Thread 41 - PartitionProcessorThre...a8e-9572-4f496e50133f-2-4 |  1416000 |   441000 |   560164644 |  18125294175 |         0 |      0 |  1308380084 |      0 |      0 |         0 
 131640 Thread 42 - PartitionProcessorThre...a8e-9572-4f496e50133f-2-5 |  1344000 |   445000 |   538834152 |  17461583323 |         0 |      0 |  1222643365 |      0 |      0 |         0 
 131641 Thread 43 - PartitionProcessorThre...a8e-9572-4f496e50133f-2-6 |  1425000 |   466000 |   569528449 |  18457448011 |         0 |      0 |  1415407265 |      0 |      0 |         0 
 131642 Thread 44 - PartitionProcessorThre...a8e-9572-4f496e50133f-2-7 |  1420000 |   470000 |   569103999 |  18447615198 |         0 |      0 |  1182964019 |      0 |      0 |         0 
 131643 Thread 45 - PartitionProcessorThre...a8e-9572-4f496e50133f-2-8 |  1458000 |   427000 |   566312335 |  18398541448 |         0 |      0 |  1118277656 |      0 |      0 |         0 
 131644 Thread 46 - PartitionProcessorThre...a8e-9572-4f496e50133f-2-9 |  1379000 |   515000 |   571356773 |  18486536139 |         0 |      0 |  1276472451 |      0 |      0 |         0 
 131645 Thread 47 - PartitionProcessorThre...8e-9572-4f496e50133f-2-10 |  1380000 |   480000 |   559778066 |  18154330171 |         0 |      0 |  1205062718 |      0 |      0 |         0 
 131646 Thread 48 - PartitionProcessorThre...8e-9572-4f496e50133f-2-11 |  1432000 |   470000 |   572207554 |  18564706327 |         0 |      0 |  1228573084 |      0 |      0 |         0 
 131647 Thread 49 - PartitionProcessorThre...8e-9572-4f496e50133f-2-12 |  1332000 |   437000 |   532340375 |  17266215819 |         0 |      0 |  1408885511 |      0 |      0 |         0 
 131648 Thread 50 - PartitionProcessorThre...8e-9572-4f496e50133f-2-13 |  1390000 |   468000 |   557799128 |  18134981468 |         0 |      0 |  1354320861 |      0 |      0 |         0 
 131649 Thread 51 - PartitionProcessorThre...8e-9572-4f496e50133f-2-14 |  1440000 |   446000 |   567975054 |  18408269073 |         0 |      0 |  1250657860 |      0 |      0 |         0 
 131650 Thread 52 - PartitionProcessorThre...8e-9572-4f496e50133f-2-15 |  1361000 |   497000 |   558842839 |  18134542897 |         0 |      0 |  1313552692 |      0 |      0 |         0 
 131651 Thread 53 - PartitionProcessorThre...8e-9572-4f496e50133f-2-16 |  1274000 |   498000 |   533098300 |  17295172530 |         0 |      0 |  1545949835 |      0 |      0 |         0 
 131652 Thread 54 - PartitionProcessorThre...8e-9572-4f496e50133f-2-17 |  1428000 |   482000 |   574904593 |  18642895206 |      1024 |      0 |  1436126220 |      0 |      0 |         0 
 131653 Thread 55 - PartitionProcessorThre...8e-9572-4f496e50133f-2-18 |  1354000 |   469000 |   548907261 |  17793944101 |         0 |      0 |  1280474874 |      0 |      0 |         0 
 131654 Thread 56 - PartitionProcessorThre...8e-9572-4f496e50133f-2-19 |  1410000 |   475000 |   565165136 |  18398159499 |         0 |      0 |  1326588072 |      0 |      0 |         0 
 131655 Thread 57 - PartitionProcessorThre...a8e-9572-4f496e50133f-0-0 |  1419000 |   448000 |   562605003 |  18222847811 |         0 |      0 |  1176300421 |      0 |      0 |         0 
 131656 Thread 58 - PartitionProcessorThre...a8e-9572-4f496e50133f-0-1 |  1389000 |   428000 |   548147871 |  17735021999 |         0 |      0 |  1181229647 |      0 |      0 |         0 
 131657 Thread 59 - PartitionProcessorThre...a8e-9572-4f496e50133f-0-2 |  1336000 |   421000 |   531022472 |  17149940722 |         0 |      0 |  1044081330 |      0 |      0 |         0 
 131658 Thread 60 - PartitionProcessorThre...a8e-9572-4f496e50133f-0-3 |  1365000 |   425000 |   540851554 |  17471363132 |         0 |      0 |  1170187532 |      0 |      0 |         0 
 131659 Thread 61 - PartitionProcessorThre...a8e-9572-4f496e50133f-0-4 |  1304000 |   489000 |   541374617 |  17500712065 |         0 |      0 |  1036608261 |      0 |      0 |         0 
 131660 Thread 62 - PartitionProcessorThre...a8e-9572-4f496e50133f-0-5 |  1293000 |   486000 |   537249066 |  17363659253 |         0 |      0 |  1223407464 |      0 |      0 |         0 
 131661 Thread 63 - PartitionProcessorThre...a8e-9572-4f496e50133f-0-6 |  1389000 |   495000 |   568022007 |  18388233694 |         0 |      0 |  1123101073 |      0 |      0 |         0 
 131662 Thread 64 - PartitionProcessorThre...a8e-9572-4f496e50133f-0-7 |  1314000 |   454000 |   532170488 |  17256056800 |         0 |      0 |  1145310497 |      0 |      0 |         0 
 131663 Thread 65 - PartitionProcessorThre...a8e-9572-4f496e50133f-0-8 |  1372000 |   474000 |   556989144 |  18017613077 |         0 |      0 |  1133899457 |      0 |      0 |         0 
 131664 Thread 66 - PartitionProcessorThre...a8e-9572-4f496e50133f-0-9 |  1293000 |   459000 |   528715562 |  17100207288 |         0 |      0 |  1158794304 |      0 |      0 |         0 
 131665 Thread 67 - PartitionProcessorThre...8e-9572-4f496e50133f-0-10 |  1404000 |   465000 |   563875909 |  18242839065 |         0 |      0 |  1207505218 |      0 |      0 |         0 
 131666 Thread 68 - PartitionProcessorThre...8e-9572-4f496e50133f-0-11 |  1380000 |   437000 |   548436390 |  17734647690 |         0 |      0 |  1151414442 |      0 |      0 |         0 
 131667 Thread 69 - PartitionProcessorThre...8e-9572-4f496e50133f-0-12 |  1357000 |   457000 |   547555343 |  17705716776 |         0 |      0 |  1216776900 |      0 |      0 |         0 
 131668 Thread 70 - PartitionProcessorThre...8e-9572-4f496e50133f-0-13 |  1354000 |   467000 |   549142085 |  17773906495 |         0 |      0 |  1251577355 |      0 |      0 |         0 
 131669 Thread 71 - PartitionProcessorThre...8e-9572-4f496e50133f-0-14 |  1366000 |   474000 |   553306117 |  17958809940 |         0 |      0 |  1188283201 |      0 |      0 |         0 
 131670 Thread 72 - PartitionProcessorThre...8e-9572-4f496e50133f-0-15 |  1350000 |   455000 |   544576581 |  17618067690 |         0 |      0 |  1170671402 |      0 |      0 |         0 
 131671 Thread 73 - PartitionProcessorThre...8e-9572-4f496e50133f-0-16 |  1377000 |   476000 |   558642968 |  18086490222 |         0 |      0 |  1054420505 |      0 |      0 |         0 
 131672 Thread 74 - PartitionProcessorThre...8e-9572-4f496e50133f-0-17 |  1450000 |   499000 |   587355745 |  19023646585 |         0 |      0 |  1334834803 |      0 |      0 |         0 
 131673 Thread 75 - PartitionProcessorThre...8e-9572-4f496e50133f-0-18 |  1425000 |   502000 |   581711073 |  18809270034 |         0 |      0 |  1307877420 |      0 |      0 |         0 
 131674 Thread 76 - PartitionProcessorThre...8e-9572-4f496e50133f-0-19 |  1342000 |   449000 |   539115964 |  17481181917 |         0 |      0 |  1175635534 |      0 |      0 |         0 
 132094 Thread 77 - process reaper                                     |     2000 |        0 |      626328 |     19572492 |         0 |      0 |           0 |      0 |      0 |         0 
 132099 Thread 78 - Attach Listener                                    |   443000 |   101000 |   168244451 |   5317368065 |   4931584 | 251904 |     2962908 |      0 |      0 |         0 
