                                 Task                                  |  utime   |  stime   |     rss     |     vmem     |   read    | write  |    d:cpu    | d:bio  | d:swap | d:reclaim 
 128711 Thread 1 - main                                                |   951000 |   176000 |    72843450 |   8590779798 |  34331648 |   1024 |    12974002 |      0 |      0 |         0 
 128733 Thread 2 - Reference Handler                                   |    10000 |        0 |     1263519 |     83398304 |         0 |      0 |      943058 |      0 |      0 |         0 
 128734 Thread 3 - Finalizer                                           |    10000 |        0 |      864230 |     78601749 |     13312 |      0 |     1592284 |      0 |      0 |         0 
 128735 Thread 4 - Surrogate Locker Thread (Concurrent GC)             |        0 |        0 |           0 |            0 |         0 |      0 |      100552 |      0 |      0 |         0 
 128736 Thread 5 - Signal Dispatcher                                   |        0 |     1000 |      311570 |      9760765 |         0 |      0 |       92630 |      0 |      0 |         0 
 128750 Thread 12 - RMI Scheduler(0)                                   |     1000 |     1000 |      392667 |     17520792 |      4096 |      0 |       48630 |      0 |      0 |         0 
 128751 Thread 13 - RMI RenewClean-[10.231.182.152:42290]              |     1000 |        0 |       82867 |      7893261 |      1024 |      0 |           0 |      0 |      0 |         0 
 128752 Thread 14 - GC Daemon                                          |        0 |     1000 |       82863 |      7893261 |         0 |      0 |       13359 |      0 |      0 |         0 
 128754 Thread 15 - DecatonSubscriptionThread-decaton-benchmark        | 25201000 | 34381000 | 18154293816 | 580448387738 | 572530688 | 138240 | 19033338540 | 161136 |      0 |         0 
 128757 Thread 16 - kafka-coordinator-hear...hread | decaton-benchmark |   191000 |    47000 |    70612589 |   2306915565 |   7168000 |   5120 |    49522881 | 366592 |      0 |         0 
 128760 Thread 17 - PartitionProcessorThre...36f-95b9-f5252a2e0a95-0-0 |  1278000 |   430000 |   515953613 |  16645429581 |     40960 |      0 |  1257440049 |      0 |      0 |         0 
 128761 Thread 18 - PartitionProcessorThre...36f-95b9-f5252a2e0a95-0-1 |  1263000 |   392000 |   503015577 |  16142694902 |      1024 |      0 |  1136035831 |      0 |      0 |         0 
 128762 Thread 19 - PartitionProcessorThre...36f-95b9-f5252a2e0a95-0-2 |  1282000 |   382000 |   503418671 |  16226344585 |         0 |      0 |  1452426242 |      0 |      0 |         0 
 128763 Thread 20 - PartitionProcessorThre...36f-95b9-f5252a2e0a95-0-3 |  1175000 |   430000 |   485546367 |  15648317191 |         0 |      0 |  1168467509 |      0 |      0 |         0 
 128764 Thread 21 - PartitionProcessorThre...36f-95b9-f5252a2e0a95-0-4 |  1257000 |   401000 |   500700042 |  16166751824 |         0 |      0 |  1120109651 |      0 |      0 |         0 
 128765 Thread 22 - PartitionProcessorThre...36f-95b9-f5252a2e0a95-0-5 |  1160000 |   433000 |   482167167 |  15536004667 |         0 |      0 |  1108621806 |      0 |      0 |         0 
 128766 Thread 23 - PartitionProcessorThre...36f-95b9-f5252a2e0a95-0-6 |  1122000 |   428000 |   468535804 |  15116907871 |         0 |      0 |  1229762402 |      0 |      0 |         0 
 128767 Thread 24 - PartitionProcessorThre...36f-95b9-f5252a2e0a95-0-7 |  1197000 |   402000 |   481223089 |  15589214367 |         0 |      0 |  1198994875 |      0 |      0 |         0 
 128768 Thread 25 - PartitionProcessorThre...36f-95b9-f5252a2e0a95-0-8 |  1211000 |   380000 |   481957886 |  15514206898 |         0 |      0 |   996576121 |      0 |      0 |         0 
 128769 Thread 26 - PartitionProcessorThre...36f-95b9-f5252a2e0a95-0-9 |  1366000 |   417000 |   540810808 |  17388039085 |         0 |      0 |  1362172640 |      0 |      0 |         0 
 128770 Thread 27 - PartitionProcessorThre...6f-95b9-f5252a2e0a95-0-10 |  1210000 |   429000 |   495479183 |  15982284120 |         0 |      0 |  1400859044 |      0 |      0 |         0 
 128771 Thread 28 - PartitionProcessorThre...6f-95b9-f5252a2e0a95-0-11 |  1203000 |   423000 |   493641464 |  15856620890 |         0 |      0 |  1296669198 |      0 |      0 |         0 
 128772 Thread 29 - PartitionProcessorThre...6f-95b9-f5252a2e0a95-0-12 |  1253000 |   406000 |   498722507 |  16177321261 |         0 |      0 |  1463287516 |      0 |      0 |         0 
 128773 Thread 30 - PartitionProcessorThre...6f-95b9-f5252a2e0a95-0-13 |  1241000 |   401000 |   495325179 |  16012361550 |         0 |      0 |  1342089748 |      0 |      0 |         0 
 128774 Thread 31 - PartitionProcessorThre...6f-95b9-f5252a2e0a95-0-14 |  1300000 |   406000 |   513250874 |  16633818030 |         0 |      0 |  1490124698 |      0 |      0 |         0 
 128775 Thread 32 - PartitionProcessorThre...6f-95b9-f5252a2e0a95-0-15 |  1167000 |   413000 |   475824957 |  15403460402 |         0 |      0 |  1275790756 |      0 |      0 |         0 
 128776 Thread 33 - PartitionProcessorThre...6f-95b9-f5252a2e0a95-0-16 |  1137000 |   427000 |   473015769 |  15248850449 |         0 |      0 |  1347536244 |      0 |      0 |         0 
 128777 Thread 34 - PartitionProcessorThre...6f-95b9-f5252a2e0a95-0-17 |  1251000 |   396000 |   500521636 |  16062987831 |         0 |      0 |  1171496151 |      0 |      0 |         0 
 128778 Thread 35 - PartitionProcessorThre...6f-95b9-f5252a2e0a95-0-18 |  1182000 |   382000 |   474165031 |  15251534261 |         0 |      0 |  1297274431 |      0 |      0 |         0 
 128779 Thread 36 - PartitionProcessorThre...6f-95b9-f5252a2e0a95-0-19 |  1248000 |   414000 |   505466823 |  16210079824 |         0 |      0 |  1308436492 |      0 |      0 |         0 
 128780 Thread 37 - PartitionProcessorThre...36f-95b9-f5252a2e0a95-1-0 |  1190000 |   460000 |   503376019 |  16101077968 |         0 |      0 |  1238519494 |      0 |      0 |         0 
 128781 Thread 38 - PartitionProcessorThre...36f-95b9-f5252a2e0a95-1-1 |  1200000 |   442000 |   502175972 |  16022927550 |         0 |      0 |  1367408846 |      0 |      0 |         0 
 128782 Thread 39 - PartitionProcessorThre...36f-95b9-f5252a2e0a95-1-2 |  1232000 |   409000 |   499132167 |  16013256452 |         0 |      0 |  1419958467 |      0 |      0 |         0 
 128783 Thread 40 - PartitionProcessorThre...36f-95b9-f5252a2e0a95-1-3 |  1223000 |   401000 |   496957226 |  15847044175 |         0 |      0 |  1284451222 |      0 |      0 |         0 
 128784 Thread 41 - PartitionProcessorThre...36f-95b9-f5252a2e0a95-1-4 |  1293000 |   464000 |   538747038 |  17145062605 |         0 |      0 |  1194666503 |      0 |      0 |         0 
 128785 Thread 42 - PartitionProcessorThre...36f-95b9-f5252a2e0a95-1-5 |  1193000 |   429000 |   496921085 |  15827859027 |         0 |      0 |  1289865912 |      0 |      0 |         0 
 128786 Thread 43 - PartitionProcessorThre...36f-95b9-f5252a2e0a95-1-6 |  1217000 |   424000 |   501749640 |  16012985699 |         0 |      0 |  1271941194 |      0 |      0 |         0 
 128787 Thread 44 - PartitionProcessorThre...36f-95b9-f5252a2e0a95-1-7 |  1266000 |   409000 |   512044960 |  16344906261 |         0 |      0 |  1472711842 |      0 |      0 |         0 
 128788 Thread 45 - PartitionProcessorThre...36f-95b9-f5252a2e0a95-1-8 |  1307000 |   467000 |   541686655 |  17311024620 |         0 |      0 |  1471173391 |      0 |      0 |         0 
 128789 Thread 46 - PartitionProcessorThre...36f-95b9-f5252a2e0a95-1-9 |  1225000 |   423000 |   504583195 |  16081547187 |         0 |      0 |  1297843319 |      0 |      0 |         0 
 128790 Thread 47 - PartitionProcessorThre...6f-95b9-f5252a2e0a95-1-10 |  1200000 |   439000 |   500714378 |  15993847788 |         0 |      0 |  1141761642 |      0 |      0 |         0 
 128791 Thread 48 - PartitionProcessorThre...6f-95b9-f5252a2e0a95-1-11 |  1107000 |   452000 |   477768769 |  15213152543 |         0 |      0 |  1229502155 |      0 |      0 |         0 
 128792 Thread 49 - PartitionProcessorThre...6f-95b9-f5252a2e0a95-1-12 |  1199000 |   394000 |   486426070 |  15545103742 |         0 |      0 |  1367469982 |      0 |      0 |         0 
 128793 Thread 50 - PartitionProcessorThre...6f-95b9-f5252a2e0a95-1-13 |  1208000 |   431000 |   501512394 |  15993500562 |         0 |      0 |  1430167910 |      0 |      0 |         0 
 128794 Thread 51 - PartitionProcessorThre...6f-95b9-f5252a2e0a95-1-14 |  1189000 |   420000 |   491765339 |  15701090910 |      1024 |      0 |  1122258544 |      0 |      0 |         0 
 128795 Thread 52 - PartitionProcessorThre...6f-95b9-f5252a2e0a95-1-15 |  1133000 |   394000 |   466456121 |  14900686894 |         0 |      0 |  1184947990 |      0 |      0 |         0 
 128796 Thread 53 - PartitionProcessorThre...6f-95b9-f5252a2e0a95-1-16 |  1274000 |   371000 |   502456265 |  16052238659 |         0 |      0 |  1330976684 |      0 |      0 |         0 
 128797 Thread 54 - PartitionProcessorThre...6f-95b9-f5252a2e0a95-1-17 |  1216000 |   412000 |   495815999 |  15886097949 |         0 |      0 |  1224509634 |      0 |      0 |         0 
 128798 Thread 55 - PartitionProcessorThre...6f-95b9-f5252a2e0a95-1-18 |  1261000 |   405000 |   509124413 |  16257178515 |         0 |      0 |  1061008140 |      0 |      0 |         0 
 128799 Thread 56 - PartitionProcessorThre...6f-95b9-f5252a2e0a95-1-19 |  1245000 |   437000 |   513938628 |  16413032226 |         0 |      0 |  1208686666 |      0 |      0 |         0 
 128800 Thread 57 - PartitionProcessorThre...36f-95b9-f5252a2e0a95-2-0 |  1300000 |   411000 |   523379866 |  16696422964 |         0 |      0 |  1178159145 |      0 |      0 |         0 
 128801 Thread 58 - PartitionProcessorThre...36f-95b9-f5252a2e0a95-2-1 |  1229000 |   457000 |   517150120 |  16452547917 |         0 |      0 |  1176962102 |      0 |      0 |         0 
 128802 Thread 59 - PartitionProcessorThre...36f-95b9-f5252a2e0a95-2-2 |  1245000 |   404000 |   506293742 |  16091319706 |         0 |      0 |  1290116344 |      0 |      0 |         0 
 128803 Thread 60 - PartitionProcessorThre...36f-95b9-f5252a2e0a95-2-3 |  1144000 |   413000 |   478279507 |  15193826382 |         0 |      0 |  1273391411 |      0 |      0 |         0 
 128804 Thread 61 - PartitionProcessorThre...36f-95b9-f5252a2e0a95-2-4 |  1245000 |   453000 |   520349281 |  16569592655 |         0 |      0 |  1088177748 |      0 |      0 |         0 
 128805 Thread 62 - PartitionProcessorThre...36f-95b9-f5252a2e0a95-2-5 |  1267000 |   434000 |   522201144 |  16598711737 |         0 |      0 |  1314940163 |      0 |      0 |         0 
 128806 Thread 63 - PartitionProcessorThre...36f-95b9-f5252a2e0a95-2-6 |  1247000 |   427000 |   513155093 |  16335317960 |         0 |      0 |  1345111498 |      0 |      0 |         0 
 128807 Thread 64 - PartitionProcessorThre...36f-95b9-f5252a2e0a95-2-7 |  1139000 |   382000 |   466807765 |  14842230242 |         0 |      0 |  1104367162 |      0 |      0 |         0 
 128808 Thread 65 - PartitionProcessorThre...36f-95b9-f5252a2e0a95-2-8 |  1211000 |   409000 |   498077683 |  15808688851 |         0 |      0 |  1332897157 |      0 |      0 |         0 
 128809 Thread 66 - PartitionProcessorThre...36f-95b9-f5252a2e0a95-2-9 |  1178000 |   435000 |   493382585 |  15739734253 |         0 |      0 |  1209528577 |      0 |      0 |         0 
 128810 Thread 67 - PartitionProcessorThre...6f-95b9-f5252a2e0a95-2-10 |  1250000 |   445000 |   520175362 |  16540524538 |         0 |      0 |  1052563000 |      0 |      0 |         0 
 128811 Thread 68 - PartitionProcessorThre...6f-95b9-f5252a2e0a95-2-11 |  1226000 |   403000 |   498949437 |  15896167288 |         0 |      0 |  1353242137 |      0 |      0 |         0 
 128812 Thread 69 - PartitionProcessorThre...6f-95b9-f5252a2e0a95-2-12 |  1157000 |   423000 |   483734746 |  15418174355 |         0 |      0 |  1220634620 |      0 |      0 |         0 
 128813 Thread 70 - PartitionProcessorThre...6f-95b9-f5252a2e0a95-2-13 |  1164000 |   424000 |   487496441 |  15496201945 |         0 |      0 |  1074217840 |      0 |      0 |         0 
 128814 Thread 71 - PartitionProcessorThre...6f-95b9-f5252a2e0a95-2-14 |  1249000 |   389000 |   502961562 |  15984232812 |         0 |      0 |  1254092884 |      0 |      0 |         0 
 128815 Thread 72 - PartitionProcessorThre...6f-95b9-f5252a2e0a95-2-15 |  1169000 |   416000 |   486518054 |  15466921667 |         0 |      0 |  1423462979 |      0 |      0 |         0 
 128816 Thread 73 - PartitionProcessorThre...6f-95b9-f5252a2e0a95-2-16 |  1213000 |   426000 |   502446218 |  15993711972 |         0 |      0 |  1261848810 |      0 |      0 |         0 
 128817 Thread 74 - PartitionProcessorThre...6f-95b9-f5252a2e0a95-2-17 |  1136000 |   447000 |   485328136 |  15447446730 |  10831872 |      0 |  1288791198 |      0 |      0 |         0 
 128819 Thread 75 - PartitionProcessorThre...6f-95b9-f5252a2e0a95-2-18 |  1282000 |   413000 |   519761113 |  16540043730 |         0 |      0 |  1279915707 |      0 |      0 |         0 
 128820 Thread 76 - PartitionProcessorThre...6f-95b9-f5252a2e0a95-2-19 |  1170000 |   424000 |   489501394 |  15554806956 |         0 |      0 |  1162590777 |      0 |      0 |         0 
 129302 Thread 77 - process reaper                                     |     1000 |     1000 |      655640 |     19575710 |         0 |      0 |        1401 |      0 |      0 |         0 
 129307 Thread 78 - Attach Listener                                    |   433000 |   100000 |   167256139 |   5210863436 |   4931584 | 149504 |     3313026 |      0 |      0 |         0 
