                                 Task                                 |  utime   |  stime   |     rss     |     vmem     |   read    | write  |    d:cpu    | d:bio  | d:swap | d:reclaim 
 70734 Thread 1 - main                                                |   775000 |   161000 |    62028806 |   7178057572 |  34535424 |   1024 |     5594191 |      0 |      0 |         0 
 70756 Thread 2 - Reference Handler                                   |     7000 |        0 |      959343 |     58529449 |         0 |      0 |       35604 |      0 |      0 |         0 
 70757 Thread 3 - Finalizer                                           |     6000 |     3000 |      814148 |     71176371 |      5120 |      0 |     1525562 |      0 |      0 |         0 
 70758 Thread 4 - Surrogate Locker Thread (Concurrent GC)             |        0 |        0 |           0 |            0 |         0 |      0 |           0 |      0 |      0 |         0 
 70759 Thread 5 - Signal Dispatcher                                   |        0 |        0 |           0 |            0 |         0 |      0 |        5246 |      0 |      0 |         0 
 70767 Thread 12 - RMI Scheduler(0)                                   |     2000 |        0 |      371355 |     17523449 |      2048 |      0 |     1142811 |      0 |      0 |         0 
 70768 Thread 13 - RMI RenewClean-[10.231.182.152:44024]              |        0 |        0 |           0 |            0 |      1024 |      0 |           0 |      0 |      0 |         0 
 70769 Thread 14 - GC Daemon                                          |        0 |        0 |           0 |            0 |         0 |      0 |           0 |      0 |      0 |         0 
 70771 Thread 15 - DecatonSubscriptionThread-decaton-benchmark        | 24114000 | 34916000 | 17652228903 | 575201423033 | 574119936 | 114688 | 14035727139 |  92048 |      0 |         0 
 70773 Thread 16 - kafka-coordinator-hear...hread | decaton-benchmark |   226000 |    36000 |    76822647 |   2538140905 |   6020096 |   6144 |    16745788 | 135567 |      0 |         0 
 70778 Thread 17 - PartitionProcessorThre...c40-84c3-e87666e7f22a-0-0 |  1030000 |   454000 |   442131418 |  14467135838 |     34816 |      0 |  1131721209 |      0 |      0 |         0 
 70779 Thread 18 - PartitionProcessorThre...c40-84c3-e87666e7f22a-0-1 |  1006000 |   356000 |   407197829 |  13283900303 |         0 |      0 |  1007705830 |      0 |      0 |         0 
 70780 Thread 19 - PartitionProcessorThre...c40-84c3-e87666e7f22a-0-2 |  1077000 |   377000 |   434535172 |  14186508424 |         0 |      0 |   968744762 |      0 |      0 |         0 
 70781 Thread 20 - PartitionProcessorThre...c40-84c3-e87666e7f22a-0-3 |  1142000 |   416000 |   465730032 |  15200056408 |         0 |      0 |   939149082 |      0 |      0 |         0 
 70782 Thread 21 - PartitionProcessorThre...c40-84c3-e87666e7f22a-0-4 |  1017000 |   368000 |   414657872 |  13512044253 |         0 |      0 |   869921340 |      0 |      0 |         0 
 70783 Thread 22 - PartitionProcessorThre...c40-84c3-e87666e7f22a-0-5 |  1085000 |   363000 |   432479059 |  14127165627 |         0 |      0 |   830719250 |      0 |      0 |         0 
 70784 Thread 23 - PartitionProcessorThre...c40-84c3-e87666e7f22a-0-6 |  1010000 |   373000 |   414794751 |  13494191901 |         0 |      0 |  1020427710 |      0 |      0 |         0 
 70785 Thread 24 - PartitionProcessorThre...c40-84c3-e87666e7f22a-0-7 |  1066000 |   380000 |   433045098 |  14108182030 |         0 |      0 |   950876786 |      0 |      0 |         0 
 70786 Thread 25 - PartitionProcessorThre...c40-84c3-e87666e7f22a-0-8 |  1119000 |   358000 |   442860180 |  14413349838 |         0 |      0 |   922286534 |      0 |      0 |         0 
 70787 Thread 26 - PartitionProcessorThre...c40-84c3-e87666e7f22a-0-9 |  1100000 |   395000 |   446710125 |  14585679143 |      2048 |      0 |   827913375 |      0 |      0 |         0 
 70788 Thread 27 - PartitionProcessorThre...40-84c3-e87666e7f22a-0-10 |  1088000 |   431000 |   453860094 |  14821592037 |         0 |      0 |   827846047 |      0 |      0 |         0 
 70789 Thread 28 - PartitionProcessorThre...40-84c3-e87666e7f22a-0-11 |  1086000 |   411000 |   449804016 |  14607330326 |         0 |      0 |   879790506 |      0 |      0 |         0 
 70790 Thread 29 - PartitionProcessorThre...40-84c3-e87666e7f22a-0-12 |  1047000 |   422000 |   440441192 |  14335388908 |         0 |      0 |   920862707 |      0 |      0 |         0 
 70791 Thread 30 - PartitionProcessorThre...40-84c3-e87666e7f22a-0-13 |  1105000 |   375000 |   443124540 |  14440330565 |  10835968 |      0 |   899838966 |      0 |      0 |         0 
 70792 Thread 31 - PartitionProcessorThre...40-84c3-e87666e7f22a-0-14 |  1070000 |   437000 |   451523661 |  14704177483 |      1024 |      0 |   979848786 |      0 |      0 |         0 
 70793 Thread 32 - PartitionProcessorThre...40-84c3-e87666e7f22a-0-15 |  1124000 |   429000 |   464266891 |  15153333818 |         0 |      0 |   915204788 |      0 |      0 |         0 
 70794 Thread 33 - PartitionProcessorThre...40-84c3-e87666e7f22a-0-16 |  1077000 |   386000 |   438244973 |  14275432350 |         0 |      0 |   898661693 |      0 |      0 |         0 
 70795 Thread 34 - PartitionProcessorThre...40-84c3-e87666e7f22a-0-17 |  1047000 |   420000 |   439286551 |  14315224229 |         0 |      0 |   851622208 |      0 |      0 |         0 
 70796 Thread 35 - PartitionProcessorThre...40-84c3-e87666e7f22a-0-18 |  1085000 |   400000 |   444228250 |  14487403490 |      1024 |      0 |   937518945 |      0 |      0 |         0 
 70797 Thread 36 - PartitionProcessorThre...40-84c3-e87666e7f22a-0-19 |   992000 |   390000 |   413528606 |  13484914319 |         0 |      0 |  1024916006 |      0 |      0 |         0 
 70798 Thread 37 - PartitionProcessorThre...c40-84c3-e87666e7f22a-1-0 |  1188000 |   400000 |   469096266 |  15497941127 |         0 |      0 |  1143610630 |      0 |      0 |         0 
 70799 Thread 38 - PartitionProcessorThre...c40-84c3-e87666e7f22a-1-1 |  1149000 |   407000 |   460299215 |  15185538955 |         0 |      0 |   975582103 |      0 |      0 |         0 
 70800 Thread 39 - PartitionProcessorThre...c40-84c3-e87666e7f22a-1-2 |  1162000 |   386000 |   459466692 |  15107923736 |         0 |      0 |   966937911 |      0 |      0 |         0 
 70801 Thread 40 - PartitionProcessorThre...c40-84c3-e87666e7f22a-1-3 |  1122000 |   406000 |   450109696 |  14912270440 |         0 |      0 |  1111420555 |      0 |      0 |         0 
 70802 Thread 41 - PartitionProcessorThre...c40-84c3-e87666e7f22a-1-4 |  1145000 |   423000 |   463831817 |  15303034010 |         0 |      0 |  1003503774 |      0 |      0 |         0 
 70803 Thread 42 - PartitionProcessorThre...c40-84c3-e87666e7f22a-1-5 |  1171000 |   400000 |   463715270 |  15332100978 |         0 |      0 |   957799340 |      0 |      0 |         0 
 70804 Thread 43 - PartitionProcessorThre...c40-84c3-e87666e7f22a-1-6 |  1150000 |   412000 |   460372485 |  15244544615 |      1024 |      0 |   894023888 |      0 |      0 |         0 
 70805 Thread 44 - PartitionProcessorThre...c40-84c3-e87666e7f22a-1-7 |  1117000 |   388000 |   445127852 |  14688211479 |         0 |      0 |   968242786 |      0 |      0 |         0 
 70806 Thread 45 - PartitionProcessorThre...c40-84c3-e87666e7f22a-1-8 |  1127000 |   419000 |   456492786 |  15088140799 |         0 |      0 |  1016700912 |      0 |      0 |         0 
 70807 Thread 46 - PartitionProcessorThre...c40-84c3-e87666e7f22a-1-9 |  1126000 |   405000 |   449550457 |  14941403654 |         0 |      0 |  1043919467 |      0 |      0 |         0 
 70808 Thread 47 - PartitionProcessorThre...40-84c3-e87666e7f22a-1-10 |  1170000 |   385000 |   459948789 |  15176045979 |         0 |      0 |  1155727083 |      0 |      0 |         0 
 70809 Thread 48 - PartitionProcessorThre...40-84c3-e87666e7f22a-1-11 |  1152000 |   412000 |   462457067 |  15263974463 |         0 |      0 |   985470165 |      0 |      0 |         0 
 70810 Thread 49 - PartitionProcessorThre...40-84c3-e87666e7f22a-1-12 |  1180000 |   403000 |   467659899 |  15449434205 |         0 |      0 |  1041326406 |      0 |      0 |         0 
 70811 Thread 50 - PartitionProcessorThre...40-84c3-e87666e7f22a-1-13 |  1215000 |   385000 |   472766250 |  15615238236 |         0 |      0 |  1114636586 |      0 |      0 |         0 
 70812 Thread 51 - PartitionProcessorThre...40-84c3-e87666e7f22a-1-14 |  1088000 |   396000 |   436173547 |  14482885705 |         0 |      0 |   997325813 |      0 |      0 |         0 
 70813 Thread 52 - PartitionProcessorThre...40-84c3-e87666e7f22a-1-15 |  1105000 |   416000 |   449765719 |  14844323776 |         0 |      0 |  1144146007 |      0 |      0 |         0 
 70814 Thread 53 - PartitionProcessorThre...40-84c3-e87666e7f22a-1-16 |  1099000 |   391000 |   438078954 |  14541275514 |         0 |      0 |   937134165 |      0 |      0 |         0 
 70815 Thread 54 - PartitionProcessorThre...40-84c3-e87666e7f22a-1-17 |  1094000 |   360000 |   428439368 |  14190449698 |         0 |      0 |   957284227 |      0 |      0 |         0 
 70816 Thread 55 - PartitionProcessorThre...40-84c3-e87666e7f22a-1-18 |  1097000 |   357000 |   431725696 |  14190600987 |         0 |      0 |   874424084 |      0 |      0 |         0 
 70817 Thread 56 - PartitionProcessorThre...40-84c3-e87666e7f22a-1-19 |  1131000 |   383000 |   447878618 |  14776081494 |         0 |      0 |  1024918352 |      0 |      0 |         0 
 70818 Thread 57 - PartitionProcessorThre...c40-84c3-e87666e7f22a-2-0 |  1126000 |   444000 |   470989856 |  15323571982 |         0 |      0 |   979007443 |      0 |      0 |         0 
 70819 Thread 58 - PartitionProcessorThre...c40-84c3-e87666e7f22a-2-1 |  1116000 |   440000 |   468219438 |  15186984127 |         0 |      0 |   956092458 |      0 |      0 |         0 
 70820 Thread 59 - PartitionProcessorThre...c40-84c3-e87666e7f22a-2-2 |  1111000 |   400000 |   452832473 |  14747537846 |         0 |      0 |   952334168 |      0 |      0 |         0 
 70821 Thread 60 - PartitionProcessorThre...c40-84c3-e87666e7f22a-2-3 |  1066000 |   391000 |   438182981 |  14221002580 |         0 |      0 |  1029282626 |      0 |      0 |         0 
 70822 Thread 61 - PartitionProcessorThre...c40-84c3-e87666e7f22a-2-4 |  1063000 |   399000 |   439243969 |  14269616455 |         0 |      0 |   811366465 |      0 |      0 |         0 
 70823 Thread 62 - PartitionProcessorThre...c40-84c3-e87666e7f22a-2-5 |  1115000 |   400000 |   456009629 |  14786949651 |         0 |      0 |  1008188205 |      0 |      0 |         0 
 70824 Thread 63 - PartitionProcessorThre...c40-84c3-e87666e7f22a-2-6 |  1043000 |   391000 |   430465508 |  13996332604 |         0 |      0 |   961763507 |      0 |      0 |         0 
 70825 Thread 64 - PartitionProcessorThre...c40-84c3-e87666e7f22a-2-7 |  1153000 |   423000 |   472781700 |  15382328521 |         0 |      0 |   858941136 |      0 |      0 |         0 
 70826 Thread 65 - PartitionProcessorThre...c40-84c3-e87666e7f22a-2-8 |  1132000 |   381000 |   453938629 |  14767241065 |         0 |      0 |   960548446 |      0 |      0 |         0 
 70827 Thread 66 - PartitionProcessorThre...c40-84c3-e87666e7f22a-2-9 |  1165000 |   420000 |   474451910 |  15470015892 |         0 |      0 |   847596557 |      0 |      0 |         0 
 70828 Thread 67 - PartitionProcessorThre...40-84c3-e87666e7f22a-2-10 |  1046000 |   378000 |   427774602 |  13898677276 |         0 |      0 |  1012366772 |      0 |      0 |         0 
 70829 Thread 68 - PartitionProcessorThre...40-84c3-e87666e7f22a-2-11 |  1060000 |   409000 |   442601618 |  14337899694 |         0 |      0 |   932306344 |      0 |      0 |         0 
 70830 Thread 69 - PartitionProcessorThre...40-84c3-e87666e7f22a-2-12 |  1035000 |   414000 |   436114298 |  14142803182 |         0 |      0 |   968931028 |      0 |      0 |         0 
 70831 Thread 70 - PartitionProcessorThre...40-84c3-e87666e7f22a-2-13 |  1052000 |   397000 |   434787333 |  14142639948 |         0 |      0 |   898478713 |      0 |      0 |         0 
 70832 Thread 71 - PartitionProcessorThre...40-84c3-e87666e7f22a-2-14 |  1047000 |   409000 |   437134059 |  14211020237 |         0 |      0 |   941690137 |      0 |      0 |         0 
 70833 Thread 72 - PartitionProcessorThre...40-84c3-e87666e7f22a-2-15 |  1035000 |   370000 |   422159458 |  13713112768 |         0 |      0 |   996305883 |      0 |      0 |         0 
 70834 Thread 73 - PartitionProcessorThre...40-84c3-e87666e7f22a-2-16 |  1147000 |   354000 |   451800875 |  14650251092 |         0 |      0 |   999224158 |      0 |      0 |         0 
 70835 Thread 74 - PartitionProcessorThre...40-84c3-e87666e7f22a-2-17 |  1108000 |   370000 |   443111352 |  14425649862 |         0 |      0 |   805888512 |      0 |      0 |         0 
 70836 Thread 75 - PartitionProcessorThre...40-84c3-e87666e7f22a-2-18 |  1106000 |   374000 |   444321989 |  14445421084 |         0 |      0 |   948772269 |      0 |      0 |         0 
 70837 Thread 76 - PartitionProcessorThre...40-84c3-e87666e7f22a-2-19 |  1074000 |   415000 |   448482200 |  14533045416 |         0 |      0 |  1061062071 |      0 |      0 |         0 
 71318 Thread 77 - process reaper                                     |     1000 |     1000 |      634265 |     19551167 |         0 |      0 |        1205 |      0 |      0 |         0 
 71323 Thread 78 - Attach Listener                                    |   455000 |    95000 |   174098194 |   5377133842 |   4874240 | 131072 |     3416104 |      0 |      0 |         0 
