                                 Task                                 |  utime   |  stime   |     rss     |     vmem     |   read    | write  |    d:cpu    | d:bio  | d:swap | d:reclaim 
 32850 Thread 1 - main                                                |   584000 |    83000 |    40626588 |   5061116412 |  21055488 |   1024 |     3018964 |      0 |      0 |         0 
 32872 Thread 2 - Reference Handler                                   |     4000 |        0 |      401882 |     31070281 |         0 |      0 |      237133 |      0 |      0 |         0 
 32873 Thread 3 - Finalizer                                           |     3000 |     1000 |      401882 |     31070281 |      5120 |      0 |     1108708 |      0 |      0 |         0 
 32874 Thread 4 - Surrogate Locker Thread (Concurrent GC)             |        0 |        0 |           0 |            0 |         0 |      0 |           0 |      0 |      0 |         0 
 32875 Thread 5 - Signal Dispatcher                                   |        0 |        0 |           0 |            0 |         0 |      0 |        3398 |      0 |      0 |         0 
 32885 Thread 11 - DecatonSubscriptionThread-decaton-benchmark        | 28918000 | 33145000 | 18761619051 | 604267310700 | 635961344 | 129024 | 19619417544 | 151219 |      0 |         0 
 32886 Thread 13 - kafka-coordinator-hear...hread | decaton-benchmark |   188000 |    46000 |    69947386 |   2281073437 |   7232512 |   5120 |    34845383 | 232661 |      0 |         0 
 32889 Thread 14 - PartitionProcessorThre...499-8943-3b925bd75724-2-0 |  1305000 |   454000 |   533314594 |  17152276797 |     33792 |      0 |  1420363614 |      0 |      0 |         0 
 32890 Thread 15 - PartitionProcessorThre...499-8943-3b925bd75724-2-1 |  1234000 |   467000 |   515523880 |  16590003293 |         0 |      0 |  1475207701 |      0 |      0 |         0 
 32891 Thread 16 - PartitionProcessorThre...499-8943-3b925bd75724-2-2 |  1253000 |   455000 |   518555329 |  16664568243 |      3072 |      0 |  1390321795 |      0 |      0 |         0 
 32892 Thread 17 - PartitionProcessorThre...499-8943-3b925bd75724-2-3 |  1232000 |   452000 |   511257008 |  16431733036 |         0 |      0 |  1278305028 |      0 |      0 |         0 
 32893 Thread 18 - PartitionProcessorThre...499-8943-3b925bd75724-2-4 |  1239000 |   458000 |   515392372 |  16557162895 |      1024 |      0 |  1467460420 |      0 |      0 |         0 
 32894 Thread 19 - PartitionProcessorThre...499-8943-3b925bd75724-2-5 |  1268000 |   483000 |   532043977 |  17086647301 |         0 |      0 |  1452055181 |      0 |      0 |         0 
 32895 Thread 20 - PartitionProcessorThre...499-8943-3b925bd75724-2-6 |  1251000 |   466000 |   520207950 |  16752328051 |         0 |      0 |  1510064521 |      0 |      0 |         0 
 32896 Thread 21 - PartitionProcessorThre...499-8943-3b925bd75724-2-7 |  1251000 |   485000 |   526147231 |  16935176950 |      2048 |      0 |  1323359265 |      0 |      0 |         0 
 32897 Thread 22 - PartitionProcessorThre...499-8943-3b925bd75724-2-8 |  1308000 |   439000 |   529415473 |  17044206461 |         0 |      0 |  1593012916 |      0 |      0 |         0 
 32898 Thread 23 - PartitionProcessorThre...499-8943-3b925bd75724-2-9 |  1318000 |   475000 |   543665520 |  17493373575 |         0 |      0 |  1449418925 |      0 |      0 |         0 
 32899 Thread 24 - PartitionProcessorThre...99-8943-3b925bd75724-2-10 |  1306000 |   456000 |   533342094 |  17193487496 |         0 |      0 |  1437646057 |      0 |      0 |         0 
 32900 Thread 25 - PartitionProcessorThre...99-8943-3b925bd75724-2-11 |  1324000 |   472000 |   544004942 |  17523721934 |         0 |      0 |  1326492533 |      0 |      0 |         0 
 32901 Thread 26 - PartitionProcessorThre...99-8943-3b925bd75724-2-12 |  1289000 |   441000 |   524077770 |  16877244223 |     43008 |      0 |  1343413596 |      0 |      0 |         0 
 32902 Thread 27 - PartitionProcessorThre...99-8943-3b925bd75724-2-13 |  1325000 |   403000 |   525158028 |  16862298621 |         0 |      0 |  1450928992 |      0 |      0 |         0 
 32903 Thread 28 - PartitionProcessorThre...99-8943-3b925bd75724-2-14 |  1300000 |   448000 |   531724247 |  17057372989 |         0 |      0 |  1445789604 |      0 |      0 |         0 
 32904 Thread 29 - PartitionProcessorThre...99-8943-3b925bd75724-2-15 |  1239000 |   454000 |   515471731 |  16519935770 |         0 |      0 |  1306826199 |      0 |      0 |         0 
 32905 Thread 30 - PartitionProcessorThre...99-8943-3b925bd75724-2-16 |  1252000 |   459000 |   519684973 |  16689661047 |    117760 |      0 |  1396895597 |      0 |      0 |         0 
 32906 Thread 31 - PartitionProcessorThre...99-8943-3b925bd75724-2-17 |  1272000 |   480000 |   532655852 |  17096288336 |         0 |      0 |  1457531820 |      0 |      0 |         0 
 32907 Thread 32 - PartitionProcessorThre...99-8943-3b925bd75724-2-18 |  1242000 |   463000 |   517390880 |  16634890364 |      4096 |      0 |  1223426627 |      0 |      0 |         0 
 32908 Thread 33 - PartitionProcessorThre...99-8943-3b925bd75724-2-19 |  1240000 |   408000 |   499738747 |  16079404274 |         0 |      0 |  1194555708 |      0 |      0 |         0 
 32909 Thread 34 - PartitionProcessorThre...499-8943-3b925bd75724-1-0 |  1221000 |   509000 |   526412544 |  16881119801 |         0 |      0 |  1509920319 |      0 |      0 |         0 
 32910 Thread 35 - PartitionProcessorThre...499-8943-3b925bd75724-1-1 |  1263000 |   460000 |   526382344 |  16814107481 |         0 |      0 |  1567753321 |      0 |      0 |         0 
 32911 Thread 36 - PartitionProcessorThre...499-8943-3b925bd75724-1-2 |  1177000 |   430000 |   490497657 |  15681222524 |         0 |      0 |  1424430891 |      0 |      0 |         0 
 32913 Thread 37 - PartitionProcessorThre...499-8943-3b925bd75724-1-3 |  1196000 |   443000 |   497177567 |  15992320290 |         0 |      0 |  1245533098 |      0 |      0 |         0 
 32914 Thread 38 - PartitionProcessorThre...499-8943-3b925bd75724-1-4 |  1284000 |   487000 |   539573923 |  17281422867 |         0 |      0 |  1483393342 |      0 |      0 |         0 
 32915 Thread 39 - PartitionProcessorThre...499-8943-3b925bd75724-1-5 |  1281000 |   467000 |   532548829 |  17057147680 |         0 |      0 |  1362940618 |      0 |      0 |         0 
 32916 Thread 40 - PartitionProcessorThre...499-8943-3b925bd75724-1-6 |  1296000 |   459000 |   531889407 |  17125002598 |         0 |      0 |  1509905703 |      0 |      0 |         0 
 32917 Thread 41 - PartitionProcessorThre...499-8943-3b925bd75724-1-7 |  1300000 |   444000 |   529789719 |  17017537750 |         0 |      0 |  1380208405 |      0 |      0 |         0 
 32918 Thread 42 - PartitionProcessorThre...499-8943-3b925bd75724-1-8 |  1298000 |   440000 |   528527497 |  16959022235 |         0 |      0 |  1585453219 |      0 |      0 |         0 
 32919 Thread 43 - PartitionProcessorThre...499-8943-3b925bd75724-1-9 |  1292000 |   478000 |   538894665 |  17271423024 |         0 |      0 |  1362650107 |      0 |      0 |         0 
 32920 Thread 44 - PartitionProcessorThre...99-8943-3b925bd75724-1-10 |  1371000 |   487000 |   565369786 |  18130830606 |         0 |      0 |  1317156470 |      0 |      0 |         0 
 32921 Thread 45 - PartitionProcessorThre...99-8943-3b925bd75724-1-11 |  1236000 |   488000 |   524321696 |  16822455805 |         0 |      0 |  1315736911 |      0 |      0 |         0 
 32922 Thread 46 - PartitionProcessorThre...99-8943-3b925bd75724-1-12 |  1184000 |   438000 |   493687938 |  15827248844 |         0 |      0 |  1505323266 |      0 |      0 |         0 
 32923 Thread 47 - PartitionProcessorThre...99-8943-3b925bd75724-1-13 |  1141000 |   411000 |   472542302 |  15144509723 |         0 |      0 |  1398214464 |      0 |      0 |         0 
 32924 Thread 48 - PartitionProcessorThre...99-8943-3b925bd75724-1-14 |  1277000 |   471000 |   530836981 |  17056988703 |         0 |      0 |  1557228237 |      0 |      0 |         0 
 32925 Thread 49 - PartitionProcessorThre...99-8943-3b925bd75724-1-15 |  1321000 |   474000 |   546610915 |  17515829153 |         0 |      0 |  1445066241 |      0 |      0 |         0 
 32926 Thread 50 - PartitionProcessorThre...99-8943-3b925bd75724-1-16 |  1254000 |   455000 |   521017094 |  16677187383 |         0 |      0 |  1342412728 |      0 |      0 |         0 
 32927 Thread 51 - PartitionProcessorThre...99-8943-3b925bd75724-1-17 |  1240000 |   499000 |   529507442 |  16969789961 |         0 |      0 |  1252413390 |      0 |      0 |         0 
 32928 Thread 52 - PartitionProcessorThre...99-8943-3b925bd75724-1-18 |  1288000 |   457000 |   530562669 |  17027865020 |         0 |      0 |  1461143035 |      0 |      0 |         0 
 32929 Thread 53 - PartitionProcessorThre...99-8943-3b925bd75724-1-19 |  1302000 |   417000 |   523179263 |  16774151543 |         0 |      0 |  1486700952 |      0 |      0 |         0 
 32930 Thread 54 - PartitionProcessorThre...499-8943-3b925bd75724-0-0 |  1223000 |   475000 |   517528094 |  16569246852 |         0 |      0 |  1404174957 |      0 |      0 |         0 
 32931 Thread 55 - PartitionProcessorThre...499-8943-3b925bd75724-0-1 |  1283000 |   446000 |   526305321 |  16871006055 |         0 |      0 |  1389489550 |      0 |      0 |         0 
 32932 Thread 56 - PartitionProcessorThre...499-8943-3b925bd75724-0-2 |  1249000 |   504000 |   533474868 |  17105524899 |         0 |      0 |  1367424760 |      0 |      0 |         0 
 32933 Thread 57 - PartitionProcessorThre...499-8943-3b925bd75724-0-3 |  1283000 |   419000 |   518247548 |  16608122016 |         0 |      0 |  1413209245 |      0 |      0 |         0 
 32934 Thread 58 - PartitionProcessorThre...499-8943-3b925bd75724-0-4 |  1272000 |   438000 |   520161501 |  16686231817 |         0 |      0 |  1282026109 |      0 |      0 |         0 
 32935 Thread 59 - PartitionProcessorThre...499-8943-3b925bd75724-0-5 |  1268000 |   511000 |   541886719 |  17359481778 |         0 |      0 |  1448159458 |      0 |      0 |         0 
 32936 Thread 60 - PartitionProcessorThre...499-8943-3b925bd75724-0-6 |  1320000 |   459000 |   540714172 |  17358856321 |      1024 |      0 |  1647232048 |      0 |      0 |         0 
 32937 Thread 61 - PartitionProcessorThre...499-8943-3b925bd75724-0-7 |  1321000 |   429000 |   532887794 |  17076819848 |         0 |      0 |  1455167869 |      0 |      0 |         0 
 32938 Thread 62 - PartitionProcessorThre...499-8943-3b925bd75724-0-8 |  1345000 |   466000 |   551776868 |  17671705235 |         0 |      0 |  1483561692 |      0 |      0 |         0 
 32939 Thread 63 - PartitionProcessorThre...499-8943-3b925bd75724-0-9 |  1273000 |   476000 |   531870422 |  17066027219 |         0 |      0 |  1462075672 |      0 |      0 |         0 
 32940 Thread 64 - PartitionProcessorThre...99-8943-3b925bd75724-0-10 |  1199000 |   463000 |   506192005 |  16217698075 |         0 |      0 |  1468101642 |      0 |      0 |         0 
 32941 Thread 65 - PartitionProcessorThre...99-8943-3b925bd75724-0-11 |  1265000 |   452000 |   523285919 |  16754550426 |         0 |      0 |  1421768843 |      0 |      0 |         0 
 32942 Thread 66 - PartitionProcessorThre...99-8943-3b925bd75724-0-12 |  1186000 |   459000 |   502656341 |  16052694778 |         0 |      0 |  1399735638 |      0 |      0 |         0 
 32943 Thread 67 - PartitionProcessorThre...99-8943-3b925bd75724-0-13 |  1226000 |   417000 |   501299286 |  16032567969 |         0 |      0 |  1443435846 |      0 |      0 |         0 
 32944 Thread 68 - PartitionProcessorThre...99-8943-3b925bd75724-0-14 |  1307000 |   436000 |   530641548 |  17007826489 |         0 |      0 |  1315387939 |      0 |      0 |         0 
 32945 Thread 69 - PartitionProcessorThre...99-8943-3b925bd75724-0-15 |  1180000 |   439000 |   493632130 |  15798227036 |         0 |      0 |  1400161727 |      0 |      0 |         0 
 32946 Thread 70 - PartitionProcessorThre...99-8943-3b925bd75724-0-16 |  1186000 |   424000 |   490902223 |  15710856797 |         0 |      0 |  1187068669 |      0 |      0 |         0 
 32947 Thread 71 - PartitionProcessorThre...99-8943-3b925bd75724-0-17 |  1301000 |   410000 |   522975426 |  16696417500 |         0 |      0 |  1465479135 |      0 |      0 |         0 
 32948 Thread 72 - PartitionProcessorThre...99-8943-3b925bd75724-0-18 |  1310000 |   436000 |   532387083 |  17037927207 |         0 |      0 |  1426795920 |      0 |      0 |         0 
 32949 Thread 73 - PartitionProcessorThre...99-8943-3b925bd75724-0-19 |  1282000 |   442000 |   524961977 |  16822914860 |         0 |      0 |  1385664874 |      0 |      0 |         0 
 33351 Thread 74 - process reaper                                     |     1000 |     1000 |      674578 |     19571234 |      2048 |      0 |       10657 |      0 |      0 |         0 
 33357 Thread 75 - Attach Listener                                    |   360000 |   103000 |   143799354 |   4524648772 |   5304320 | 253952 |     4506322 |      0 |      0 |         0 
