                                 Task                                 |  utime   |  stime   |     rss     |     vmem     |   read    | write  |    d:cpu    | d:bio  | d:swap | d:reclaim 
 74301 Thread 1 - main                                                |   598000 |    94000 |    42379584 |   5237143467 |  21054464 |   1024 |     9581733 |      0 |      0 |         0 
 74323 Thread 2 - Reference Handler                                   |     6000 |        0 |      611039 |     46605421 |         0 |      0 |     1698124 |      0 |      0 |         0 
 74324 Thread 3 - Finalizer                                           |     6000 |     1000 |      639421 |     53666539 |      5120 |      0 |     1972995 |      0 |      0 |         0 
 74325 Thread 4 - Surrogate Locker Thread (Concurrent GC)             |        0 |        0 |           0 |            0 |         0 |      0 |           0 |      0 |      0 |         0 
 74326 Thread 5 - Signal Dispatcher                                   |        0 |        0 |           0 |            0 |         0 |      0 |           0 |      0 |      0 |         0 
 74335 Thread 11 - DecatonSubscriptionThread-decaton-benchmark        | 26892000 | 30078000 | 17419492197 | 554429264908 | 585864192 | 125952 | 17922457375 | 165024 |      0 |         0 
 74337 Thread 13 - kafka-coordinator-hear...hread | decaton-benchmark |   169000 |    49000 |    67116484 |   2124567257 |   5956608 |   4096 |    20433485 | 296750 |      0 |         0 
 74340 Thread 14 - PartitionProcessorThre...3b9-b055-7477e151533e-0-0 |  1272000 |   430000 |   518314161 |  16593516664 |    117760 |      0 |  1622256085 |      0 |      0 |         0 
 74341 Thread 15 - PartitionProcessorThre...3b9-b055-7477e151533e-0-1 |  1205000 |   398000 |   487326079 |  15619363055 |     35840 |      0 |  1521204514 |      0 |      0 |         0 
 74342 Thread 16 - PartitionProcessorThre...3b9-b055-7477e151533e-0-2 |  1224000 |   370000 |   485515618 |  15544267024 |         0 |      0 |  1609677588 |      0 |      0 |         0 
 74343 Thread 17 - PartitionProcessorThre...3b9-b055-7477e151533e-0-3 |  1240000 |   410000 |   504546125 |  16095273762 |         0 |      0 |  1579735057 |      0 |      0 |         0 
 74344 Thread 18 - PartitionProcessorThre...3b9-b055-7477e151533e-0-4 |  1291000 |   411000 |   519401633 |  16600351602 |         0 |      0 |  1436082093 |      0 |      0 |         0 
 74345 Thread 19 - PartitionProcessorThre...3b9-b055-7477e151533e-0-5 |  1226000 |   375000 |   487872383 |  15615899942 |         0 |      0 |  1463389846 |      0 |      0 |         0 
 74346 Thread 20 - PartitionProcessorThre...3b9-b055-7477e151533e-0-6 |  1204000 |   386000 |   484609255 |  15505703083 |      4096 |      0 |  1384751058 |      0 |      0 |         0 
 74347 Thread 21 - PartitionProcessorThre...3b9-b055-7477e151533e-0-7 |  1215000 |   456000 |   509564293 |  16298166250 |         0 |      0 |  1275636735 |      0 |      0 |         0 
 74348 Thread 22 - PartitionProcessorThre...3b9-b055-7477e151533e-0-8 |  1308000 |   424000 |   527398180 |  16888712313 |         0 |      0 |  1473845677 |      0 |      0 |         0 
 74349 Thread 23 - PartitionProcessorThre...3b9-b055-7477e151533e-0-9 |  1278000 |   428000 |   521054754 |  16639224313 |         0 |      0 |  1370078900 |      0 |      0 |         0 
 74350 Thread 24 - PartitionProcessorThre...b9-b055-7477e151533e-0-10 |  1295000 |   402000 |   516471672 |  16552227731 |         0 |      0 |  1452741450 |      0 |      0 |         0 
 74351 Thread 25 - PartitionProcessorThre...b9-b055-7477e151533e-0-11 |  1317000 |   427000 |   532329715 |  17008863582 |         0 |      0 |  1468290054 |      0 |      0 |         0 
 74352 Thread 26 - PartitionProcessorThre...b9-b055-7477e151533e-0-12 |  1185000 |   418000 |   488177352 |  15636972110 |         0 |      0 |  1442361304 |      0 |      0 |         0 
 74353 Thread 27 - PartitionProcessorThre...b9-b055-7477e151533e-0-13 |  1188000 |   416000 |   488232825 |  15643814653 |         0 |      0 |  1212983519 |      0 |      0 |         0 
 74354 Thread 28 - PartitionProcessorThre...b9-b055-7477e151533e-0-14 |  1231000 |   424000 |   505055762 |  16142890547 |         0 |      0 |  1575742714 |      0 |      0 |         0 
 74355 Thread 29 - PartitionProcessorThre...b9-b055-7477e151533e-0-15 |  1202000 |   437000 |   499693512 |  15987245126 |     34816 |      0 |  1305286360 |      0 |      0 |         0 
 74356 Thread 30 - PartitionProcessorThre...b9-b055-7477e151533e-0-16 |  1196000 |   357000 |   471794864 |  15146735212 |      6144 |      0 |  1378470044 |      0 |      0 |         0 
 74357 Thread 31 - PartitionProcessorThre...b9-b055-7477e151533e-0-17 |  1227000 |   381000 |   488710438 |  15685424465 |      1024 |      0 |  1425681453 |      0 |      0 |         0 
 74358 Thread 32 - PartitionProcessorThre...b9-b055-7477e151533e-0-18 |  1198000 |   419000 |   492758938 |  15772569794 |         0 |      0 |  1554509075 |      0 |      0 |         0 
 74359 Thread 33 - PartitionProcessorThre...b9-b055-7477e151533e-0-19 |  1226000 |   436000 |   508713090 |  16213004278 |         0 |      0 |  1586734805 |      0 |      0 |         0 
 74360 Thread 34 - PartitionProcessorThre...3b9-b055-7477e151533e-2-0 |  1177000 |   411000 |   488334465 |  15490870989 |         0 |      0 |  1514018914 |      0 |      0 |         0 
 74361 Thread 35 - PartitionProcessorThre...3b9-b055-7477e151533e-2-1 |  1182000 |   434000 |   498019204 |  15764610516 |         0 |      0 |  1325814485 |      0 |      0 |         0 
 74362 Thread 36 - PartitionProcessorThre...3b9-b055-7477e151533e-2-2 |  1204000 |   387000 |   490443157 |  15520958356 |         0 |      0 |  1358088556 |      0 |      0 |         0 
 74363 Thread 37 - PartitionProcessorThre...3b9-b055-7477e151533e-2-3 |  1261000 |   390000 |   507739977 |  16106194391 |         0 |      0 |  1375452057 |      0 |      0 |         0 
 74364 Thread 38 - PartitionProcessorThre...3b9-b055-7477e151533e-2-4 |  1164000 |   387000 |   477600473 |  15130694247 |         0 |      0 |  1508131362 |      0 |      0 |         0 
 74365 Thread 39 - PartitionProcessorThre...3b9-b055-7477e151533e-2-5 |  1243000 |   391000 |   502666914 |  15940112794 |         0 |      0 |  1480019362 |      0 |      0 |         0 
 74366 Thread 40 - PartitionProcessorThre...3b9-b055-7477e151533e-2-6 |  1271000 |   495000 |   541535484 |  17227975696 |         0 |      0 |  1436628570 |      0 |      0 |         0 
 74367 Thread 41 - PartitionProcessorThre...3b9-b055-7477e151533e-2-7 |  1233000 |   421000 |   510017090 |  16135303450 |      1024 |      0 |  1536838000 |      0 |      0 |         0 
 74368 Thread 42 - PartitionProcessorThre...3b9-b055-7477e151533e-2-8 |  1146000 |   422000 |   482466040 |  15296465891 |         0 |      0 |  1285554304 |      0 |      0 |         0 
 74369 Thread 43 - PartitionProcessorThre...3b9-b055-7477e151533e-2-9 |  1153000 |   370000 |   468426688 |  14857531860 |         0 |      0 |  1371522125 |      0 |      0 |         0 
 74370 Thread 44 - PartitionProcessorThre...b9-b055-7477e151533e-2-10 |  1186000 |   362000 |   476689024 |  15101626169 |         0 |      0 |  1463921129 |      0 |      0 |         0 
 74371 Thread 45 - PartitionProcessorThre...b9-b055-7477e151533e-2-11 |  1168000 |   411000 |   486175805 |  15403843063 |         0 |      0 |  1259240339 |      0 |      0 |         0 
 74372 Thread 46 - PartitionProcessorThre...b9-b055-7477e151533e-2-12 |  1162000 |   463000 |   499535207 |  15852538180 |         0 |      0 |  1429404631 |      0 |      0 |         0 
 74373 Thread 47 - PartitionProcessorThre...b9-b055-7477e151533e-2-13 |  1205000 |   395000 |   491753868 |  15608482840 |         0 |      0 |  1419525339 |      0 |      0 |         0 
 74374 Thread 48 - PartitionProcessorThre...b9-b055-7477e151533e-2-14 |  1219000 |   401000 |   495516891 |  15803829797 |         0 |      0 |  1389996602 |      0 |      0 |         0 
 74375 Thread 49 - PartitionProcessorThre...b9-b055-7477e151533e-2-15 |  1190000 |   397000 |   488049067 |  15481782294 |         0 |      0 |  1395753090 |      0 |      0 |         0 
 74376 Thread 50 - PartitionProcessorThre...b9-b055-7477e151533e-2-16 |  1196000 |   401000 |   490225547 |  15579429313 |         0 |      0 |  1383349376 |      0 |      0 |         0 
 74377 Thread 51 - PartitionProcessorThre...b9-b055-7477e151533e-2-17 |  1212000 |   390000 |   493388243 |  15628121208 |         0 |      0 |  1288647416 |      0 |      0 |         0 
 74378 Thread 52 - PartitionProcessorThre...b9-b055-7477e151533e-2-18 |  1197000 |   376000 |   484071497 |  15345427993 |         0 |      0 |  1495314420 |      0 |      0 |         0 
 74379 Thread 53 - PartitionProcessorThre...b9-b055-7477e151533e-2-19 |  1160000 |   400000 |   479077712 |  15218151747 |         0 |      0 |  1382102059 |      0 |      0 |         0 
 74380 Thread 54 - PartitionProcessorThre...3b9-b055-7477e151533e-1-0 |  1147000 |   418000 |   482200395 |  15267283821 |         0 |      0 |  1370146280 |      0 |      0 |         0 
 74381 Thread 55 - PartitionProcessorThre...3b9-b055-7477e151533e-1-1 |  1237000 |   420000 |   511436789 |  16165209641 |         0 |      0 |  1519852764 |      0 |      0 |         0 
 74382 Thread 56 - PartitionProcessorThre...3b9-b055-7477e151533e-1-2 |  1104000 |   416000 |   468912860 |  14828668497 |         0 |      0 |  1321614255 |      0 |      0 |         0 
 74383 Thread 57 - PartitionProcessorThre...3b9-b055-7477e151533e-1-3 |  1206000 |   419000 |   501383540 |  15852540098 |         0 |      0 |  1176233371 |      0 |      0 |         0 
 74384 Thread 58 - PartitionProcessorThre...3b9-b055-7477e151533e-1-4 |  1239000 |   386000 |   500341778 |  15852578337 |         0 |      0 |  1247048604 |      0 |      0 |         0 
 74385 Thread 59 - PartitionProcessorThre...3b9-b055-7477e151533e-1-5 |  1199000 |   409000 |   495577786 |  15686571602 |         0 |      0 |  1525671642 |      0 |      0 |         0 
 74386 Thread 60 - PartitionProcessorThre...3b9-b055-7477e151533e-1-6 |  1164000 |   404000 |   483746176 |  15296519165 |         0 |      0 |  1256177851 |      0 |      0 |         0 
 74387 Thread 61 - PartitionProcessorThre...3b9-b055-7477e151533e-1-7 |  1276000 |   417000 |   522851746 |  16516247672 |         0 |      0 |  1350699733 |      0 |      0 |         0 
 74388 Thread 62 - PartitionProcessorThre...3b9-b055-7477e151533e-1-8 |  1261000 |   459000 |   530766430 |  16779686664 |         0 |      0 |  1338347501 |      0 |      0 |         0 
 74389 Thread 63 - PartitionProcessorThre...3b9-b055-7477e151533e-1-9 |  1233000 |   378000 |   497089274 |  15716260590 |         0 |      0 |  1382490977 |      0 |      0 |         0 
 74390 Thread 64 - PartitionProcessorThre...b9-b055-7477e151533e-1-10 |  1229000 |   411000 |   506595461 |  15999498997 |         0 |      0 |  1388815481 |      0 |      0 |         0 
 74391 Thread 65 - PartitionProcessorThre...b9-b055-7477e151533e-1-11 |  1208000 |   413000 |   500764700 |  15814166637 |         0 |      0 |  1356173223 |      0 |      0 |         0 
 74392 Thread 66 - PartitionProcessorThre...b9-b055-7477e151533e-1-12 |  1190000 |   389000 |   487233094 |  15404266606 |  10832896 |      0 |  1498748818 |      0 |      0 |         0 
 74393 Thread 67 - PartitionProcessorThre...b9-b055-7477e151533e-1-13 |  1137000 |   420000 |   480988637 |  15189413915 |         0 |      0 |  1384370602 |      0 |      0 |         0 
 74394 Thread 68 - PartitionProcessorThre...b9-b055-7477e151533e-1-14 |  1171000 |   423000 |   492130008 |  15550123528 |      3072 |      0 |  1251806525 |      0 |      0 |         0 
 74395 Thread 69 - PartitionProcessorThre...b9-b055-7477e151533e-1-15 |  1146000 |   401000 |   477642993 |  15091717489 |         0 |      0 |  1091611053 |      0 |      0 |         0 
 74396 Thread 70 - PartitionProcessorThre...b9-b055-7477e151533e-1-16 |  1221000 |   383000 |   495416946 |  15647687087 |         0 |      0 |  1317534785 |      0 |      0 |         0 
 74397 Thread 71 - PartitionProcessorThre...b9-b055-7477e151533e-1-17 |  1243000 |   425000 |   514596719 |  16272541829 |         0 |      0 |  1435030645 |      0 |      0 |         0 
 74398 Thread 72 - PartitionProcessorThre...b9-b055-7477e151533e-1-18 |  1209000 |   417000 |   502152579 |  15862925376 |         0 |      0 |  1220096599 |      0 |      0 |         0 
 74399 Thread 73 - PartitionProcessorThre...b9-b055-7477e151533e-1-19 |  1198000 |   403000 |   493359426 |  15618408192 |         0 |      0 |  1288623437 |      0 |      0 |         0 
 74815 Thread 74 - process reaper                                     |     1000 |     1000 |      639300 |     19541027 |      2048 |      0 |        6578 |      0 |      0 |         0 
 74821 Thread 75 - Attach Listener                                    |   367000 |    88000 |   144300331 |   4446448425 |   5304320 | 169984 |     2992851 |      0 |      0 |         0 
