                                 Task                                 |  utime   |  stime   |     rss     |     vmem     |   read    | write  |    d:cpu    | d:bio  | d:swap | d:reclaim 
 88624 Thread 1 - main                                                |   801000 |   173000 |    64896068 |   7470300439 |  34339840 |   1024 |     9634337 |      0 |      0 |         0 
 88646 Thread 2 - Reference Handler                                   |     5000 |        0 |      535343 |     41066367 |         0 |      0 |      220260 |      0 |      0 |         0 
 88647 Thread 3 - Finalizer                                           |     3000 |     1000 |      501476 |     32823550 |      5120 |      0 |     4729459 |      0 |      0 |         0 
 88648 Thread 4 - Surrogate Locker Thread (Concurrent GC)             |        0 |        0 |           0 |            0 |         0 |      0 |       14935 |      0 |      0 |         0 
 88649 Thread 5 - Signal Dispatcher                                   |        0 |     1000 |       26707 |      7228289 |         0 |      0 |           0 |      0 |      0 |         0 
 88659 Thread 12 - RMI Scheduler(0)                                   |     1000 |     1000 |      379246 |     17520792 |      4096 |      0 |        8743 |      0 |      0 |         0 
 88660 Thread 13 - RMI RenewClean-[10.231.182.152:39741]              |        0 |     1000 |      329894 |      9789968 |      1024 |      0 |           0 |      0 |      0 |         0 
 88661 Thread 14 - GC Daemon                                          |        0 |        0 |           0 |            0 |         0 |      0 |           0 |      0 |      0 |         0 
 88663 Thread 15 - DecatonSubscriptionThread-decaton-benchmark        | 25678000 | 34521000 | 17713147547 | 586562890753 | 574454784 | 149504 | 18205541712 | 130603 |      0 |         0 
 88664 Thread 16 - kafka-coordinator-hear...hread | decaton-benchmark |   255000 |    38000 |    85797706 |   2851003909 |   5240832 |   6144 |    34799564 | 209555 |      0 |         0 
 88669 Thread 17 - PartitionProcessorThre...d32-be67-655b550609df-2-0 |  1155000 |   436000 |   464342230 |  15505900308 |     37888 |      0 |  1297751798 |      0 |      0 |         0 
 88670 Thread 18 - PartitionProcessorThre...d32-be67-655b550609df-2-1 |  1163000 |   421000 |   466357589 |  15450511507 |         0 |      0 |  1259078738 |      0 |      0 |         0 
 88671 Thread 19 - PartitionProcessorThre...d32-be67-655b550609df-2-2 |  1189000 |   384000 |   461504464 |  15339042312 |         0 |      0 |  1362542129 |      0 |      0 |         0 
 88672 Thread 20 - PartitionProcessorThre...d32-be67-655b550609df-2-3 |  1170000 |   446000 |   474178566 |  15759050921 |      4096 |      0 |  1153222351 |      0 |      0 |         0 
 88673 Thread 21 - PartitionProcessorThre...d32-be67-655b550609df-2-4 |  1136000 |   418000 |   456322296 |  15157374289 |         0 |      0 |  1195243150 |      0 |      0 |         0 
 88674 Thread 22 - PartitionProcessorThre...d32-be67-655b550609df-2-5 |  1158000 |   427000 |   463847874 |  15455872871 |         0 |      0 |  1250374313 |      0 |      0 |         0 
 88675 Thread 23 - PartitionProcessorThre...d32-be67-655b550609df-2-6 |  1129000 |   414000 |   451680793 |  15046279043 |         0 |      0 |  1057202812 |      0 |      0 |         0 
 88676 Thread 24 - PartitionProcessorThre...d32-be67-655b550609df-2-7 |  1175000 |   391000 |   461258788 |  15273158816 |         0 |      0 |  1068669874 |      0 |      0 |         0 
 88677 Thread 25 - PartitionProcessorThre...d32-be67-655b550609df-2-8 |  1105000 |   377000 |   433699949 |  14448792625 |         0 |      0 |  1048251376 |      0 |      0 |         0 
 88678 Thread 26 - PartitionProcessorThre...d32-be67-655b550609df-2-9 |  1218000 |   393000 |   470789273 |  15704810007 |         0 |      0 |  1192898929 |      0 |      0 |         0 
 88679 Thread 27 - PartitionProcessorThre...32-be67-655b550609df-2-10 |  1259000 |   387000 |   482802753 |  16048178265 |         0 |      0 |  1205473311 |      0 |      0 |         0 
 88680 Thread 28 - PartitionProcessorThre...32-be67-655b550609df-2-11 |  1210000 |   415000 |   475726116 |  15846765949 |         0 |      0 |  1165393013 |      0 |      0 |         0 
 88681 Thread 29 - PartitionProcessorThre...32-be67-655b550609df-2-12 |  1170000 |   425000 |   467885245 |  15556837527 |      1024 |      0 |  1400470889 |      0 |      0 |         0 
 88682 Thread 30 - PartitionProcessorThre...32-be67-655b550609df-2-13 |  1120000 |   390000 |   441644710 |  14725224347 |         0 |      0 |  1044420983 |      0 |      0 |         0 
 88683 Thread 31 - PartitionProcessorThre...32-be67-655b550609df-2-14 |  1131000 |   445000 |   461600152 |  15366787136 |         0 |      0 |  1167205269 |      0 |      0 |         0 
 88684 Thread 32 - PartitionProcessorThre...32-be67-655b550609df-2-15 |  1187000 |   411000 |   467797882 |  15582469957 |         0 |      0 |  1079874592 |      0 |      0 |         0 
 88685 Thread 33 - PartitionProcessorThre...32-be67-655b550609df-2-16 |  1152000 |   406000 |   457241980 |  15196100023 |         0 |      0 |  1283767342 |      0 |      0 |         0 
 88686 Thread 34 - PartitionProcessorThre...32-be67-655b550609df-2-17 |  1201000 |   448000 |   482472882 |  16082417441 |         0 |      0 |  1210014871 |      0 |      0 |         0 
 88687 Thread 35 - PartitionProcessorThre...32-be67-655b550609df-2-18 |  1141000 |   396000 |   450495703 |  14990118468 |         0 |      0 |  1175974326 |      0 |      0 |         0 
 88688 Thread 36 - PartitionProcessorThre...32-be67-655b550609df-2-19 |  1261000 |   402000 |   487703187 |  16222371429 |         0 |      0 |  1163878948 |      0 |      0 |         0 
 88689 Thread 37 - PartitionProcessorThre...d32-be67-655b550609df-1-0 |  1177000 |   443000 |   475745242 |  15808261066 |         0 |      0 |  1168071319 |      0 |      0 |         0 
 88690 Thread 38 - PartitionProcessorThre...d32-be67-655b550609df-1-1 |  1123000 |   437000 |   459492867 |  15222330746 |         0 |      0 |  1115924245 |      0 |      0 |         0 
 88691 Thread 39 - PartitionProcessorThre...d32-be67-655b550609df-1-2 |  1117000 |   390000 |   445167687 |  14705173785 |         0 |      0 |  1234748081 |      0 |      0 |         0 
 88692 Thread 40 - PartitionProcessorThre...d32-be67-655b550609df-1-3 |  1187000 |   416000 |   472910859 |  15642338375 |         0 |      0 |  1114866087 |      0 |      0 |         0 
 88693 Thread 41 - PartitionProcessorThre...d32-be67-655b550609df-1-4 |  1145000 |   393000 |   453126535 |  15008140152 |         0 |      0 |   954976739 |      0 |      0 |         0 
 88694 Thread 42 - PartitionProcessorThre...d32-be67-655b550609df-1-5 |  1113000 |   422000 |   451090425 |  14978802140 |         0 |      0 |  1055134975 |      0 |      0 |         0 
 88695 Thread 43 - PartitionProcessorThre...d32-be67-655b550609df-1-6 |  1168000 |   423000 |   470529023 |  15525613812 |         0 |      0 |   968352441 |      0 |      0 |         0 
 88696 Thread 44 - PartitionProcessorThre...d32-be67-655b550609df-1-7 |  1159000 |   397000 |   458115933 |  15183302125 |         0 |      0 |  1082472217 |      0 |      0 |         0 
 88697 Thread 45 - PartitionProcessorThre...d32-be67-655b550609df-1-8 |  1221000 |   427000 |   485423437 |  16081235105 |         0 |      0 |  1059626129 |      0 |      0 |         0 
 88698 Thread 46 - PartitionProcessorThre...d32-be67-655b550609df-1-9 |  1153000 |   412000 |   459383238 |  15271343488 |         0 |      0 |  1043038425 |      0 |      0 |         0 
 88699 Thread 47 - PartitionProcessorThre...32-be67-655b550609df-1-10 |  1134000 |   416000 |   454938109 |  15125213777 |         0 |      0 |  1099551618 |      0 |      0 |         0 
 88700 Thread 48 - PartitionProcessorThre...32-be67-655b550609df-1-11 |  1151000 |   414000 |   460065109 |  15271263023 |         0 |      0 |  1072947568 |      0 |      0 |         0 
 88701 Thread 49 - PartitionProcessorThre...32-be67-655b550609df-1-12 |  1217000 |   405000 |   477259023 |  15827681937 |         0 |      0 |  1062639962 |      0 |      0 |         0 
 88702 Thread 50 - PartitionProcessorThre...32-be67-655b550609df-1-13 |  1157000 |   423000 |   465959339 |  15417937621 |         0 |      0 |  1165647413 |      0 |      0 |         0 
 88703 Thread 51 - PartitionProcessorThre...32-be67-655b550609df-1-14 |  1207000 |   412000 |   476219328 |  15798463449 |         0 |      0 |  1133181286 |      0 |      0 |         0 
 88704 Thread 52 - PartitionProcessorThre...32-be67-655b550609df-1-15 |  1323000 |   445000 |   519510374 |  17252150964 |         0 |      0 |  1193996732 |      0 |      0 |         0 
 88705 Thread 53 - PartitionProcessorThre...32-be67-655b550609df-1-16 |  1251000 |   427000 |   494573902 |  16374314585 |         0 |      0 |   993997929 |      0 |      0 |         0 
 88706 Thread 54 - PartitionProcessorThre...32-be67-655b550609df-1-17 |  1176000 |   436000 |   474773734 |  15729995707 |         0 |      0 |  1171996493 |      0 |      0 |         0 
 88707 Thread 55 - PartitionProcessorThre...32-be67-655b550609df-1-18 |  1092000 |   427000 |   448217617 |  14822886347 |         0 |      0 |  1201818683 |      0 |      0 |         0 
 88708 Thread 56 - PartitionProcessorThre...32-be67-655b550609df-1-19 |  1132000 |   414000 |   454342754 |  15086283136 |         0 |      0 |  1111631583 |      0 |      0 |         0 
 88709 Thread 57 - PartitionProcessorThre...d32-be67-655b550609df-0-0 |  1152000 |   426000 |   468086996 |  15398496285 |         0 |      0 |  1105607300 |      0 |      0 |         0 
 88710 Thread 58 - PartitionProcessorThre...d32-be67-655b550609df-0-1 |  1118000 |   427000 |   457534504 |  15076464285 |         0 |      0 |  1136940555 |      0 |      0 |         0 
 88711 Thread 59 - PartitionProcessorThre...d32-be67-655b550609df-0-2 |  1145000 |   439000 |   469395203 |  15457130097 |         0 |      0 |  1124520743 |      0 |      0 |         0 
 88712 Thread 60 - PartitionProcessorThre...d32-be67-655b550609df-0-3 |  1135000 |   415000 |   458466968 |  15124923882 |         0 |      0 |  1159743725 |      0 |      0 |         0 
 88713 Thread 61 - PartitionProcessorThre...d32-be67-655b550609df-0-4 |  1081000 |   393000 |   435861738 |  14383478074 |         0 |      0 |  1059889472 |      0 |      0 |         0 
 88714 Thread 62 - PartitionProcessorThre...d32-be67-655b550609df-0-5 |  1087000 |   425000 |   448327558 |  14754716461 |         0 |      0 |   766715248 |      0 |      0 |         0 
 88715 Thread 63 - PartitionProcessorThre...d32-be67-655b550609df-0-6 |  1163000 |   420000 |   468080472 |  15447510386 |         0 |      0 |  1038616980 |      0 |      0 |         0 
 88716 Thread 64 - PartitionProcessorThre...d32-be67-655b550609df-0-7 |  1142000 |   503000 |   486541027 |  16052188273 |         0 |      0 |  1036663181 |      0 |      0 |         0 
 88717 Thread 65 - PartitionProcessorThre...d32-be67-655b550609df-0-8 |  1204000 |   382000 |   469301179 |  15476525039 |         0 |      0 |  1133266591 |      0 |      0 |         0 
 88718 Thread 66 - PartitionProcessorThre...d32-be67-655b550609df-0-9 |  1157000 |   420000 |   466224288 |  15388578011 |         0 |      0 |  1138418146 |      0 |      0 |         0 
 88719 Thread 67 - PartitionProcessorThre...32-be67-655b550609df-0-10 |  1112000 |   383000 |   442788554 |  14588675246 |         0 |      0 |  1170082431 |      0 |      0 |         0 
 88720 Thread 68 - PartitionProcessorThre...32-be67-655b550609df-0-11 |  1081000 |   428000 |   445837675 |  14724890863 |         0 |      0 |  1091655379 |      0 |      0 |         0 
 88721 Thread 69 - PartitionProcessorThre...32-be67-655b550609df-0-12 |  1178000 |   432000 |   475410956 |  15710765382 |         0 |      0 |  1244924260 |      0 |      0 |         0 
 88722 Thread 70 - PartitionProcessorThre...32-be67-655b550609df-0-13 |  1171000 |   395000 |   463357644 |  15281365550 |         0 |      0 |  1228702266 |      0 |      0 |         0 
 88723 Thread 71 - PartitionProcessorThre...32-be67-655b550609df-0-14 |  1138000 |   421000 |   461165554 |  15212827644 |         0 |      0 |  1182049517 |      0 |      0 |         0 
 88724 Thread 72 - PartitionProcessorThre...32-be67-655b550609df-0-15 |  1099000 |   455000 |   459959343 |  15164117964 |         0 |      0 |   994233819 |      0 |      0 |         0 
 88725 Thread 73 - PartitionProcessorThre...32-be67-655b550609df-0-16 |  1199000 |   430000 |   482924417 |  15896263488 |         0 |      0 |  1034408231 |      0 |      0 |         0 
 88726 Thread 74 - PartitionProcessorThre...32-be67-655b550609df-0-17 |  1171000 |   423000 |   471455054 |  15554551824 |  10831872 |      0 |  1065026871 |      0 |      0 |         0 
 88727 Thread 75 - PartitionProcessorThre...32-be67-655b550609df-0-18 |  1091000 |   407000 |   443485402 |  14617625457 |         0 |      0 |  1125336859 |      0 |      0 |         0 
 88728 Thread 76 - PartitionProcessorThre...32-be67-655b550609df-0-19 |  1098000 |   389000 |   440731531 |  14510362293 |         0 |      0 |   971902510 |      0 |      0 |         0 
 89230 Thread 77 - process reaper                                     |     1000 |     2000 |      942097 |     29371468 |         0 |      0 |     1488646 |      0 |      0 |         0 
 89236 Thread 78 - Attach Listener                                    |   436000 |    93000 |   159646908 |   5171850526 |   4931584 | 152576 |     4072111 |      0 |      0 |         0 
