                                 Task                                  |  utime   |  stime   |     rss     |     vmem     |   read    | write  |    d:cpu    |  d:bio  | d:swap | d:reclaim 
 163115 Thread 1 - main                                                |   830000 |   131000 |    65101916 |   7398716286 |  34258944 |   1024 |    16851399 |       0 |      0 |         0 
 163137 Thread 2 - Reference Handler                                   |     4000 |        0 |      369445 |     31719046 |         0 |      0 |     2620811 |       0 |      0 |         0 
 163138 Thread 3 - Finalizer                                           |     7000 |        0 |      556320 |     54566648 |      5120 |      0 |      235963 |       0 |      0 |         0 
 163139 Thread 4 - Surrogate Locker Thread (Concurrent GC)             |        0 |        0 |           0 |            0 |         0 |      0 |           0 |       0 |      0 |         0 
 163140 Thread 5 - Signal Dispatcher                                   |        0 |        0 |           0 |            0 |         0 |      0 |           0 |       0 |      0 |         0 
 163149 Thread 12 - RMI Scheduler(0)                                   |     1000 |     2000 |      667019 |     27304980 |      4096 |      0 |       85014 |       0 |      0 |         0 
 163150 Thread 13 - RMI RenewClean-[10.231.182.152:42698]              |        0 |        0 |           0 |            0 |      1024 |      0 |           0 |       0 |      0 |         0 
 163151 Thread 14 - GC Daemon                                          |        0 |        0 |           0 |            0 |         0 |      0 |           0 |       0 |      0 |         0 
 163154 Thread 15 - DecatonSubscriptionThread-decaton-benchmark        | 28587000 | 34269000 | 18314988051 | 612565894867 | 623348736 | 136192 | 19021802531 |  163942 |      0 |         0 
 163155 Thread 16 - kafka-coordinator-hear...hread | decaton-benchmark |   265000 |    45000 |    90085030 |   3023472213 |   7640064 |   6144 |    22569914 |  485387 |      0 |         0 
 163160 Thread 17 - PartitionProcessorThre...935-87aa-2525db24f8d9-2-0 |  1348000 |   452000 |   519133367 |  17546451658 |     41984 |      0 |  1838013300 |       0 |      0 |         0 
 163161 Thread 18 - PartitionProcessorThre...935-87aa-2525db24f8d9-2-1 |  1388000 |   476000 |   539854382 |  18181194123 |         0 |      0 |  1843784057 |       0 |      0 |         0 
 163162 Thread 19 - PartitionProcessorThre...935-87aa-2525db24f8d9-2-2 |  1471000 |   489000 |   567523277 |  19117187775 |         0 |      0 |  1805596469 |       0 |      0 |         0 
 163163 Thread 20 - PartitionProcessorThre...935-87aa-2525db24f8d9-2-3 |  1324000 |   525000 |   535285074 |  18033754822 |         0 |      0 |  1767773979 |       0 |      0 |         0 
 163164 Thread 21 - PartitionProcessorThre...935-87aa-2525db24f8d9-2-4 |  1409000 |   450000 |   537939117 |  18124545892 |         0 |      0 |  1701635344 |       0 |      0 |         0 
 163165 Thread 22 - PartitionProcessorThre...935-87aa-2525db24f8d9-2-5 |  1292000 |   491000 |   514207656 |  17391614920 |         0 |      0 |  1487031560 |       0 |      0 |         0 
 163166 Thread 23 - PartitionProcessorThre...935-87aa-2525db24f8d9-2-6 |  1360000 |   491000 |   534450519 |  18055691419 |         0 |      0 |  1692849563 |       0 |      0 |         0 
 163167 Thread 24 - PartitionProcessorThre...935-87aa-2525db24f8d9-2-7 |  1334000 |   462000 |   517513894 |  17510978685 |         0 |      0 |  1494583361 |       0 |      0 |         0 
 163168 Thread 25 - PartitionProcessorThre...935-87aa-2525db24f8d9-2-8 |  1384000 |   491000 |   539396761 |  18282540494 |         0 |      0 |  1807274782 |       0 |      0 |         0 
 163169 Thread 26 - PartitionProcessorThre...935-87aa-2525db24f8d9-2-9 |  1367000 |   514000 |   543314547 |  18343377474 |         0 |      0 |  1723199128 |       0 |      0 |         0 
 163170 Thread 27 - PartitionProcessorThre...35-87aa-2525db24f8d9-2-10 |  1461000 |   458000 |   553196480 |  18714330458 |         0 |      0 |  1679617128 |       0 |      0 |         0 
 163171 Thread 28 - PartitionProcessorThre...35-87aa-2525db24f8d9-2-11 |  1397000 |   459000 |   538907550 |  18103905064 |         0 |      0 |  1443672256 |       0 |      0 |         0 
 163172 Thread 29 - PartitionProcessorThre...35-87aa-2525db24f8d9-2-12 |  1344000 |   455000 |   518931679 |  17545981174 |         0 |      0 |  1605503687 |       0 |      0 |         0 
 163173 Thread 30 - PartitionProcessorThre...35-87aa-2525db24f8d9-2-13 |  1416000 |   477000 |   546952476 |  18461376556 |         0 |      0 |  1933285905 |       0 |      0 |         0 
 163174 Thread 31 - PartitionProcessorThre...35-87aa-2525db24f8d9-2-14 |  1379000 |   483000 |   538672933 |  18160798615 |         0 |      0 |  1844446490 |       0 |      0 |         0 
 163175 Thread 32 - PartitionProcessorThre...35-87aa-2525db24f8d9-2-15 |  1376000 |   469000 |   532782074 |  17994334283 |         0 |      0 |  1770001901 |       0 |      0 |         0 
 163176 Thread 33 - PartitionProcessorThre...35-87aa-2525db24f8d9-2-16 |  1344000 |   482000 |   526505359 |  17806841611 |         0 |      0 |  1817374459 |       0 |      0 |         0 
 163177 Thread 34 - PartitionProcessorThre...35-87aa-2525db24f8d9-2-17 |  1322000 |   460000 |   514279125 |  17381645568 |         0 |      0 |  1626007907 |       0 |      0 |         0 
 163178 Thread 35 - PartitionProcessorThre...35-87aa-2525db24f8d9-2-18 |  1400000 |   485000 |   545592461 |  18388881415 |         0 |      0 |  1578091547 |       0 |      0 |         0 
 163179 Thread 36 - PartitionProcessorThre...35-87aa-2525db24f8d9-2-19 |  1320000 |   477000 |   520384609 |  17526539377 |         0 |      0 |  1586825039 |       0 |      0 |         0 
 163181 Thread 37 - PartitionProcessorThre...935-87aa-2525db24f8d9-1-0 |  1386000 |   425000 |   526774789 |  17675043986 |         0 |      0 |  1897108048 |       0 |      0 |         0 
 163182 Thread 38 - PartitionProcessorThre...935-87aa-2525db24f8d9-1-1 |  1325000 |   442000 |   516128070 |  17246172166 |         0 |      0 |  1906918383 |       0 |      0 |         0 
 163183 Thread 39 - PartitionProcessorThre...935-87aa-2525db24f8d9-1-2 |  1411000 |   455000 |   542146890 |  18212769181 |         0 |      0 |  1674083084 |       0 |      0 |         0 
 163184 Thread 40 - PartitionProcessorThre...935-87aa-2525db24f8d9-1-3 |  1326000 |   452000 |   517145320 |  17354462443 |         0 |      0 |  1612730538 |       0 |      0 |         0 
 163185 Thread 41 - PartitionProcessorThre...935-87aa-2525db24f8d9-1-4 |  1329000 |   431000 |   510440172 |  17178829588 |         0 |      0 |  1832462784 |       0 |      0 |         0 
 163186 Thread 42 - PartitionProcessorThre...935-87aa-2525db24f8d9-1-5 |  1310000 |   506000 |   528062472 |  17724908420 |         0 |      0 |  1864306691 |       0 |      0 |         0 
 163187 Thread 43 - PartitionProcessorThre...935-87aa-2525db24f8d9-1-6 |  1388000 |   486000 |   546363589 |  18290600626 |      1024 |      0 |  1688146743 |       0 |      0 |         0 
 163188 Thread 44 - PartitionProcessorThre...935-87aa-2525db24f8d9-1-7 |  1345000 |   445000 |   522531035 |  17471001111 |         0 |      0 |  1554254136 |       0 |      0 |         0 
 163189 Thread 45 - PartitionProcessorThre...935-87aa-2525db24f8d9-1-8 |  1442000 |   505000 |   569269491 |  19002980462 |         0 |      0 |  1687648350 |       0 |      0 |         0 
 163190 Thread 46 - PartitionProcessorThre...935-87aa-2525db24f8d9-1-9 |  1395000 |   494000 |   549670914 |  18436958208 |      1024 |      0 |  1452382829 | 2319748 |      0 |         0 
 163191 Thread 47 - PartitionProcessorThre...35-87aa-2525db24f8d9-1-10 |  1333000 |   449000 |   519015398 |  17392906822 |         0 |      0 |  1571742308 |       0 |      0 |         0 
 163192 Thread 48 - PartitionProcessorThre...35-87aa-2525db24f8d9-1-11 |  1389000 |   527000 |   557464124 |  18701304357 |         0 |      0 |  1643318755 |       0 |      0 |         0 
 163193 Thread 49 - PartitionProcessorThre...35-87aa-2525db24f8d9-1-12 |  1345000 |   514000 |   542501687 |  18144616154 |         0 |      0 |  1837874927 |       0 |      0 |         0 
 163194 Thread 50 - PartitionProcessorThre...35-87aa-2525db24f8d9-1-13 |  1374000 |   465000 |   536803547 |  17949571962 |         0 |      0 |  1736861163 |       0 |      0 |         0 
 163195 Thread 51 - PartitionProcessorThre...35-87aa-2525db24f8d9-1-14 |  1395000 |   495000 |   550958249 |  18447453482 |         0 |      0 |  1761389596 |       0 |      0 |         0 
 163196 Thread 52 - PartitionProcessorThre...35-87aa-2525db24f8d9-1-15 |  1348000 |   508000 |   541894804 |  18116541771 |         0 |      0 |  1641314262 |       0 |      0 |         0 
 163197 Thread 53 - PartitionProcessorThre...35-87aa-2525db24f8d9-1-16 |  1395000 |   488000 |   549355871 |  18379666568 |      1024 |      0 |  1775025753 |       0 |      0 |         0 
 163198 Thread 54 - PartitionProcessorThre...35-87aa-2525db24f8d9-1-17 |  1392000 |   492000 |   546896289 |  18388899333 |         0 |      0 |  1819077665 |       0 |      0 |         0 
 163199 Thread 55 - PartitionProcessorThre...35-87aa-2525db24f8d9-1-18 |  1282000 |   487000 |   515172883 |  17266202822 |         0 |      0 |  1869756421 |       0 |      0 |         0 
 163200 Thread 56 - PartitionProcessorThre...35-87aa-2525db24f8d9-1-19 |  1414000 |   441000 |   542143312 |  18105727115 |         0 |      0 |  1811379991 |       0 |      0 |         0 
 163201 Thread 57 - PartitionProcessorThre...935-87aa-2525db24f8d9-0-0 |  1292000 |   480000 |   518991465 |  17295572424 |         0 |      0 |  1548641825 |       0 |      0 |         0 
 163202 Thread 58 - PartitionProcessorThre...935-87aa-2525db24f8d9-0-1 |  1323000 |   503000 |   534216621 |  17822957462 |         0 |      0 |  1586568540 |       0 |      0 |         0 
 163203 Thread 59 - PartitionProcessorThre...935-87aa-2525db24f8d9-0-2 |  1368000 |   455000 |   535106363 |  17793502025 |         0 |      0 |  1625383719 |       0 |      0 |         0 
 163204 Thread 60 - PartitionProcessorThre...935-87aa-2525db24f8d9-0-3 |  1343000 |   468000 |   529949117 |  17676410056 |         0 |      0 |  1638970416 |       0 |      0 |         0 
 163205 Thread 61 - PartitionProcessorThre...935-87aa-2525db24f8d9-0-4 |  1331000 |   484000 |   532514773 |  17715581935 |         0 |      0 |  1619121896 |       0 |      0 |         0 
 163206 Thread 62 - PartitionProcessorThre...935-87aa-2525db24f8d9-0-5 |  1292000 |   457000 |   511702836 |  17071045295 |         0 |      0 |  1662523376 |       0 |      0 |         0 
 163207 Thread 63 - PartitionProcessorThre...935-87aa-2525db24f8d9-0-6 |  1335000 |   461000 |   527191383 |  17530393482 |         0 |      0 |  1715156315 |       0 |      0 |         0 
 163208 Thread 64 - PartitionProcessorThre...935-87aa-2525db24f8d9-0-7 |  1351000 |   449000 |   528911425 |  17569588502 |         0 |      0 |  1545589984 |       0 |      0 |         0 
 163209 Thread 65 - PartitionProcessorThre...935-87aa-2525db24f8d9-0-8 |  1348000 |   462000 |   530462625 |  17666930572 |         0 |      0 |  1596749862 |       0 |      0 |         0 
 163210 Thread 66 - PartitionProcessorThre...935-87aa-2525db24f8d9-0-9 |  1401000 |   504000 |   557358121 |  18593722685 |         0 |      0 |  1573300197 |       0 |      0 |         0 
 163211 Thread 67 - PartitionProcessorThre...35-87aa-2525db24f8d9-0-10 |  1387000 |   460000 |   541990293 |  18027958673 |         0 |      0 |  1755699164 |       0 |      0 |         0 
 163212 Thread 68 - PartitionProcessorThre...35-87aa-2525db24f8d9-0-11 |  1269000 |   465000 |   507902879 |  16925425416 |         0 |      0 |  1648889869 |       0 |      0 |         0 
 163213 Thread 69 - PartitionProcessorThre...35-87aa-2525db24f8d9-0-12 |  1266000 |   458000 |   504655547 |  16827331881 |         0 |      0 |  1644514749 |       0 |      0 |         0 
 163214 Thread 70 - PartitionProcessorThre...35-87aa-2525db24f8d9-0-13 |  1368000 |   492000 |   545379898 |  18154699021 |         0 |      0 |  1696203007 |       0 |      0 |         0 
 163215 Thread 71 - PartitionProcessorThre...35-87aa-2525db24f8d9-0-14 |  1358000 |   513000 |   549320422 |  18262205712 |         0 |      0 |  1386780838 |       0 |      0 |         0 
 163216 Thread 72 - PartitionProcessorThre...35-87aa-2525db24f8d9-0-15 |  1308000 |   508000 |   533233734 |  17725798494 |         0 |      0 |  1560308166 |       0 |      0 |         0 
 163217 Thread 73 - PartitionProcessorThre...35-87aa-2525db24f8d9-0-16 |  1313000 |   523000 |   539834074 |  17920434166 |         0 |      0 |  1499007173 |       0 |      0 |         0 
 163218 Thread 74 - PartitionProcessorThre...35-87aa-2525db24f8d9-0-17 |  1386000 |   450000 |   537694152 |  17920346310 |         0 |      0 |  1816777261 |       0 |      0 |         0 
 163219 Thread 75 - PartitionProcessorThre...35-87aa-2525db24f8d9-0-18 |  1398000 |   457000 |   544214203 |  18106747396 |         0 |      0 |  1790352562 |       0 |      0 |         0 
 163220 Thread 76 - PartitionProcessorThre...35-87aa-2525db24f8d9-0-19 |  1378000 |   468000 |   540868379 |  18018495646 |         0 |      0 |  1541488204 |       0 |      0 |         0 
 163701 Thread 77 - process reaper                                     |     1000 |        0 |      301992 |      9786226 |         0 |      0 |       25862 |       0 |      0 |         0 
 163706 Thread 78 - Attach Listener                                    |   429000 |    97000 |   157147280 |   5141556327 |   5144576 | 201728 |     4538221 |       0 |      0 |         0 
