                                 Task                                  |  utime   |  stime   |     rss     |     vmem     |   read    | write  |    d:cpu    | d:bio  | d:swap | d:reclaim 
 160412 Thread 1 - main                                                |   799000 |   133000 |    60746635 |   7157989267 |  34258944 |   1024 |    11980431 |      0 |      0 |         0 
 160434 Thread 2 - Reference Handler                                   |     9000 |        0 |     1118398 |     75015558 |         0 |      0 |     1362519 |      0 |      0 |         0 
 160435 Thread 3 - Finalizer                                           |     8000 |     1000 |      840027 |     72290449 |      5120 |      0 |      257844 |      0 |      0 |         0 
 160436 Thread 4 - Surrogate Locker Thread (Concurrent GC)             |        0 |        0 |           0 |            0 |         0 |      0 |       56183 |      0 |      0 |         0 
 160437 Thread 5 - Signal Dispatcher                                   |        0 |        0 |           0 |            0 |         0 |      0 |       85874 |      0 |      0 |         0 
 160446 Thread 12 - RMI Scheduler(0)                                   |     2000 |     1000 |      648031 |     27276273 |      4096 |      0 |      160652 |      0 |      0 |         0 
 160447 Thread 13 - RMI RenewClean-[10.231.182.152:42073]              |        0 |        0 |           0 |            0 |      1024 |      0 |       36559 |      0 |      0 |         0 
 160448 Thread 14 - GC Daemon                                          |        0 |        0 |           0 |            0 |         0 |      0 |       39393 |      0 |      0 |         0 
 160450 Thread 15 - DecatonSubscriptionThread-decaton-benchmark        | 25409000 | 31298000 | 16076198755 | 552389350348 | 574016512 | 129024 | 18483609377 | 196890 |      0 |         0 
 160452 Thread 16 - kafka-coordinator-hear...hread | decaton-benchmark |   206000 |    45000 |    70393022 |   2443493413 |   5681152 |   5120 |    43251350 | 827665 |      0 |         0 
 160456 Thread 17 - PartitionProcessorThre...589-8e20-d5b8636fbdaf-0-0 |  1325000 |   415000 |   489724914 |  16951847865 |     33792 |      0 |  1736290743 |      0 |      0 |         0 
 160457 Thread 18 - PartitionProcessorThre...589-8e20-d5b8636fbdaf-0-1 |  1288000 |   450000 |   489213445 |  16938654181 |      1024 |      0 |  1463166969 |      0 |      0 |         0 
 160458 Thread 19 - PartitionProcessorThre...589-8e20-d5b8636fbdaf-0-2 |  1276000 |   436000 |   483891839 |  16689827533 |         0 |      0 |  1709622614 |      0 |      0 |         0 
 160459 Thread 20 - PartitionProcessorThre...589-8e20-d5b8636fbdaf-0-3 |  1274000 |   418000 |   474481383 |  16487774822 |      3072 |      0 |  1716837902 |      0 |      0 |         0 
 160460 Thread 21 - PartitionProcessorThre...589-8e20-d5b8636fbdaf-0-4 |  1204000 |   420000 |   458073922 |  15822138920 |         0 |      0 |  1619264731 |      0 |      0 |         0 
 160461 Thread 22 - PartitionProcessorThre...589-8e20-d5b8636fbdaf-0-5 |  1214000 |   380000 |   449904934 |  15537367991 |      3072 |      0 |  1513715790 |      0 |      0 |         0 
 160462 Thread 23 - PartitionProcessorThre...589-8e20-d5b8636fbdaf-0-6 |  1264000 |   391000 |   466018363 |  16131154611 |         0 |      0 |  1582446432 |      0 |      0 |         0 
 160463 Thread 24 - PartitionProcessorThre...589-8e20-d5b8636fbdaf-0-7 |  1354000 |   432000 |   504323285 |  17412348521 |         0 |      0 |  1773401243 |      0 |      0 |         0 
 160464 Thread 25 - PartitionProcessorThre...589-8e20-d5b8636fbdaf-0-8 |  1248000 |   431000 |   475690113 |  16373335182 |         0 |      0 |  1867269810 |      0 |      0 |         0 
 160465 Thread 26 - PartitionProcessorThre...589-8e20-d5b8636fbdaf-0-9 |  1322000 |   450000 |   499684195 |  17274139892 |         0 |      0 |  1551977206 |      0 |      0 |         0 
 160466 Thread 27 - PartitionProcessorThre...89-8e20-d5b8636fbdaf-0-10 |  1273000 |   465000 |   492411187 |  16948129556 |         0 |      0 |  1641831318 |      0 |      0 |         0 
 160467 Thread 28 - PartitionProcessorThre...89-8e20-d5b8636fbdaf-0-11 |  1337000 |   401000 |   488994449 |  16939732553 |         0 |      0 |  1693568580 |      0 |      0 |         0 
 160468 Thread 29 - PartitionProcessorThre...89-8e20-d5b8636fbdaf-0-12 |  1216000 |   350000 |   440278066 |  15264738233 |         0 |      0 |  1673230658 |      0 |      0 |         0 
 160469 Thread 30 - PartitionProcessorThre...89-8e20-d5b8636fbdaf-0-13 |  1298000 |   411000 |   481370949 |  16659129092 |         0 |      0 |  1192404617 |      0 |      0 |         0 
 160470 Thread 31 - PartitionProcessorThre...89-8e20-d5b8636fbdaf-0-14 |  1283000 |   420000 |   480694703 |  16603093607 |         0 |      0 |  1430579507 |      0 |      0 |         0 
 160471 Thread 32 - PartitionProcessorThre...89-8e20-d5b8636fbdaf-0-15 |  1347000 |   393000 |   488405976 |  16960010213 |         0 |      0 |  1514246829 |      0 |      0 |         0 
 160472 Thread 33 - PartitionProcessorThre...89-8e20-d5b8636fbdaf-0-16 |  1285000 |   440000 |   487373382 |  16818757346 |      1024 |      0 |  1797001229 |      0 |      0 |         0 
 160473 Thread 34 - PartitionProcessorThre...89-8e20-d5b8636fbdaf-0-17 |  1282000 |   451000 |   486807562 |  16892260103 |         0 |      0 |  1649601448 |      0 |      0 |         0 
 160474 Thread 35 - PartitionProcessorThre...89-8e20-d5b8636fbdaf-0-18 |  1213000 |   442000 |   465165269 |  16130974330 |         0 |      0 |  1777659125 |      0 |      0 |         0 
 160475 Thread 36 - PartitionProcessorThre...89-8e20-d5b8636fbdaf-0-19 |  1227000 |   430000 |   467147672 |  16154740772 |         0 |      0 |  1683812905 |      0 |      0 |         0 
 160476 Thread 37 - PartitionProcessorThre...589-8e20-d5b8636fbdaf-2-0 |  1280000 |   435000 |   487956261 |  16735267580 |         0 |      0 |  1473794278 |      0 |      0 |         0 
 160477 Thread 38 - PartitionProcessorThre...589-8e20-d5b8636fbdaf-2-1 |  1306000 |   447000 |   499729211 |  17105951154 |         0 |      0 |  1542111715 |      0 |      0 |         0 
 160478 Thread 39 - PartitionProcessorThre...589-8e20-d5b8636fbdaf-2-2 |  1263000 |   464000 |   492495464 |  16852070576 |         0 |      0 |  1562496916 |      0 |      0 |         0 
 160479 Thread 40 - PartitionProcessorThre...589-8e20-d5b8636fbdaf-2-3 |  1219000 |   436000 |   471883597 |  16149600361 |         0 |      0 |  1608415726 |      0 |      0 |         0 
 160480 Thread 41 - PartitionProcessorThre...589-8e20-d5b8636fbdaf-2-4 |  1239000 |   415000 |   472338500 |  16140100670 |         0 |      0 |  1508455072 |      0 |      0 |         0 
 160481 Thread 42 - PartitionProcessorThre...589-8e20-d5b8636fbdaf-2-5 |  1264000 |   430000 |   484023679 |  16530208478 |         0 |      0 |  1477504132 |      0 |      0 |         0 
 160482 Thread 43 - PartitionProcessorThre...589-8e20-d5b8636fbdaf-2-6 |  1256000 |   429000 |   481348301 |  16442647393 |         0 |      0 |  1419435105 |      0 |      0 |         0 
 160483 Thread 44 - PartitionProcessorThre...589-8e20-d5b8636fbdaf-2-7 |  1238000 |   473000 |   488602824 |  16696145404 |         0 |      0 |  1621283061 |      0 |      0 |         0 
 160484 Thread 45 - PartitionProcessorThre...589-8e20-d5b8636fbdaf-2-8 |  1171000 |   449000 |   463367258 |  15808394818 |      1024 |      0 |  1494536812 |      0 |      0 |         0 
 160486 Thread 46 - PartitionProcessorThre...589-8e20-d5b8636fbdaf-2-9 |  1273000 |   446000 |   490572613 |  16774478326 |         0 |      0 |  1624094042 |      0 |      0 |         0 
 160487 Thread 47 - PartitionProcessorThre...89-8e20-d5b8636fbdaf-2-10 |  1252000 |   442000 |   483047097 |  16530113896 |         0 |      0 |  1519027847 |      0 |      0 |         0 
 160488 Thread 48 - PartitionProcessorThre...89-8e20-d5b8636fbdaf-2-11 |  1338000 |   434000 |   504475160 |  17291713521 |         0 |      0 |  1704873995 |      0 |      0 |         0 
 160489 Thread 49 - PartitionProcessorThre...89-8e20-d5b8636fbdaf-2-12 |  1308000 |   451000 |   501756898 |  17164619994 |         0 |      0 |  1752937446 |      0 |      0 |         0 
 160490 Thread 50 - PartitionProcessorThre...89-8e20-d5b8636fbdaf-2-13 |  1279000 |   412000 |   482022078 |  16500655197 |         0 |      0 |  1640273558 |      0 |      0 |         0 
 160491 Thread 51 - PartitionProcessorThre...89-8e20-d5b8636fbdaf-2-14 |  1313000 |   457000 |   505366835 |  17271821548 |         0 |      0 |  1742025920 |      0 |      0 |         0 
 160492 Thread 52 - PartitionProcessorThre...89-8e20-d5b8636fbdaf-2-15 |  1270000 |   460000 |   493001023 |  16882011158 |         0 |      0 |  1515370180 |      0 |      0 |         0 
 160493 Thread 53 - PartitionProcessorThre...89-8e20-d5b8636fbdaf-2-16 |  1225000 |   435000 |   474773027 |  16198952283 |         0 |      0 |  1463576524 |      0 |      0 |         0 
 160494 Thread 54 - PartitionProcessorThre...89-8e20-d5b8636fbdaf-2-17 |  1278000 |   446000 |   491785535 |  16823143580 |         0 |      0 |  1686533655 |      0 |      0 |         0 
 160495 Thread 55 - PartitionProcessorThre...89-8e20-d5b8636fbdaf-2-18 |  1227000 |   467000 |   482456375 |  16530162682 |         0 |      0 |  1646049414 |      0 |      0 |         0 
 160496 Thread 56 - PartitionProcessorThre...89-8e20-d5b8636fbdaf-2-19 |  1244000 |   423000 |   474796828 |  16266746990 |         0 |      0 |  1603774265 |      0 |      0 |         0 
 160497 Thread 57 - PartitionProcessorThre...589-8e20-d5b8636fbdaf-1-0 |  1266000 |   367000 |   468046238 |  15935474373 |         0 |      0 |  1264625793 |      0 |      0 |         0 
 160498 Thread 58 - PartitionProcessorThre...589-8e20-d5b8636fbdaf-1-1 |  1235000 |   436000 |   478595129 |  16306451436 |         0 |      0 |  1391239228 |      0 |      0 |         0 
 160499 Thread 59 - PartitionProcessorThre...589-8e20-d5b8636fbdaf-1-2 |  1157000 |   455000 |   461666484 |  15730529858 |         0 |      0 |  1424608726 |      0 |      0 |         0 
 160500 Thread 60 - PartitionProcessorThre...589-8e20-d5b8636fbdaf-1-3 |  1237000 |   420000 |   474127328 |  16169854791 |         0 |      0 |  1277510592 |      0 |      0 |         0 
 160501 Thread 61 - PartitionProcessorThre...589-8e20-d5b8636fbdaf-1-4 |  1267000 |   451000 |   491833992 |  16764999178 |  10831872 |      0 |  1502380665 |      0 |      0 |         0 
 160502 Thread 62 - PartitionProcessorThre...589-8e20-d5b8636fbdaf-1-5 |  1224000 |   419000 |   469852371 |  16032467510 |         0 |      0 |  1317515149 |      0 |      0 |         0 
 160503 Thread 63 - PartitionProcessorThre...589-8e20-d5b8636fbdaf-1-6 |  1314000 |   469000 |   508716707 |  17399025927 |         0 |      0 |  1479845786 |      0 |      0 |         0 
 160504 Thread 64 - PartitionProcessorThre...589-8e20-d5b8636fbdaf-1-7 |  1197000 |   451000 |   472026336 |  16081586834 |         0 |      0 |  1443836857 |      0 |      0 |         0 
 160505 Thread 65 - PartitionProcessorThre...589-8e20-d5b8636fbdaf-1-8 |  1219000 |   461000 |   480771387 |  16394302978 |         0 |      0 |  1568595361 |      0 |      0 |         0 
 160506 Thread 66 - PartitionProcessorThre...589-8e20-d5b8636fbdaf-1-9 |  1313000 |   399000 |   489900500 |  16706256533 |         0 |      0 |  1479872870 |      0 |      0 |         0 
 160507 Thread 67 - PartitionProcessorThre...89-8e20-d5b8636fbdaf-1-10 |  1232000 |   418000 |   472334070 |  16101373014 |         0 |      0 |  1363224941 |      0 |      0 |         0 
 160508 Thread 68 - PartitionProcessorThre...89-8e20-d5b8636fbdaf-1-11 |  1177000 |   415000 |   456211266 |  15535092377 |         0 |      0 |  1375818056 |      0 |      0 |         0 
 160509 Thread 69 - PartitionProcessorThre...89-8e20-d5b8636fbdaf-1-12 |  1202000 |   448000 |   472430972 |  16101001557 |         0 |      0 |  1461697335 |      0 |      0 |         0 
 160510 Thread 70 - PartitionProcessorThre...89-8e20-d5b8636fbdaf-1-13 |  1295000 |   425000 |   491643203 |  16784083056 |         0 |      0 |  1434397852 |      0 |      0 |         0 
 160511 Thread 71 - PartitionProcessorThre...89-8e20-d5b8636fbdaf-1-14 |  1253000 |   418000 |   478988203 |  16306365311 |         0 |      0 |  1435571827 |      0 |      0 |         0 
 160512 Thread 72 - PartitionProcessorThre...89-8e20-d5b8636fbdaf-1-15 |  1288000 |   428000 |   490962816 |  16745568517 |         0 |      0 |  1506202322 |      0 |      0 |         0 
 160513 Thread 73 - PartitionProcessorThre...89-8e20-d5b8636fbdaf-1-16 |  1243000 |   421000 |   475731269 |  16237574654 |         0 |      0 |  1538489737 |      0 |      0 |         0 
 160514 Thread 74 - PartitionProcessorThre...89-8e20-d5b8636fbdaf-1-17 |  1265000 |   413000 |   480993390 |  16374755803 |         0 |      0 |  1435480681 |      0 |      0 |         0 
 160515 Thread 75 - PartitionProcessorThre...89-8e20-d5b8636fbdaf-1-18 |  1165000 |   469000 |   467419969 |  15945195287 |         0 |      0 |  1521071633 |      0 |      0 |         0 
 160516 Thread 76 - PartitionProcessorThre...89-8e20-d5b8636fbdaf-1-19 |  1160000 |   430000 |   454900531 |  15515720873 |         0 |      0 |  1573092574 |      0 |      0 |         0 
 160921 Thread 77 - process reaper                                     |     1000 |     1000 |      587566 |     19543968 |         0 |      0 |      186746 |      0 |      0 |         0 
 160926 Thread 78 - Attach Listener                                    |   422000 |   100000 |   152877334 |   5102410042 |   5144576 | 116736 |      938765 | 647836 |      0 |         0 
