                                 Task                                 |  utime   |  stime   |     rss     |     vmem     |   read    | write  |    d:cpu    | d:bio  | d:swap | d:reclaim 
 30116 Thread 1 - main                                                |  1067000 |   112000 |    77869372 |   8301533457 |  14848000 |   1024 |     4246016 |      0 |      0 |         0 
 30124 Thread 2 - Reference Handler                                   |     2000 |        0 |       97277 |     13453179 |         0 |      0 |      526227 |      0 |      0 |         0 
 30125 Thread 3 - Finalizer                                           |        0 |        0 |           0 |            0 |      5120 |      0 |        8013 |      0 |      0 |         0 
 30126 Thread 4 - Signal Dispatcher                                   |        0 |        0 |           0 |            0 |         0 |      0 |       14076 |      0 |      0 |         0 
 30132 Thread 11 - Common-Cleaner                                     |     1000 |     1000 |      333003 |     16686765 |         0 |      0 |      717487 |      0 |      0 |         0 
 30139 Thread 13 - RMI Scheduler(0)                                   |     1000 |        0 |       77242 |      6980457 |      1024 |      0 |      299209 |      0 |      0 |         0 
 30145 Thread 14 - RMI RenewClean-[10.231.182.152:41256]              |     2000 |        0 |      173894 |     14875531 |         0 |      0 |       24398 |      0 |      0 |         0 
 30146 Thread 15 - RMI GC Daemon                                      |        0 |        0 |           0 |            0 |         0 |      0 |     1031413 |      0 |      0 |         0 
 30149 Thread 16 - DecatonSubscriptionThread-decaton-benchmark        | 24839000 | 34763000 | 17171033808 | 588125006014 | 623670272 | 106496 | 13951146932 | 280743 |      0 |         0 
 30151 Thread 17 - kafka-coordinator-hear...hread | decaton-benchmark |   240000 |    40000 |    78757476 |   2741734350 |   6734848 |   5120 |    28550171 | 402321 |      0 |         0 
 30156 Thread 18 - PartitionProcessorThre...a69-b36a-347e66d5d4f7-0-0 |  1088000 |   431000 |   433136356 |  14977584191 |     33792 |      0 |   864191768 |      0 |      0 |         0 
 30157 Thread 19 - PartitionProcessorThre...a69-b36a-347e66d5d4f7-0-1 |  1179000 |   381000 |   445253755 |  15387971593 |      4096 |      0 |   901129975 |      0 |      0 |         0 
 30158 Thread 20 - PartitionProcessorThre...a69-b36a-347e66d5d4f7-0-2 |  1172000 |   397000 |   448054684 |  15474122992 |         0 |      0 |  1010055148 |      0 |      0 |         0 
 30159 Thread 21 - PartitionProcessorThre...a69-b36a-347e66d5d4f7-0-3 |  1141000 |   409000 |   443318294 |  15295123390 |         0 |      0 |   903112899 |      0 |      0 |         0 
 30160 Thread 22 - PartitionProcessorThre...a69-b36a-347e66d5d4f7-0-4 |  1097000 |   409000 |   431075532 |  14860833414 |         0 |      0 |  1026610013 |      0 |      0 |         0 
 30161 Thread 23 - PartitionProcessorThre...a69-b36a-347e66d5d4f7-0-5 |  1142000 |   435000 |   450946606 |  15560819101 |      1024 |      0 |   921342060 |      0 |      0 |         0 
 30162 Thread 24 - PartitionProcessorThre...a69-b36a-347e66d5d4f7-0-6 |  1130000 |   405000 |   438856512 |  15150240218 |         0 |      0 |   978695984 |      0 |      0 |         0 
 30163 Thread 25 - PartitionProcessorThre...a69-b36a-347e66d5d4f7-0-7 |  1150000 |   383000 |   437199055 |  15123003500 |      9216 |      0 |  1021782735 |      0 |      0 |         0 
 30164 Thread 26 - PartitionProcessorThre...a69-b36a-347e66d5d4f7-0-8 |  1095000 |   401000 |   428071641 |  14759763265 |         0 |      0 |   940886285 |      0 |      0 |         0 
 30165 Thread 27 - PartitionProcessorThre...a69-b36a-347e66d5d4f7-0-9 |  1134000 |   373000 |   429294032 |  14863593324 |         0 |      0 |   901233293 |      0 |      0 |         0 
 30166 Thread 28 - PartitionProcessorThre...69-b36a-347e66d5d4f7-0-10 |  1134000 |   402000 |   439938712 |  15159651789 |         0 |      0 |  1141335456 |      0 |      0 |         0 
 30167 Thread 29 - PartitionProcessorThre...69-b36a-347e66d5d4f7-0-11 |  1051000 |   392000 |   411787817 |  14232854695 |         0 |      0 |   933279818 |      0 |      0 |         0 
 30168 Thread 30 - PartitionProcessorThre...69-b36a-347e66d5d4f7-0-12 |  1142000 |   392000 |   436767911 |  15128686722 |         0 |      0 |  1007405118 |      0 |      0 |         0 
 30169 Thread 31 - PartitionProcessorThre...69-b36a-347e66d5d4f7-0-13 |  1164000 |   421000 |   453501368 |  15639774171 |         0 |      0 |   864310526 |      0 |      0 |         0 
 30170 Thread 32 - PartitionProcessorThre...69-b36a-347e66d5d4f7-0-14 |  1125000 |   451000 |   450564915 |  15546999484 |         0 |      0 |  1106758787 |      0 |      0 |         0 
 30171 Thread 33 - PartitionProcessorThre...69-b36a-347e66d5d4f7-0-15 |  1125000 |   429000 |   445975067 |  15340730152 |         0 |      0 |  1014257319 |      0 |      0 |         0 
 30172 Thread 34 - PartitionProcessorThre...69-b36a-347e66d5d4f7-0-16 |  1104000 |   396000 |   428704407 |  14799272265 |         0 |      0 |  1037562931 |      0 |      0 |         0 
 30173 Thread 35 - PartitionProcessorThre...69-b36a-347e66d5d4f7-0-17 |  1089000 |   371000 |   413970458 |  14393984879 |      3072 |      0 |  1057032606 |      0 |      0 |         0 
 30174 Thread 36 - PartitionProcessorThre...69-b36a-347e66d5d4f7-0-18 |  1118000 |   416000 |   438176790 |  15137676648 |         0 |      0 |  1108245566 |      0 |      0 |         0 
 30175 Thread 37 - PartitionProcessorThre...69-b36a-347e66d5d4f7-0-19 |  1164000 |   391000 |   441714493 |  15330397648 |         0 |      0 |   947903141 |      0 |      0 |         0 
 30185 Thread 38 - PartitionProcessorThre...a69-b36a-347e66d5d4f7-1-0 |  1003000 |   436000 |   416144880 |  14231239156 |         0 |      0 |   872399654 |      0 |      0 |         0 
 30186 Thread 39 - PartitionProcessorThre...a69-b36a-347e66d5d4f7-1-1 |  1137000 |   452000 |   458921801 |  15714791730 |         0 |      0 |   945312616 |      0 |      0 |         0 
 30187 Thread 40 - PartitionProcessorThre...a69-b36a-347e66d5d4f7-1-2 |  1117000 |   457000 |   455106294 |  15566272890 |         0 |      0 |  1156404134 |      0 |      0 |         0 
 30188 Thread 41 - PartitionProcessorThre...a69-b36a-347e66d5d4f7-1-3 |  1083000 |   400000 |   429089700 |  14666115109 |         0 |      0 |  1008452088 |      0 |      0 |         0 
 30189 Thread 42 - PartitionProcessorThre...a69-b36a-347e66d5d4f7-1-4 |  1132000 |   403000 |   444564966 |  15181306980 |         0 |      0 |   868974128 |      0 |      0 |         0 
 30190 Thread 43 - PartitionProcessorThre...a69-b36a-347e66d5d4f7-1-5 |  1160000 |   451000 |   466072559 |  15932111745 |         0 |      0 |  1074201431 |      0 |      0 |         0 
 30191 Thread 44 - PartitionProcessorThre...a69-b36a-347e66d5d4f7-1-6 |  1079000 |   385000 |   424189700 |  14478520191 |         0 |      0 |  1108749416 |      0 |      0 |         0 
 30192 Thread 45 - PartitionProcessorThre...a69-b36a-347e66d5d4f7-1-7 |  1056000 |   431000 |   431041798 |  14707026160 |         0 |      0 |  1107555575 |      0 |      0 |         0 
 30193 Thread 46 - PartitionProcessorThre...a69-b36a-347e66d5d4f7-1-8 |  1096000 |   441000 |   444394087 |  15201056847 |         0 |      0 |  1050555538 |      0 |      0 |         0 
 30194 Thread 47 - PartitionProcessorThre...a69-b36a-347e66d5d4f7-1-9 |  1096000 |   417000 |   436952622 |  14963089777 |         0 |      0 |   975796023 |      0 |      0 |         0 
 30195 Thread 48 - PartitionProcessorThre...69-b36a-347e66d5d4f7-1-10 |  1074000 |   392000 |   423516700 |  14498991156 |         0 |      0 |  1032235425 |      0 |      0 |         0 
 30196 Thread 49 - PartitionProcessorThre...69-b36a-347e66d5d4f7-1-11 |  1098000 |   420000 |   440192669 |  15013362422 |         0 |      0 |   976925496 |      0 |      0 |         0 
 30197 Thread 50 - PartitionProcessorThre...69-b36a-347e66d5d4f7-1-12 |  1116000 |   420000 |   445258997 |  15190908628 |         0 |      0 |  1080762650 |      0 |      0 |         0 
 30198 Thread 51 - PartitionProcessorThre...69-b36a-347e66d5d4f7-1-13 |  1109000 |   447000 |   449255712 |  15388411144 |         0 |      0 |  1048381845 |      0 |      0 |         0 
 30199 Thread 52 - PartitionProcessorThre...69-b36a-347e66d5d4f7-1-14 |  1095000 |   446000 |   445418028 |  15240320789 |         0 |      0 |   895116345 |      0 |      0 |         0 
 30200 Thread 53 - PartitionProcessorThre...69-b36a-347e66d5d4f7-1-15 |  1108000 |   422000 |   441078817 |  15131072558 |         0 |      0 |   948650627 |      0 |      0 |         0 
 30201 Thread 54 - PartitionProcessorThre...69-b36a-347e66d5d4f7-1-16 |  1047000 |   394000 |   416446263 |  14251393672 |      1024 |      0 |   885932457 |      0 |      0 |         0 
 30202 Thread 55 - PartitionProcessorThre...69-b36a-347e66d5d4f7-1-17 |  1062000 |   440000 |   434570501 |  14854425941 |         0 |      0 |   986441935 |      0 |      0 |         0 
 30203 Thread 56 - PartitionProcessorThre...69-b36a-347e66d5d4f7-1-18 |  1040000 |   363000 |   406588446 |  13875599285 |         0 |      0 |   896385253 |      0 |      0 |         0 
 30204 Thread 57 - PartitionProcessorThre...69-b36a-347e66d5d4f7-1-19 |  1090000 |   444000 |   444327571 |  15171524316 |         0 |      0 |  1035227287 |      0 |      0 |         0 
 30206 Thread 58 - PartitionProcessorThre...a69-b36a-347e66d5d4f7-2-0 |  1057000 |   404000 |   424708067 |  14449779191 |         0 |      0 |   938106739 |      0 |      0 |         0 
 30207 Thread 59 - PartitionProcessorThre...a69-b36a-347e66d5d4f7-2-1 |  1075000 |   416000 |   433520294 |  14746847793 |         0 |      0 |   956421043 |      0 |      0 |         0 
 30208 Thread 60 - PartitionProcessorThre...a69-b36a-347e66d5d4f7-2-2 |  1067000 |   424000 |   433013563 |  14746256515 |         0 |      0 |   946733462 |      0 |      0 |         0 
 30209 Thread 61 - PartitionProcessorThre...a69-b36a-347e66d5d4f7-2-3 |  1145000 |   357000 |   436602083 |  14854395757 |         0 |      0 |   908604100 |      0 |      0 |         0 
 30210 Thread 62 - PartitionProcessorThre...a69-b36a-347e66d5d4f7-2-4 |  1101000 |   430000 |   444883481 |  15141452125 |         0 |      0 |   922243472 |      0 |      0 |         0 
 30211 Thread 63 - PartitionProcessorThre...a69-b36a-347e66d5d4f7-2-5 |  1080000 |   407000 |   431954075 |  14706522859 |         0 |      0 |   942856335 |      0 |      0 |         0 
 30212 Thread 64 - PartitionProcessorThre...a69-b36a-347e66d5d4f7-2-6 |  1120000 |   405000 |   441332743 |  15082744484 |         0 |      0 |  1032749538 |      0 |      0 |         0 
 30213 Thread 65 - PartitionProcessorThre...a69-b36a-347e66d5d4f7-2-7 |  1083000 |   402000 |   431481610 |  14686866582 |         0 |      0 |   987282931 |      0 |      0 |         0 
 30214 Thread 66 - PartitionProcessorThre...a69-b36a-347e66d5d4f7-2-8 |  1062000 |   398000 |   423835227 |  14439913394 |         0 |      0 |   910912497 |      0 |      0 |         0 
 30215 Thread 67 - PartitionProcessorThre...a69-b36a-347e66d5d4f7-2-9 |  1095000 |   378000 |   428467212 |  14567942000 |         0 |      0 |   925353463 |      0 |      0 |         0 
 30216 Thread 68 - PartitionProcessorThre...69-b36a-347e66d5d4f7-2-10 |  1065000 |   430000 |   433556751 |  14785897988 |         0 |      0 |   996329363 |      0 |      0 |         0 
 30217 Thread 69 - PartitionProcessorThre...69-b36a-347e66d5d4f7-2-11 |  1125000 |   432000 |   451644368 |  15398911144 |         0 |      0 |   841696690 |      0 |      0 |         0 
 30218 Thread 70 - PartitionProcessorThre...69-b36a-347e66d5d4f7-2-12 |  1065000 |   386000 |   420543802 |  14350284441 |         0 |      0 |   920965848 |      0 |      0 |         0 
 30219 Thread 71 - PartitionProcessorThre...69-b36a-347e66d5d4f7-2-13 |  1069000 |   381000 |   419495915 |  14340469414 |         0 |      0 |  1026525931 |      0 |      0 |         0 
 30220 Thread 72 - PartitionProcessorThre...69-b36a-347e66d5d4f7-2-14 |  1119000 |   406000 |   441237411 |  15081947000 |         0 |      0 |   881809526 |      0 |      0 |         0 
 30221 Thread 73 - PartitionProcessorThre...69-b36a-347e66d5d4f7-2-15 |  1042000 |   422000 |   426292970 |  14479783492 |         0 |      0 |  1023294212 |      0 |      0 |         0 
 30222 Thread 74 - PartitionProcessorThre...69-b36a-347e66d5d4f7-2-16 |  1124000 |   418000 |   446511368 |  15250608781 |         0 |      0 |   953454700 |      0 |      0 |         0 
 30223 Thread 75 - PartitionProcessorThre...69-b36a-347e66d5d4f7-2-17 |  1068000 |   426000 |   434064927 |  14776046566 |         0 |      0 |   757150021 |      0 |      0 |         0 
 30224 Thread 76 - PartitionProcessorThre...69-b36a-347e66d5d4f7-2-18 |  1049000 |   406000 |   422565020 |  14390242011 |         0 |      0 |   901371842 |      0 |      0 |         0 
 30225 Thread 77 - PartitionProcessorThre...69-b36a-347e66d5d4f7-2-19 |  1042000 |   387000 |   414760017 |  14133340875 |         0 |      0 |   790773005 |      0 |      0 |         0 
 30702 Thread 78 - process reaper                                     |        0 |        0 |           0 |            0 |      1024 |      0 |      235736 |      0 |      0 |         0 
 30706 Thread 79 - Attach Listener                                    |   111000 |    96000 |    61382444 |   2051667968 |   4657152 | 139264 |     1796018 |      0 |      0 |         0 
