                                 Task                                  |  utime   |  stime   |     rss     |     vmem     |   read    | write  |    d:cpu    | d:bio  | d:swap | d:reclaim 
 139024 Thread 1 - main                                                |  1030000 |   106000 |    77349173 |   8006554841 |  14848000 |   1024 |     9912290 |      0 |      0 |         0 
 139031 Thread 2 - Reference Handler                                   |     1000 |        0 |       80109 |      7240496 |         0 |      0 |      469870 |      0 |      0 |         0 
 139032 Thread 3 - Finalizer                                           |        0 |        0 |           0 |            0 |      5120 |      0 |      190066 |      0 |      0 |         0 
 139033 Thread 4 - Signal Dispatcher                                   |        0 |     1000 |      339753 |      9886957 |         0 |      0 |           0 |      0 |      0 |         0 
 139040 Thread 11 - Common-Cleaner                                     |     2000 |        0 |      161683 |     15847550 |         0 |      0 |      593455 |      0 |      0 |         0 
 139048 Thread 13 - RMI Scheduler(0)                                   |     3000 |        0 |      778765 |     26689101 |      1024 |      0 |      194331 |      0 |      0 |         0 
 139054 Thread 14 - RMI RenewClean-[10.231.182.152:41820]              |     2000 |        0 |      168523 |     14745015 |         0 |      0 |        4526 |      0 |      0 |         0 
 139055 Thread 15 - RMI GC Daemon                                      |        0 |        0 |           0 |            0 |         0 |      0 |     3368271 |      0 |      0 |         0 
 139058 Thread 16 - DecatonSubscriptionThread-decaton-benchmark        | 25458000 | 35279000 | 20471783870 | 599299547725 | 624412672 | 107520 | 14512584448 | 255196 |      0 |         0 
 139062 Thread 17 - kafka-coordinator-hear...hread | decaton-benchmark |   242000 |    42000 |    93192765 |   2790943284 |   6036480 |   5120 |    15625691 | 417720 |      0 |         0 
 139065 Thread 18 - PartitionProcessorThre...b65-a875-de27273ef71a-2-0 |  1142000 |   419000 |   522082868 |  15402957964 |     33792 |      0 |  1075271397 |      0 |      0 |         0 
 139066 Thread 19 - PartitionProcessorThre...b65-a875-de27273ef71a-2-1 |  1189000 |   431000 |   543836950 |  15989061781 |         0 |      0 |  1215286405 |      0 |      0 |         0 
 139067 Thread 20 - PartitionProcessorThre...b65-a875-de27273ef71a-2-2 |  1206000 |   410000 |   537868899 |  15940878195 |      3072 |      0 |   871629925 |      0 |      0 |         0 
 139068 Thread 21 - PartitionProcessorThre...b65-a875-de27273ef71a-2-3 |  1202000 |   440000 |   546700348 |  16198295890 |         0 |      0 |  1040083440 |      0 |      0 |         0 
 139069 Thread 22 - PartitionProcessorThre...b65-a875-de27273ef71a-2-4 |  1216000 |   389000 |   534267653 |  15837381941 |         0 |      0 |   919662253 |      0 |      0 |         0 
 139070 Thread 23 - PartitionProcessorThre...b65-a875-de27273ef71a-2-5 |  1193000 |   461000 |   555485508 |  16333377515 |         0 |      0 |   978549363 |      0 |      0 |         0 
 139071 Thread 24 - PartitionProcessorThre...b65-a875-de27273ef71a-2-6 |  1222000 |   398000 |   539345176 |  15986011101 |         0 |      0 |  1155613657 |      0 |      0 |         0 
 139072 Thread 25 - PartitionProcessorThre...b65-a875-de27273ef71a-2-7 |  1171000 |   398000 |   521720454 |  15476059621 |         0 |      0 |  1031318807 |      0 |      0 |         0 
 139073 Thread 26 - PartitionProcessorThre...b65-a875-de27273ef71a-2-8 |  1302000 |   391000 |   570178078 |  16717642218 |         0 |      0 |  1053315597 |      0 |      0 |         0 
 139074 Thread 27 - PartitionProcessorThre...b65-a875-de27273ef71a-2-9 |  1281000 |   435000 |   573348512 |  16940932210 |         0 |      0 |  1079412678 |      0 |      0 |         0 
 139075 Thread 28 - PartitionProcessorThre...65-a875-de27273ef71a-2-10 |  1237000 |   426000 |   554697586 |  16413069378 |      3072 |      0 |  1091046913 |      0 |      0 |         0 
 139076 Thread 29 - PartitionProcessorThre...65-a875-de27273ef71a-2-11 |  1258000 |   458000 |   572244977 |  16937540734 |         0 |      0 |  1217806425 |      0 |      0 |         0 
 139077 Thread 30 - PartitionProcessorThre...65-a875-de27273ef71a-2-12 |  1220000 |   389000 |   535769278 |  15882518980 |      1024 |      0 |  1134082953 |      0 |      0 |         0 
 139078 Thread 31 - PartitionProcessorThre...65-a875-de27273ef71a-2-13 |  1187000 |   442000 |   546538598 |  16084002007 |         0 |      0 |  1131639882 |      0 |      0 |         0 
 139079 Thread 32 - PartitionProcessorThre...65-a875-de27273ef71a-2-14 |  1145000 |   414000 |   520601985 |  15386909578 |         0 |      0 |  1132895117 |      0 |      0 |         0 
 139080 Thread 33 - PartitionProcessorThre...65-a875-de27273ef71a-2-15 |  1203000 |   439000 |   551383758 |  16217159097 |         0 |      0 |  1159347595 |      0 |      0 |         0 
 139081 Thread 34 - PartitionProcessorThre...65-a875-de27273ef71a-2-16 |  1210000 |   388000 |   534816051 |  15782023863 |         0 |      0 |  1138919152 |      0 |      0 |         0 
 139082 Thread 35 - PartitionProcessorThre...65-a875-de27273ef71a-2-17 |  1176000 |   420000 |   533979079 |  15757590527 |         0 |      0 |   986761092 |      0 |      0 |         0 
 139083 Thread 36 - PartitionProcessorThre...65-a875-de27273ef71a-2-18 |  1276000 |   421000 |   568810196 |  16755457644 |         0 |      0 |   933775731 |      0 |      0 |         0 
 139084 Thread 37 - PartitionProcessorThre...65-a875-de27273ef71a-2-19 |  1185000 |   402000 |   529327625 |  15666850867 |      1024 |      0 |   967368113 |      0 |      0 |         0 
 139088 Thread 38 - PartitionProcessorThre...b65-a875-de27273ef71a-0-0 |  1178000 |   415000 |   535101914 |  15754027581 |         0 |      0 |  1224775830 |      0 |      0 |         0 
 139089 Thread 39 - PartitionProcessorThre...b65-a875-de27273ef71a-0-1 |  1093000 |   426000 |   509792633 |  15021987402 |         0 |      0 |  1119985368 |      0 |      0 |         0 
 139090 Thread 40 - PartitionProcessorThre...b65-a875-de27273ef71a-0-2 |  1163000 |   412000 |   529317743 |  15576103648 |         0 |      0 |  1089456049 |      0 |      0 |         0 
 139091 Thread 41 - PartitionProcessorThre...b65-a875-de27273ef71a-0-3 |  1180000 |   421000 |   540142293 |  15834170097 |         0 |      0 |   980101175 |      0 |      0 |         0 
 139092 Thread 42 - PartitionProcessorThre...b65-a875-de27273ef71a-0-4 |  1167000 |   404000 |   529842352 |  15537335726 |      1024 |      0 |  1052344445 |      0 |      0 |         0 
 139093 Thread 43 - PartitionProcessorThre...b65-a875-de27273ef71a-0-5 |  1187000 |   420000 |   540638903 |  15893068253 |         0 |      0 |  1108735739 |      0 |      0 |         0 
 139094 Thread 44 - PartitionProcessorThre...b65-a875-de27273ef71a-0-6 |  1243000 |   374000 |   544439329 |  15991665765 |         0 |      0 |  1007801034 |      0 |      0 |         0 
 139095 Thread 45 - PartitionProcessorThre...b65-a875-de27273ef71a-0-7 |  1150000 |   419000 |   527975625 |  15517614109 |         0 |      0 |   944152020 |      0 |      0 |         0 
 139096 Thread 46 - PartitionProcessorThre...b65-a875-de27273ef71a-0-8 |  1173000 |   390000 |   524442977 |  15457590851 |         0 |      0 |  1099597962 |      0 |      0 |         0 
 139097 Thread 47 - PartitionProcessorThre...b65-a875-de27273ef71a-0-9 |  1164000 |   403000 |   526946930 |  15497743796 |         0 |      0 |  1008670399 |      0 |      0 |         0 
 139098 Thread 48 - PartitionProcessorThre...65-a875-de27273ef71a-0-10 |  1145000 |   405000 |   525143942 |  15330444625 |         0 |      0 |   909165580 |      0 |      0 |         0 
 139099 Thread 49 - PartitionProcessorThre...65-a875-de27273ef71a-0-11 |  1205000 |   384000 |   537835344 |  15716285519 |         0 |      0 |  1111154024 |      0 |      0 |         0 
 139100 Thread 50 - PartitionProcessorThre...65-a875-de27273ef71a-0-12 |  1131000 |   360000 |   501368325 |  14745492031 |         0 |      0 |   839182802 |      0 |      0 |         0 
 139101 Thread 51 - PartitionProcessorThre...65-a875-de27273ef71a-0-13 |  1147000 |   387000 |   516379376 |  15171536441 |         0 |      0 |  1105187020 |      0 |      0 |         0 
 139102 Thread 52 - PartitionProcessorThre...65-a875-de27273ef71a-0-14 |  1165000 |   410000 |   531384856 |  15576279515 |      1024 |      0 |  1113083483 |      0 |      0 |         0 
 139103 Thread 53 - PartitionProcessorThre...65-a875-de27273ef71a-0-15 |  1183000 |   421000 |   539067364 |  15863570191 |         0 |      0 |  1006264269 |      0 |      0 |         0 
 139104 Thread 54 - PartitionProcessorThre...65-a875-de27273ef71a-0-16 |  1173000 |   374000 |   521327227 |  15299606734 |         0 |      0 |  1147132705 |      0 |      0 |         0 
 139105 Thread 55 - PartitionProcessorThre...65-a875-de27273ef71a-0-17 |  1197000 |   421000 |   543995352 |  16002108847 |         0 |      0 |  1086350003 |      0 |      0 |         0 
 139106 Thread 56 - PartitionProcessorThre...65-a875-de27273ef71a-0-18 |  1208000 |   420000 |   547785223 |  16101374878 |         0 |      0 |  1079166965 |      0 |      0 |         0 
 139107 Thread 57 - PartitionProcessorThre...65-a875-de27273ef71a-0-19 |  1147000 |   438000 |   533618133 |  15676064992 |         0 |      0 |  1034311977 |      0 |      0 |         0 
 139108 Thread 58 - PartitionProcessorThre...b65-a875-de27273ef71a-1-0 |  1189000 |   463000 |   560559297 |  16337975800 |         0 |      0 |  1092403432 |      0 |      0 |         0 
 139109 Thread 59 - PartitionProcessorThre...b65-a875-de27273ef71a-1-1 |  1163000 |   417000 |   537144922 |  15626635648 |         0 |      0 |  1034063778 |      0 |      0 |         0 
 139110 Thread 60 - PartitionProcessorThre...b65-a875-de27273ef71a-1-2 |  1154000 |   450000 |   545011731 |  15864994621 |         0 |      0 |  1061764045 |      0 |      0 |         0 
 139111 Thread 61 - PartitionProcessorThre...b65-a875-de27273ef71a-1-3 |  1167000 |   380000 |   526075137 |  15300206441 |         0 |      0 |  1038213005 |      0 |      0 |         0 
 139112 Thread 62 - PartitionProcessorThre...b65-a875-de27273ef71a-1-4 |  1162000 |   465000 |   553301805 |  16091632113 |         0 |      0 |  1196279867 |      0 |      0 |         0 
 139113 Thread 63 - PartitionProcessorThre...b65-a875-de27273ef71a-1-5 |  1173000 |   393000 |   531689680 |  15488307687 |         0 |      0 |  1094018593 |      0 |      0 |         0 
 139114 Thread 64 - PartitionProcessorThre...b65-a875-de27273ef71a-1-6 |  1117000 |   397000 |   512755735 |  14973531953 |         0 |      0 |  1151252282 |      0 |      0 |         0 
 139115 Thread 65 - PartitionProcessorThre...b65-a875-de27273ef71a-1-7 |  1200000 |   436000 |   555577840 |  16180469167 |         0 |      0 |   987657785 |      0 |      0 |         0 
 139116 Thread 66 - PartitionProcessorThre...b65-a875-de27273ef71a-1-8 |  1133000 |   444000 |   536360973 |  15597147374 |         0 |      0 |  1082430510 |      0 |      0 |         0 
 139117 Thread 67 - PartitionProcessorThre...b65-a875-de27273ef71a-1-9 |  1134000 |   400000 |   521288188 |  15171481960 |         0 |      0 |  1142501898 |      0 |      0 |         0 
 139118 Thread 68 - PartitionProcessorThre...65-a875-de27273ef71a-1-10 |  1139000 |   440000 |   538597336 |  15616959367 |         0 |      0 |  1131094215 |      0 |      0 |         0 
 139119 Thread 69 - PartitionProcessorThre...65-a875-de27273ef71a-1-11 |  1096000 |   443000 |   523556083 |  15221229796 |         0 |      0 |  1061178731 |      0 |      0 |         0 
 139120 Thread 70 - PartitionProcessorThre...65-a875-de27273ef71a-1-12 |  1123000 |   433000 |   527870266 |  15389159347 |         0 |      0 |  1004330127 |      0 |      0 |         0 
 139121 Thread 71 - PartitionProcessorThre...65-a875-de27273ef71a-1-13 |  1161000 |   420000 |   537197590 |  15636736855 |         0 |      0 |  1013905691 |      0 |      0 |         0 
 139122 Thread 72 - PartitionProcessorThre...65-a875-de27273ef71a-1-14 |  1141000 |   425000 |   530880547 |  15487218249 |         0 |      0 |  1047238836 |      0 |      0 |         0 
 139123 Thread 73 - PartitionProcessorThre...65-a875-de27273ef71a-1-15 |  1212000 |   407000 |   550402473 |  16011930406 |         0 |      0 |  1121631228 |      0 |      0 |         0 
 139124 Thread 74 - PartitionProcessorThre...65-a875-de27273ef71a-1-16 |  1210000 |   448000 |   563525168 |  16398103527 |         0 |      0 |  1215800946 |      0 |      0 |         0 
 139125 Thread 75 - PartitionProcessorThre...65-a875-de27273ef71a-1-17 |  1141000 |   403000 |   524967594 |  15270663918 |         0 |      0 |  1150593766 |      0 |      0 |         0 
 139126 Thread 76 - PartitionProcessorThre...65-a875-de27273ef71a-1-18 |  1110000 |   438000 |   526730934 |  15310031882 |         0 |      0 |  1113900766 |      0 |      0 |         0 
 139127 Thread 77 - PartitionProcessorThre...65-a875-de27273ef71a-1-19 |  1200000 |   443000 |   558113532 |  16249711874 |         0 |      0 |  1175304597 |      0 |      0 |         0 
 139611 Thread 78 - process reaper                                     |     3000 |        0 |     1045933 |     29720714 |      1024 |      0 |        1278 |      0 |      0 |         0 
 139613 Thread 79 - Attach Listener                                    |   125000 |    93000 |    76257768 |   2160684132 |   4657152 | 379904 |     1509608 | 342955 |      0 |         0 
