                                 Task                                 |  utime   |  stime   |     rss     |     vmem     |   read    | write  |    d:cpu    | d:bio  | d:swap | d:reclaim 
 38803 Thread 1 - main                                                |   589000 |    75000 |    41533037 |   5048700689 |  21055488 |   2048 |     3398819 |      0 |      0 |         0 
 38825 Thread 2 - Reference Handler                                   |     5000 |     1000 |      602964 |     46605421 |         0 |      0 |      373467 |      0 |      0 |         0 
 38826 Thread 3 - Finalizer                                           |     3000 |     1000 |      373636 |     30932273 |      5120 |      0 |      952286 |      0 |      0 |         0 
 38827 Thread 4 - Surrogate Locker Thread (Concurrent GC)             |        0 |        0 |           0 |            0 |         0 |      0 |           0 |      0 |      0 |         0 
 38828 Thread 5 - Signal Dispatcher                                   |        0 |        0 |           0 |            0 |         0 |      0 |           0 |      0 |      0 |         0 
 38838 Thread 11 - DecatonSubscriptionThread-decaton-benchmark        | 29746000 | 31959000 | 19332189532 | 600876568485 | 636377088 | 136192 | 19001694716 | 138397 |      0 |         0 
 38839 Thread 13 - kafka-coordinator-hear...hread | decaton-benchmark |   202000 |    50000 |    78192917 |   2456492491 |   6772736 |   5120 |    28886596 | 275984 |      0 |         0 
 38842 Thread 14 - PartitionProcessorThre...157-a7ad-78843c155ad5-2-0 |  1308000 |   441000 |   546200649 |  17056276539 |         0 |      0 |  1512309034 |      0 |      0 |         0 
 38843 Thread 15 - PartitionProcessorThre...157-a7ad-78843c155ad5-2-1 |  1271000 |   471000 |   544249106 |  16979465184 |     36864 |      0 |  1365100585 |      0 |      0 |         0 
 38844 Thread 16 - PartitionProcessorThre...157-a7ad-78843c155ad5-2-2 |  1248000 |   407000 |   520474614 |  16146954098 |         0 |      0 |  1389583193 |      0 |      0 |         0 
 38845 Thread 17 - PartitionProcessorThre...157-a7ad-78843c155ad5-2-3 |  1272000 |   424000 |   529964848 |  16543880625 |      3072 |      0 |  1301906141 |      0 |      0 |         0 
 38846 Thread 18 - PartitionProcessorThre...157-a7ad-78843c155ad5-2-4 |  1332000 |   447000 |   557640711 |  17355943758 |         0 |      0 |  1669874228 |      0 |      0 |         0 
 38847 Thread 19 - PartitionProcessorThre...157-a7ad-78843c155ad5-2-5 |  1230000 |   453000 |   528402856 |  16420185008 |         0 |      0 |  1525963056 |      0 |      0 |         0 
 38848 Thread 20 - PartitionProcessorThre...157-a7ad-78843c155ad5-2-6 |  1268000 |   428000 |   530473032 |  16544686891 |         0 |      0 |  1624846036 |      0 |      0 |         0 
 38849 Thread 21 - PartitionProcessorThre...157-a7ad-78843c155ad5-2-7 |  1306000 |   446000 |   548029375 |  17094614379 |         0 |      0 |  1650697090 |      0 |      0 |         0 
 38850 Thread 22 - PartitionProcessorThre...157-a7ad-78843c155ad5-2-8 |  1270000 |   424000 |   529604071 |  16525994637 |         0 |      0 |  1535126955 |      0 |      0 |         0 
 38851 Thread 23 - PartitionProcessorThre...157-a7ad-78843c155ad5-2-9 |  1326000 |   436000 |   550092860 |  17193522715 |         0 |      0 |  1525839919 |      0 |      0 |         0 
 38852 Thread 24 - PartitionProcessorThre...57-a7ad-78843c155ad5-2-10 |  1312000 |   455000 |   553016559 |  17232829684 |    118784 |      0 |  1643976942 |      0 |      0 |         0 
 38853 Thread 25 - PartitionProcessorThre...57-a7ad-78843c155ad5-2-11 |  1328000 |   388000 |   536190516 |  16743992633 |      3072 |      0 |  1610930189 |      0 |      0 |         0 
 38854 Thread 26 - PartitionProcessorThre...57-a7ad-78843c155ad5-2-12 |  1353000 |   458000 |   567686258 |  17668034922 |         0 |      0 |  1573916558 |      0 |      0 |         0 
 38855 Thread 27 - PartitionProcessorThre...57-a7ad-78843c155ad5-2-13 |  1301000 |   438000 |   544282348 |  16966598278 |         0 |      0 |  1625326682 |      0 |      0 |         0 
 38856 Thread 28 - PartitionProcessorThre...57-a7ad-78843c155ad5-2-14 |  1242000 |   466000 |   535138207 |  16662928125 |     12288 |      0 |  1524645894 |      0 |      0 |         0 
 38857 Thread 29 - PartitionProcessorThre...57-a7ad-78843c155ad5-2-15 |  1334000 |   465000 |   561864879 |  17553039856 |         0 |      0 |  1441326239 |      0 |      0 |         0 
 38858 Thread 30 - PartitionProcessorThre...57-a7ad-78843c155ad5-2-16 |  1305000 |   460000 |   551372856 |  17219769289 |     26624 |      0 |  1494274909 |      0 |      0 |         0 
 38859 Thread 31 - PartitionProcessorThre...57-a7ad-78843c155ad5-2-17 |  1290000 |   462000 |   550118723 |  17095008176 |      1024 |      0 |  1570344944 |      0 |      0 |         0 
 38860 Thread 32 - PartitionProcessorThre...57-a7ad-78843c155ad5-2-18 |  1260000 |   459000 |   538124532 |  16772514563 |      2048 |      0 |  1616481564 |      0 |      0 |         0 
 38861 Thread 33 - PartitionProcessorThre...57-a7ad-78843c155ad5-2-19 |  1276000 |   499000 |   558798621 |  17321169824 |         0 |      0 |  1613442942 |      0 |      0 |         0 
 38862 Thread 34 - PartitionProcessorThre...157-a7ad-78843c155ad5-0-0 |  1238000 |   429000 |   525108930 |  16265961696 |         0 |      0 |  1438683073 |      0 |      0 |         0 
 38863 Thread 35 - PartitionProcessorThre...157-a7ad-78843c155ad5-0-1 |  1260000 |   472000 |   544513883 |  16901127496 |         0 |      0 |  1303095240 |      0 |      0 |         0 
 38864 Thread 36 - PartitionProcessorThre...157-a7ad-78843c155ad5-0-2 |  1180000 |   449000 |   511516251 |  15895371348 |         0 |      0 |  1503960784 |      0 |      0 |         0 
 38865 Thread 37 - PartitionProcessorThre...157-a7ad-78843c155ad5-0-3 |  1246000 |   463000 |   538269973 |  16676502379 |         0 |      0 |  1545019592 |      0 |      0 |         0 
 38866 Thread 38 - PartitionProcessorThre...157-a7ad-78843c155ad5-0-4 |  1314000 |   436000 |   549910684 |  17076097282 |         0 |      0 |  1526953950 |      0 |      0 |         0 
 38867 Thread 39 - PartitionProcessorThre...157-a7ad-78843c155ad5-0-5 |  1296000 |   462000 |   552193422 |  17154331395 |         0 |      0 |  1473481242 |      0 |      0 |         0 
 38868 Thread 40 - PartitionProcessorThre...157-a7ad-78843c155ad5-0-6 |  1267000 |   480000 |   549819043 |  17047374375 |         0 |      0 |  1533444131 |      0 |      0 |         0 
 38869 Thread 41 - PartitionProcessorThre...157-a7ad-78843c155ad5-0-7 |  1316000 |   489000 |   570146891 |  17613990735 |         0 |      0 |  1349568646 |      0 |      0 |         0 
 38870 Thread 42 - PartitionProcessorThre...157-a7ad-78843c155ad5-0-8 |  1338000 |   443000 |   561197715 |  17379582465 |         0 |      0 |  1341059839 |      0 |      0 |         0 
 38871 Thread 43 - PartitionProcessorThre...157-a7ad-78843c155ad5-0-9 |  1246000 |   473000 |   541045571 |  16773913375 |         0 |      0 |  1616383920 |      0 |      0 |         0 
 38872 Thread 44 - PartitionProcessorThre...57-a7ad-78843c155ad5-0-10 |  1312000 |   456000 |   557828996 |  17252135129 |         0 |      0 |  1734665801 |      0 |      0 |         0 
 38873 Thread 45 - PartitionProcessorThre...57-a7ad-78843c155ad5-0-11 |  1310000 |   449000 |   555039434 |  17164453489 |         0 |      0 |  1496884659 |      0 |      0 |         0 
 38874 Thread 46 - PartitionProcessorThre...57-a7ad-78843c155ad5-0-12 |  1275000 |   433000 |   538877000 |  16667238594 |         0 |      0 |  1673774496 |      0 |      0 |         0 
 38875 Thread 47 - PartitionProcessorThre...57-a7ad-78843c155ad5-0-13 |  1319000 |   437000 |   554090950 |  17135405090 |         0 |      0 |  1533987954 |      0 |      0 |         0 
 38876 Thread 48 - PartitionProcessorThre...57-a7ad-78843c155ad5-0-14 |  1228000 |   452000 |   528469364 |  16393600606 |         0 |      0 |  1453364298 |      0 |      0 |         0 
 38877 Thread 49 - PartitionProcessorThre...57-a7ad-78843c155ad5-0-15 |  1299000 |   479000 |   560342125 |  17349797785 |         0 |      0 |  1523109595 |      0 |      0 |         0 
 38878 Thread 50 - PartitionProcessorThre...57-a7ad-78843c155ad5-0-16 |  1304000 |   481000 |   560637723 |  17417641391 |         0 |      0 |  1551293054 |      0 |      0 |         0 
 38879 Thread 51 - PartitionProcessorThre...57-a7ad-78843c155ad5-0-17 |  1327000 |   420000 |   550360145 |  17047188180 |         0 |      0 |  1436453287 |      0 |      0 |         0 
 38880 Thread 52 - PartitionProcessorThre...57-a7ad-78843c155ad5-0-18 |  1321000 |   462000 |   561772996 |  17398422617 |         0 |      0 |  1592239718 |      0 |      0 |         0 
 38881 Thread 53 - PartitionProcessorThre...57-a7ad-78843c155ad5-0-19 |  1203000 |   421000 |   511095075 |  15847087852 |         0 |      0 |  1548471352 |      0 |      0 |         0 
 38882 Thread 54 - PartitionProcessorThre...157-a7ad-78843c155ad5-1-0 |  1284000 |   468000 |   553395590 |  17095969743 |         0 |      0 |  1375333316 |      0 |      0 |         0 
 38883 Thread 55 - PartitionProcessorThre...157-a7ad-78843c155ad5-1-1 |  1304000 |   415000 |   541428664 |  16773789297 |         0 |      0 |  1439588700 |      0 |      0 |         0 
 38884 Thread 56 - PartitionProcessorThre...157-a7ad-78843c155ad5-1-2 |  1245000 |   490000 |   548816743 |  16930168121 |         0 |      0 |  1365279459 |      0 |      0 |         0 
 38885 Thread 57 - PartitionProcessorThre...157-a7ad-78843c155ad5-1-3 |  1237000 |   458000 |   534371321 |  16539104172 |         0 |      0 |  1511981756 |      0 |      0 |         0 
 38886 Thread 58 - PartitionProcessorThre...157-a7ad-78843c155ad5-1-4 |  1265000 |   470000 |   547361008 |  16929705453 |         0 |      0 |  1567390441 |      0 |      0 |         0 
 38887 Thread 59 - PartitionProcessorThre...157-a7ad-78843c155ad5-1-5 |  1219000 |   418000 |   516544219 |  15973869368 |         0 |      0 |  1412845367 |      0 |      0 |         0 
 38888 Thread 60 - PartitionProcessorThre...157-a7ad-78843c155ad5-1-6 |  1283000 |   488000 |   559260266 |  17282145739 |      1024 |      0 |  1411550839 |      0 |      0 |         0 
 38889 Thread 61 - PartitionProcessorThre...157-a7ad-78843c155ad5-1-7 |  1290000 |   511000 |   568079613 |  17574366188 |         0 |      0 |  1496894268 |      0 |      0 |         0 
 38890 Thread 62 - PartitionProcessorThre...157-a7ad-78843c155ad5-1-8 |  1257000 |   425000 |   531130094 |  16413144536 |         0 |      0 |  1517686083 |      0 |      0 |         0 
 38891 Thread 63 - PartitionProcessorThre...157-a7ad-78843c155ad5-1-9 |  1262000 |   513000 |   561978289 |  17321532453 |         0 |      0 |  1416448076 |      0 |      0 |         0 
 38892 Thread 64 - PartitionProcessorThre...57-a7ad-78843c155ad5-1-10 |  1309000 |   415000 |   544677500 |  16823630118 |         0 |      0 |  1450893876 |      0 |      0 |         0 
 38893 Thread 65 - PartitionProcessorThre...57-a7ad-78843c155ad5-1-11 |  1249000 |   457000 |   539399547 |  16647881379 |         0 |      0 |  1503046270 |      0 |      0 |         0 
 38894 Thread 66 - PartitionProcessorThre...57-a7ad-78843c155ad5-1-12 |  1243000 |   430000 |   529066247 |  16325730918 |         0 |      0 |  1294063624 |      0 |      0 |         0 
 38895 Thread 67 - PartitionProcessorThre...57-a7ad-78843c155ad5-1-13 |  1279000 |   486000 |   557602680 |  17223492098 |         0 |      0 |  1415589307 |      0 |      0 |         0 
 38896 Thread 68 - PartitionProcessorThre...57-a7ad-78843c155ad5-1-14 |  1258000 |   442000 |   535879711 |  16588593125 |         0 |      0 |  1488852789 | 182736 |      0 |         0 
 38897 Thread 69 - PartitionProcessorThre...57-a7ad-78843c155ad5-1-15 |  1263000 |   477000 |   550978141 |  16979859539 |         0 |      0 |  1394842006 |      0 |      0 |         0 
 38898 Thread 70 - PartitionProcessorThre...57-a7ad-78843c155ad5-1-16 |  1307000 |   434000 |   551143946 |  16989641407 |         0 |      0 |  1494817585 |      0 |      0 |         0 
 38899 Thread 71 - PartitionProcessorThre...57-a7ad-78843c155ad5-1-17 |  1309000 |   428000 |   550465157 |  16949774688 |         0 |      0 |  1427952885 |      0 |      0 |         0 
 38900 Thread 72 - PartitionProcessorThre...57-a7ad-78843c155ad5-1-18 |  1346000 |   440000 |   563646012 |  17427345992 |         0 |      0 |  1588261550 |      0 |      0 |         0 
 38901 Thread 73 - PartitionProcessorThre...57-a7ad-78843c155ad5-1-19 |  1333000 |   454000 |   565593598 |  17437823485 |         0 |      0 |  1616380257 |      0 |      0 |         0 
 39301 Thread 74 - process reaper                                     |     1000 |     1000 |      645203 |     19541027 |      2048 |      0 |      330154 |      0 |      0 |         0 
 39307 Thread 75 - Attach Listener                                    |   367000 |    86000 |   145456592 |   4426906003 |   5304320 | 279552 |     2012146 |      0 |      0 |         0 
