                                Task                                 |  utime   |  stime   |     rss     |     vmem     |   read    | write  |    d:cpu    | d:bio  | d:swap | d:reclaim 
 9551 Thread 1 - main                                                |   794000 |   126000 |    61592568 |   7078334225 |  34535424 |   1024 |    13813050 |      0 |      0 |         0 
 9573 Thread 2 - Reference Handler                                   |     6000 |        0 |      710542 |     50551687 |         0 |      0 |     3407202 |      0 |      0 |         0 
 9574 Thread 3 - Finalizer                                           |     6000 |     1000 |      734957 |     57612804 |      5120 |      0 |      945601 |      0 |      0 |         0 
 9575 Thread 4 - Surrogate Locker Thread (Concurrent GC)             |        0 |        0 |           0 |            0 |         0 |      0 |           0 |      0 |      0 |         0 
 9576 Thread 5 - Signal Dispatcher                                   |     1000 |        0 |       26710 |      7228289 |         0 |      0 |           0 |      0 |      0 |         0 
 9584 Thread 12 - RMI Scheduler(0)                                   |     1000 |        0 |      288328 |      9759867 |      2048 |      0 |       89386 |      0 |      0 |         0 
 9585 Thread 13 - RMI RenewClean-[10.231.182.152:37636]              |        0 |        0 |           0 |            0 |      1024 |      0 |           0 |      0 |      0 |         0 
 9586 Thread 14 - GC Daemon                                          |        0 |        0 |           0 |            0 |         0 |      0 |           0 |      0 |      0 |         0 
 9589 Thread 15 - DecatonSubscriptionThread-decaton-benchmark        | 28481000 | 39102000 | 19642810531 | 658870638913 | 624350208 | 106496 | 16105807459 | 172180 |      0 |         0 
 9591 Thread 16 - kafka-coordinator-hear...hread | decaton-benchmark |   213000 |    38000 |    71570206 |   2444082952 |   6978560 |   5120 |    17622086 | 254528 |      0 |         0 
 9596 Thread 17 - PartitionProcessorThre...f3d-b909-cbbc94158864-2-0 |  1204000 |   440000 |   477993074 |  16046017065 |         0 |      0 |  1005003444 |      0 |      0 |         0 
 9597 Thread 18 - PartitionProcessorThre...f3d-b909-cbbc94158864-2-1 |  1150000 |   454000 |   465664727 |  15654079928 |         0 |      0 |   833383474 | 802165 |      0 |         0 
 9598 Thread 19 - PartitionProcessorThre...f3d-b909-cbbc94158864-2-2 |  1251000 |   457000 |   496150152 |  16665266545 |     33792 |      0 |  1090095803 |      0 |      0 |         0 
 9599 Thread 20 - PartitionProcessorThre...f3d-b909-cbbc94158864-2-3 |  1230000 |   396000 |   472493512 |  15871594291 |         0 |      0 |  1169791412 |      0 |      0 |         0 
 9600 Thread 21 - PartitionProcessorThre...f3d-b909-cbbc94158864-2-4 |  1320000 |   470000 |   519809148 |  17470705482 |         0 |      0 |  1065089715 |      0 |      0 |         0 
 9601 Thread 22 - PartitionProcessorThre...f3d-b909-cbbc94158864-2-5 |  1272000 |   441000 |   498172676 |  16718115322 |         0 |      0 |  1088006203 |      0 |      0 |         0 
 9602 Thread 23 - PartitionProcessorThre...f3d-b909-cbbc94158864-2-6 |  1223000 |   409000 |   475205746 |  15929968651 |         0 |      0 |   935027299 |      0 |      0 |         0 
 9603 Thread 24 - PartitionProcessorThre...f3d-b909-cbbc94158864-2-7 |  1150000 |   450000 |   465121332 |  15616209158 |         0 |      0 |   901222624 |      0 |      0 |         0 
 9604 Thread 25 - PartitionProcessorThre...f3d-b909-cbbc94158864-2-8 |  1257000 |   439000 |   491999824 |  16553914310 |         0 |      0 |  1100476890 |      0 |      0 |         0 
 9605 Thread 26 - PartitionProcessorThre...f3d-b909-cbbc94158864-2-9 |  1196000 |   446000 |   477671637 |  16027490686 |      1024 |      0 |   964662648 |      0 |      0 |         0 
 9606 Thread 27 - PartitionProcessorThre...3d-b909-cbbc94158864-2-10 |  1276000 |   424000 |   492947102 |  16589990439 |         0 |      0 |  1011600574 |      0 |      0 |         0 
 9607 Thread 28 - PartitionProcessorThre...3d-b909-cbbc94158864-2-11 |  1237000 |   408000 |   478403184 |  16055812998 |         0 |      0 |   808836271 |      0 |      0 |         0 
 9608 Thread 29 - PartitionProcessorThre...3d-b909-cbbc94158864-2-12 |  1298000 |   472000 |   514146961 |  17274922724 |      1024 |      0 |  1156254356 |      0 |      0 |         0 
 9609 Thread 30 - PartitionProcessorThre...3d-b909-cbbc94158864-2-13 |  1306000 |   392000 |   491857015 |  16569393713 |         0 |      0 |   965241209 |      0 |      0 |         0 
 9610 Thread 31 - PartitionProcessorThre...3d-b909-cbbc94158864-2-14 |  1188000 |   442000 |   473408570 |  15908021315 |      3072 |      0 |  1096995781 |      0 |      0 |         0 
 9611 Thread 32 - PartitionProcessorThre...3d-b909-cbbc94158864-2-15 |  1263000 |   442000 |   495816695 |  16642943115 |         0 |      0 |  1026473213 |      0 |      0 |         0 
 9612 Thread 33 - PartitionProcessorThre...3d-b909-cbbc94158864-2-16 |  1195000 |   454000 |   478885410 |  16093037623 |      4096 |      0 |  1094372274 | 357616 |      0 |         0 
 9613 Thread 34 - PartitionProcessorThre...3d-b909-cbbc94158864-2-17 |  1219000 |   475000 |   492708734 |  16533331744 |         0 |      0 |  1112233801 |      0 |      0 |         0 
 9614 Thread 35 - PartitionProcessorThre...3d-b909-cbbc94158864-2-18 |  1239000 |   461000 |   494215504 |  16593031889 |         0 |      0 |   956632435 |      0 |      0 |         0 
 9615 Thread 36 - PartitionProcessorThre...3d-b909-cbbc94158864-2-19 |  1234000 |   468000 |   492803375 |  16610632740 |         0 |      0 |   982577616 |      0 |      0 |         0 
 9616 Thread 37 - PartitionProcessorThre...f3d-b909-cbbc94158864-0-0 |  1215000 |   435000 |   477234699 |  16108579787 |         0 |      0 |  1137014504 |      0 |      0 |         0 
 9617 Thread 38 - PartitionProcessorThre...f3d-b909-cbbc94158864-0-1 |  1207000 |   401000 |   465033660 |  15698131447 |         0 |      0 |  1153438141 |      0 |      0 |         0 
 9618 Thread 39 - PartitionProcessorThre...f3d-b909-cbbc94158864-0-2 |  1212000 |   409000 |   470482340 |  15825691096 |         0 |      0 |  1041196509 |      0 |      0 |         0 
 9619 Thread 40 - PartitionProcessorThre...f3d-b909-cbbc94158864-0-3 |  1259000 |   435000 |   492339004 |  16538988615 |         0 |      0 |  1071156344 |      0 |      0 |         0 
 9620 Thread 41 - PartitionProcessorThre...f3d-b909-cbbc94158864-0-4 |  1183000 |   433000 |   468025363 |  15777025608 |         0 |      0 |  1015062944 |      0 |      0 |         0 
 9621 Thread 42 - PartitionProcessorThre...f3d-b909-cbbc94158864-0-5 |  1294000 |   436000 |   502383082 |  16889720236 |         0 |      0 |   986513856 |      0 |      0 |         0 
 9622 Thread 43 - PartitionProcessorThre...f3d-b909-cbbc94158864-0-6 |  1240000 |   406000 |   478672254 |  16070251932 |         0 |      0 |  1101612613 |      0 |      0 |         0 
 9623 Thread 44 - PartitionProcessorThre...f3d-b909-cbbc94158864-0-7 |  1189000 |   394000 |   459128641 |  15455094959 |         0 |      0 |   961197723 |      0 |      0 |         0 
 9624 Thread 45 - PartitionProcessorThre...f3d-b909-cbbc94158864-0-8 |  1206000 |   460000 |   481547723 |  16265038022 |         0 |      0 |   929392049 |      0 |      0 |         0 
 9625 Thread 46 - PartitionProcessorThre...f3d-b909-cbbc94158864-0-9 |  1234000 |   449000 |   487262019 |  16430402342 |         0 |      0 |  1017747321 |      0 |      0 |         0 
 9626 Thread 47 - PartitionProcessorThre...3d-b909-cbbc94158864-0-10 |  1259000 |   457000 |   496931242 |  16753279033 |         0 |      0 |  1030105561 |      0 |      0 |         0 
 9627 Thread 48 - PartitionProcessorThre...3d-b909-cbbc94158864-0-11 |  1348000 |   476000 |   527524250 |  17806574978 |         0 |      0 |  1129063467 |      0 |      0 |         0 
 9628 Thread 49 - PartitionProcessorThre...3d-b909-cbbc94158864-0-12 |  1315000 |   457000 |   513108843 |  17299609045 |         0 |      0 |  1022440016 |      0 |      0 |         0 
 9629 Thread 50 - PartitionProcessorThre...3d-b909-cbbc94158864-0-13 |  1207000 |   459000 |   483233023 |  16265091725 |         0 |      0 |  1092546945 |      0 |      0 |         0 
 9630 Thread 51 - PartitionProcessorThre...3d-b909-cbbc94158864-0-14 |  1229000 |   417000 |   476519352 |  16069289889 |         0 |      0 |  1122470511 |      0 |      0 |         0 
 9631 Thread 52 - PartitionProcessorThre...3d-b909-cbbc94158864-0-15 |  1261000 |   456000 |   499359906 |  16763243818 |         0 |      0 |  1066206623 |      0 |      0 |         0 
 9632 Thread 53 - PartitionProcessorThre...3d-b909-cbbc94158864-0-16 |  1283000 |   410000 |   489863848 |  16528689221 |      1024 |      0 |  1012900607 |      0 |      0 |         0 
 9633 Thread 54 - PartitionProcessorThre...3d-b909-cbbc94158864-0-17 |  1232000 |   423000 |   479995980 |  16157791639 |         0 |      0 |  1102785762 |      0 |      0 |         0 
 9634 Thread 55 - PartitionProcessorThre...3d-b909-cbbc94158864-0-18 |  1221000 |   452000 |   485747832 |  16333371846 |         0 |      0 |  1021774638 |      0 |      0 |         0 
 9635 Thread 56 - PartitionProcessorThre...3d-b909-cbbc94158864-0-19 |  1297000 |   453000 |   507432332 |  17084132338 |         0 |      0 |  1057148112 |      0 |      0 |         0 
 9637 Thread 57 - PartitionProcessorThre...f3d-b909-cbbc94158864-1-0 |  1217000 |   422000 |   478184996 |  16001930588 |         0 |      0 |  1007938783 |      0 |      0 |         0 
 9638 Thread 58 - PartitionProcessorThre...f3d-b909-cbbc94158864-1-1 |  1182000 |   449000 |   476896996 |  15924257393 |         0 |      0 |   951950179 |      0 |      0 |         0 
 9639 Thread 59 - PartitionProcessorThre...f3d-b909-cbbc94158864-1-2 |  1234000 |   471000 |   498781656 |  16647174205 |         0 |      0 |   918156927 |      0 |      0 |         0 
 9640 Thread 60 - PartitionProcessorThre...f3d-b909-cbbc94158864-1-3 |  1278000 |   479000 |   513246722 |  17154079142 |         0 |      0 |   955951804 |      0 |      0 |         0 
 9641 Thread 61 - PartitionProcessorThre...f3d-b909-cbbc94158864-1-4 |  1165000 |   448000 |   471419356 |  15748611998 |         0 |      0 |   986150437 |      0 |      0 |         0 
 9642 Thread 62 - PartitionProcessorThre...f3d-b909-cbbc94158864-1-5 |  1226000 |   441000 |   487281055 |  16275566252 |         0 |      0 |  1064849321 |      0 |      0 |         0 
 9643 Thread 63 - PartitionProcessorThre...f3d-b909-cbbc94158864-1-6 |  1244000 |   467000 |   499648222 |  16704472045 |         0 |      0 |  1108091970 |      0 |      0 |         0 
 9644 Thread 64 - PartitionProcessorThre...f3d-b909-cbbc94158864-1-7 |  1118000 |   434000 |   454377590 |  15152871639 |         0 |      0 |  1122024461 |      0 |      0 |         0 
 9645 Thread 65 - PartitionProcessorThre...f3d-b909-cbbc94158864-1-8 |  1230000 |   448000 |   491246875 |  16383520021 |         0 |      0 |  1109389673 |      0 |      0 |         0 
 9646 Thread 66 - PartitionProcessorThre...f3d-b909-cbbc94158864-1-9 |  1175000 |   453000 |   475689129 |  15894525690 |         0 |      0 |  1181127863 |      0 |      0 |         0 
 9647 Thread 67 - PartitionProcessorThre...3d-b909-cbbc94158864-1-10 |  1166000 |   476000 |   478809465 |  16030744369 |         0 |      0 |  1142830326 |      0 |      0 |         0 
 9648 Thread 68 - PartitionProcessorThre...3d-b909-cbbc94158864-1-11 |  1190000 |   416000 |   469952039 |  15680118260 |         0 |      0 |   920619293 |      0 |      0 |         0 
 9649 Thread 69 - PartitionProcessorThre...3d-b909-cbbc94158864-1-12 |  1159000 |   467000 |   475102305 |  15875193221 |         0 |      0 |  1034285725 |      0 |      0 |         0 
 9650 Thread 70 - PartitionProcessorThre...3d-b909-cbbc94158864-1-13 |  1181000 |   396000 |   460353711 |  15396743596 |         0 |      0 |  1076112845 |      0 |      0 |         0 
 9651 Thread 71 - PartitionProcessorThre...3d-b909-cbbc94158864-1-14 |  1231000 |   459000 |   494265129 |  16499602228 |         0 |      0 |   943106003 |      0 |      0 |         0 
 9652 Thread 72 - PartitionProcessorThre...3d-b909-cbbc94158864-1-15 |  1173000 |   425000 |   467709020 |  15601854518 |         0 |      0 |  1139380272 |      0 |      0 |         0 
 9653 Thread 73 - PartitionProcessorThre...3d-b909-cbbc94158864-1-16 |  1204000 |   449000 |   483158148 |  16138054205 |         0 |      0 |  1140797183 |      0 |      0 |         0 
 9654 Thread 74 - PartitionProcessorThre...3d-b909-cbbc94158864-1-17 |  1160000 |   434000 |   465974957 |  15562569881 |         0 |      0 |  1014979456 |      0 |      0 |         0 
 9655 Thread 75 - PartitionProcessorThre...3d-b909-cbbc94158864-1-18 |  1227000 |   455000 |   492094199 |  16422370002 |         0 |      0 |   917123635 |      0 |      0 |         0 
 9656 Thread 76 - PartitionProcessorThre...3d-b909-cbbc94158864-1-19 |  1221000 |   444000 |   486702078 |  16255767795 |         0 |      0 |   998655732 |      0 |      0 |         0 
 10120 Thread 77 - process reaper                                    |     1000 |        0 |      298882 |      9791078 |         0 |      0 |           0 |      0 |      0 |         0 
 10125 Thread 78 - Attach Listener                                   |   469000 |    91000 |   165957646 |   5474924061 |   4874240 | 201728 |     1857986 |      0 |      0 |         0 
