                                 Task                                 |  utime   |  stime   |     rss     |     vmem     |   read    | write  |    d:cpu    | d:bio  | d:swap | d:reclaim 
 90052 Thread 1 - main                                                |   580000 |    92000 |    41295150 |   5075229529 |  21054464 |   1024 |     4764602 |      0 |      0 |         0 
 90074 Thread 2 - Reference Handler                                   |     8000 |        0 |      952171 |     63918789 |         0 |      0 |     1415095 |      0 |      0 |         0 
 90075 Thread 3 - Finalizer                                           |    10000 |     1000 |     1590765 |     90520710 |      5120 |      0 |      159037 |      0 |      0 |         0 
 90076 Thread 4 - Surrogate Locker Thread (Concurrent GC)             |        0 |        0 |           0 |            0 |         0 |      0 |       12888 |      0 |      0 |         0 
 90077 Thread 5 - Signal Dispatcher                                   |        0 |        0 |           0 |            0 |         0 |      0 |           0 |      0 |      0 |         0 
 90087 Thread 11 - DecatonSubscriptionThread-decaton-benchmark        | 26807000 | 29761000 | 17178019356 | 550587494631 | 586544128 | 123904 | 16852995758 | 108447 |      0 |         0 
 90088 Thread 13 - kafka-coordinator-hear...hread | decaton-benchmark |   184000 |    51000 |    71546487 |   2289235687 |   5321728 |   4096 |    24710881 | 210935 |      0 |         0 
 90091 Thread 14 - PartitionProcessorThre...fd5-8424-8c491b19fb53-0-0 |  1135000 |   388000 |   462603110 |  14851570930 |     34816 |      0 |  1207596863 |      0 |      0 |         0 
 90092 Thread 15 - PartitionProcessorThre...fd5-8424-8c491b19fb53-0-1 |  1130000 |   425000 |   473258325 |  15170184954 |         0 |      0 |  1518899908 |      0 |      0 |         0 
 90093 Thread 16 - PartitionProcessorThre...fd5-8424-8c491b19fb53-0-2 |  1099000 |   367000 |   445711024 |  14297305067 |    119808 |      0 |  1401210868 |      0 |      0 |         0 
 90094 Thread 17 - PartitionProcessorThre...fd5-8424-8c491b19fb53-0-3 |  1169000 |   399000 |   477588411 |  15294553048 |         0 |      0 |  1537195149 |      0 |      0 |         0 
 90095 Thread 18 - PartitionProcessorThre...fd5-8424-8c491b19fb53-0-4 |  1150000 |   386000 |   467950309 |  14984126618 |         0 |      0 |  1417315667 |      0 |      0 |         0 
 90096 Thread 19 - PartitionProcessorThre...fd5-8424-8c491b19fb53-0-5 |  1115000 |   399000 |   460922923 |  14769134645 |         0 |      0 |  1377104522 |      0 |      0 |         0 
 90097 Thread 20 - PartitionProcessorThre...fd5-8424-8c491b19fb53-0-6 |  1113000 |   400000 |   459727962 |  14756873376 |         0 |      0 |  1436099970 |      0 |      0 |         0 
 90098 Thread 21 - PartitionProcessorThre...fd5-8424-8c491b19fb53-0-7 |  1153000 |   399000 |   471983254 |  15140385684 |         0 |      0 |  1582661560 |      0 |      0 |         0 
 90099 Thread 22 - PartitionProcessorThre...fd5-8424-8c491b19fb53-0-8 |  1197000 |   411000 |   490285758 |  15686604340 |         0 |      0 |  1424181406 |      0 |      0 |         0 
 90100 Thread 23 - PartitionProcessorThre...fd5-8424-8c491b19fb53-0-9 |  1161000 |   370000 |   464421165 |  14934644204 |         0 |      0 |  1213768906 |      0 |      0 |         0 
 90101 Thread 24 - PartitionProcessorThre...d5-8424-8c491b19fb53-0-10 |  1179000 |   428000 |   488700090 |  15675830653 |         0 |      0 |  1442374298 |      0 |      0 |         0 
 90102 Thread 25 - PartitionProcessorThre...d5-8424-8c491b19fb53-0-11 |  1207000 |   438000 |   499272536 |  16044055633 |      6144 |      0 |  1443054966 |      0 |      0 |         0 
 90103 Thread 26 - PartitionProcessorThre...d5-8424-8c491b19fb53-0-12 |  1171000 |   400000 |   476625329 |  15323632415 |      1024 |      0 |  1479851784 |      0 |      0 |         0 
 90104 Thread 27 - PartitionProcessorThre...d5-8424-8c491b19fb53-0-13 |  1118000 |   422000 |   468928973 |  15022578196 |         0 |      0 |  1595839331 |      0 |      0 |         0 
 90105 Thread 28 - PartitionProcessorThre...d5-8424-8c491b19fb53-0-14 |  1152000 |   385000 |   469145551 |  14992068380 |         0 |      0 |  1633829025 |      0 |      0 |         0 
 90106 Thread 29 - PartitionProcessorThre...d5-8424-8c491b19fb53-0-15 |  1114000 |   398000 |   459718489 |  14749028591 |     35840 |      0 |  1504276138 |      0 |      0 |         0 
 90107 Thread 30 - PartitionProcessorThre...d5-8424-8c491b19fb53-0-16 |  1173000 |   367000 |   467430797 |  15022205966 |      3072 |      0 |  1413382106 |      0 |      0 |         0 
 90108 Thread 31 - PartitionProcessorThre...d5-8424-8c491b19fb53-0-17 |  1159000 |   401000 |   474740688 |  15217852341 |         0 |      0 |  1545393634 |      0 |      0 |         0 
 90109 Thread 32 - PartitionProcessorThre...d5-8424-8c491b19fb53-0-18 |  1106000 |   383000 |   452707927 |  14523973575 |         0 |      0 |  1570870862 |      0 |      0 |         0 
 90110 Thread 33 - PartitionProcessorThre...d5-8424-8c491b19fb53-0-19 |  1142000 |   420000 |   475529852 |  15237490114 |         0 |      0 |  1481947635 |      0 |      0 |         0 
 90111 Thread 34 - PartitionProcessorThre...fd5-8424-8c491b19fb53-2-0 |  1193000 |   393000 |   484223329 |  15470722481 |         0 |      0 |  1515758101 |      0 |      0 |         0 
 90112 Thread 35 - PartitionProcessorThre...fd5-8424-8c491b19fb53-2-1 |  1122000 |   392000 |   461395684 |  14769381220 |         0 |      0 |  1583500605 |      0 |      0 |         0 
 90113 Thread 36 - PartitionProcessorThre...fd5-8424-8c491b19fb53-2-2 |  1178000 |   412000 |   484961071 |  15510771501 |         0 |      0 |  1436081020 |      0 |      0 |         0 
 90114 Thread 37 - PartitionProcessorThre...fd5-8424-8c491b19fb53-2-3 |  1203000 |   400000 |   489749219 |  15637739196 |         0 |      0 |  1450034522 |      0 |      0 |         0 
 90115 Thread 38 - PartitionProcessorThre...fd5-8424-8c491b19fb53-2-4 |  1092000 |   397000 |   455132610 |  14525536786 |         0 |      0 |  1558546434 |      0 |      0 |         0 
 90116 Thread 39 - PartitionProcessorThre...fd5-8424-8c491b19fb53-2-5 |  1094000 |   408000 |   458732216 |  14652829630 |         0 |      0 |  1529970075 |      0 |      0 |         0 
 90117 Thread 40 - PartitionProcessorThre...fd5-8424-8c491b19fb53-2-6 |  1146000 |   396000 |   472075376 |  15042946411 |         0 |      0 |  1378778847 |      0 |      0 |         0 
 90119 Thread 41 - PartitionProcessorThre...fd5-8424-8c491b19fb53-2-7 |  1222000 |   411000 |   497991243 |  15930074915 |         0 |      0 |  1331249735 |      0 |      0 |         0 
 90120 Thread 42 - PartitionProcessorThre...fd5-8424-8c491b19fb53-2-8 |  1131000 |   424000 |   473877614 |  15169696848 |         0 |      0 |  1569675962 |      0 |      0 |         0 
 90121 Thread 43 - PartitionProcessorThre...fd5-8424-8c491b19fb53-2-9 |  1203000 |   401000 |   489369180 |  15647497344 |         0 |      0 |  1463244400 |      0 |      0 |         0 
 90122 Thread 44 - PartitionProcessorThre...d5-8424-8c491b19fb53-2-10 |  1203000 |   401000 |   489805700 |  15647565962 |         0 |      0 |  1375550293 |      0 |      0 |         0 
 90123 Thread 45 - PartitionProcessorThre...d5-8424-8c491b19fb53-2-11 |  1256000 |   379000 |   499832211 |  15950394297 |         0 |      0 |  1463292997 |      0 |      0 |         0 
 90124 Thread 46 - PartitionProcessorThre...d5-8424-8c491b19fb53-2-12 |  1154000 |   374000 |   466640680 |  14906497930 |         0 |      0 |  1342410992 |      0 |      0 |         0 
 90125 Thread 47 - PartitionProcessorThre...d5-8424-8c491b19fb53-2-13 |  1143000 |   406000 |   473089567 |  15110852051 |         0 |      0 |  1366712249 |      0 |      0 |         0 
 90126 Thread 48 - PartitionProcessorThre...d5-8424-8c491b19fb53-2-14 |  1249000 |   398000 |   503319075 |  16067212501 |         0 |      0 |  1605675380 |      0 |      0 |         0 
 90127 Thread 49 - PartitionProcessorThre...d5-8424-8c491b19fb53-2-15 |  1183000 |   407000 |   485976477 |  15511303180 |      3072 |      0 |  1379804373 |      0 |      0 |         0 
 90128 Thread 50 - PartitionProcessorThre...d5-8424-8c491b19fb53-2-16 |  1161000 |   401000 |   477459864 |  15237968208 |         0 |      0 |  1524847527 |      0 |      0 |         0 
 90129 Thread 51 - PartitionProcessorThre...d5-8424-8c491b19fb53-2-17 |  1175000 |   403000 |   481663356 |  15394251493 |         0 |      0 |  1500666763 |      0 |      0 |         0 
 90130 Thread 52 - PartitionProcessorThre...d5-8424-8c491b19fb53-2-18 |  1159000 |   452000 |   492139247 |  15716263704 |         0 |      0 |  1441211448 |      0 |      0 |         0 
 90131 Thread 53 - PartitionProcessorThre...d5-8424-8c491b19fb53-2-19 |  1089000 |   367000 |   444107255 |  14204341934 |         0 |      0 |  1364893681 |      0 |      0 |         0 
 90132 Thread 54 - PartitionProcessorThre...fd5-8424-8c491b19fb53-1-0 |  1155000 |   400000 |   476133411 |  15169640977 |         0 |      0 |  1442697114 |      0 |      0 |         0 
 90133 Thread 55 - PartitionProcessorThre...fd5-8424-8c491b19fb53-1-1 |  1139000 |   397000 |   470738891 |  14984690817 |  10831872 |      0 |  1366748081 |      0 |      0 |         0 
 90134 Thread 56 - PartitionProcessorThre...fd5-8424-8c491b19fb53-1-2 |  1212000 |   416000 |   498701262 |  15881986024 |         0 |      0 |  1385607944 |      0 |      0 |         0 
 90135 Thread 57 - PartitionProcessorThre...fd5-8424-8c491b19fb53-1-3 |  1126000 |   395000 |   465827938 |  14838285012 |         0 |      0 |  1257268300 |      0 |      0 |         0 
 90136 Thread 58 - PartitionProcessorThre...fd5-8424-8c491b19fb53-1-4 |  1211000 |   407000 |   496143559 |  15784153872 |         0 |      0 |  1565141461 |      0 |      0 |         0 
 90137 Thread 59 - PartitionProcessorThre...fd5-8424-8c491b19fb53-1-5 |  1149000 |   455000 |   491504594 |  15647977989 |         0 |      0 |  1463193421 |      0 |      0 |         0 
 90138 Thread 60 - PartitionProcessorThre...fd5-8424-8c491b19fb53-1-6 |  1167000 |   449000 |   494586071 |  15764917786 |         0 |      0 |  1439619950 |      0 |      0 |         0 
 90139 Thread 61 - PartitionProcessorThre...fd5-8424-8c491b19fb53-1-7 |  1238000 |   406000 |   502583235 |  16038033309 |         0 |      0 |  1499013612 |      0 |      0 |         0 
 90140 Thread 62 - PartitionProcessorThre...fd5-8424-8c491b19fb53-1-8 |  1151000 |   452000 |   490666423 |  15637757094 |         0 |      0 |  1351285377 |      0 |      0 |         0 
 90141 Thread 63 - PartitionProcessorThre...fd5-8424-8c491b19fb53-1-9 |  1186000 |   421000 |   491748493 |  15676973934 |         0 |      0 |  1539722816 |      0 |      0 |         0 
 90142 Thread 64 - PartitionProcessorThre...d5-8424-8c491b19fb53-1-10 |  1157000 |   405000 |   477360044 |  15237943813 |         0 |      0 |  1392039123 |      0 |      0 |         0 
 90143 Thread 65 - PartitionProcessorThre...d5-8424-8c491b19fb53-1-11 |  1157000 |   373000 |   467932634 |  14925760786 |         0 |      0 |  1503289055 |      0 |      0 |         0 
 90144 Thread 66 - PartitionProcessorThre...d5-8424-8c491b19fb53-1-12 |  1120000 |   392000 |   463140403 |  14750295790 |         0 |      0 |  1581531205 |      0 |      0 |         0 
 90145 Thread 67 - PartitionProcessorThre...d5-8424-8c491b19fb53-1-13 |  1129000 |   368000 |   458335716 |  14604293704 |         0 |      0 |  1413849638 |      0 |      0 |         0 
 90146 Thread 68 - PartitionProcessorThre...d5-8424-8c491b19fb53-1-14 |  1092000 |   387000 |   453268153 |  14428430657 |         0 |      0 |  1347224597 |      0 |      0 |         0 
 90147 Thread 69 - PartitionProcessorThre...d5-8424-8c491b19fb53-1-15 |  1100000 |   420000 |   466201829 |  14828223544 |         0 |      0 |  1321149166 |      0 |      0 |         0 
 90148 Thread 70 - PartitionProcessorThre...d5-8424-8c491b19fb53-1-16 |  1138000 |   368000 |   461599645 |  14691923887 |         0 |      0 |  1306051551 |      0 |      0 |         0 
 90149 Thread 71 - PartitionProcessorThre...d5-8424-8c491b19fb53-1-17 |  1216000 |   422000 |   501790094 |  15979265286 |         0 |      0 |  1580681538 |      0 |      0 |         0 
 90150 Thread 72 - PartitionProcessorThre...d5-8424-8c491b19fb53-1-18 |  1199000 |   373000 |   482065880 |  15335288466 |         0 |      0 |  1405092433 |      0 |      0 |         0 
 90151 Thread 73 - PartitionProcessorThre...d5-8424-8c491b19fb53-1-19 |  1195000 |   328000 |   466546790 |  14857885735 |         0 |      0 |  1250864843 |      0 |      0 |         0 
 90551 Thread 74 - process reaper                                     |     2000 |     1000 |      965378 |     29357230 |      2048 |      0 |        6143 |      0 |      0 |         0 
 90557 Thread 75 - Attach Listener                                    |   355000 |    96000 |   140395886 |   4407315687 |   5304320 | 116736 |     2409468 |      0 |      0 |         0 
