                                 Task                                 |  utime   |  stime   |     rss     |     vmem     |   read    | write  |    d:cpu    | d:bio  | d:swap | d:reclaim 
 50701 Thread 1 - main                                                |  1020000 |    98000 |    73895271 |   7797182510 |  14848000 |   1024 |    11460363 |      0 |      0 |         0 
 50709 Thread 2 - Reference Handler                                   |        0 |     1000 |       16628 |      6147683 |         0 |      0 |      141327 |      0 |      0 |         0 
 50710 Thread 3 - Finalizer                                           |        0 |        0 |           0 |            0 |      5120 |      0 |       52508 |      0 |      0 |         0 
 50711 Thread 4 - Signal Dispatcher                                   |        0 |     1000 |      319281 |      9886957 |         0 |      0 |        6833 |      0 |      0 |         0 
 50717 Thread 11 - Common-Cleaner                                     |        0 |     1000 |       24558 |      6768882 |         0 |      0 |     1902014 |      0 |      0 |         0 
 50722 Thread 13 - RMI Scheduler(0)                                   |     5000 |        0 |     1321972 |     46462749 |      1024 |      0 |      264600 |      0 |      0 |         0 
 50729 Thread 14 - RMI RenewClean-[10.231.182.152:38297]              |     1000 |     1000 |      167992 |     14745410 |         0 |      0 |        3964 |      0 |      0 |         0 
 50730 Thread 15 - RMI GC Daemon                                      |        0 |        0 |           0 |            0 |         0 |      0 |           0 |      0 |      0 |         0 
 50733 Thread 16 - DecatonSubscriptionThread-decaton-benchmark        | 25300000 | 35535000 | 18975957834 | 600371415176 | 625102848 |  99328 | 13886766352 | 122352 |      0 |         0 
 50736 Thread 17 - kafka-coordinator-hear...hread | decaton-benchmark |   213000 |    27000 |    73104472 |   2366767405 |   5346304 |   4096 |    18120338 | 171423 |      0 |         0 
 50741 Thread 18 - PartitionProcessorThre...341-9e86-1b97bc82b52c-2-0 |  1145000 |   440000 |   491542899 |  15648875101 |      4096 |      0 |  1052246858 |      0 |      0 |         0 
 50742 Thread 19 - PartitionProcessorThre...341-9e86-1b97bc82b52c-2-1 |  1115000 |   372000 |   460982282 |  14681459710 |         0 |      0 |  1054800387 |      0 |      0 |         0 
 50743 Thread 20 - PartitionProcessorThre...341-9e86-1b97bc82b52c-2-2 |  1141000 |   375000 |   470853895 |  14970174960 |         0 |      0 |  1043671900 |      0 |      0 |         0 
 50744 Thread 21 - PartitionProcessorThre...341-9e86-1b97bc82b52c-2-3 |  1166000 |   420000 |   490789036 |  15655498667 |     29696 |      0 |   923921315 |      0 |      0 |         0 
 50745 Thread 22 - PartitionProcessorThre...341-9e86-1b97bc82b52c-2-4 |  1149000 |   410000 |   485083625 |  15402603523 |         0 |      0 |  1173644956 |      0 |      0 |         0 
 50746 Thread 23 - PartitionProcessorThre...341-9e86-1b97bc82b52c-2-5 |  1206000 |   433000 |   507279133 |  16181314573 |         0 |      0 |  1075041811 |      0 |      0 |         0 
 50747 Thread 24 - PartitionProcessorThre...341-9e86-1b97bc82b52c-2-6 |  1133000 |   457000 |   493889454 |  15705384023 |         0 |      0 |  1228381139 |      0 |      0 |         0 
 50748 Thread 25 - PartitionProcessorThre...341-9e86-1b97bc82b52c-2-7 |  1199000 |   413000 |   500221547 |  15915127222 |      8192 |      0 |   992797880 |      0 |      0 |         0 
 50749 Thread 26 - PartitionProcessorThre...341-9e86-1b97bc82b52c-2-8 |  1132000 |   441000 |   488581122 |  15535021452 |      1024 |      0 |  1023658830 |      0 |      0 |         0 
 50750 Thread 27 - PartitionProcessorThre...341-9e86-1b97bc82b52c-2-9 |  1095000 |   416000 |   472694258 |  14929886339 |         0 |      0 |  1136202518 |      0 |      0 |         0 
 50751 Thread 28 - PartitionProcessorThre...41-9e86-1b97bc82b52c-2-10 |  1128000 |   400000 |   474014633 |  15089881066 |      3072 |      0 |  1076046152 |      0 |      0 |         0 
 50752 Thread 29 - PartitionProcessorThre...41-9e86-1b97bc82b52c-2-11 |  1152000 |   426000 |   489069188 |  15581994343 |      3072 |      0 |  1154482398 |      0 |      0 |         0 
 50753 Thread 30 - PartitionProcessorThre...41-9e86-1b97bc82b52c-2-12 |  1151000 |   423000 |   489399297 |  15549848019 |      1024 |      0 |  1082096559 |      0 |      0 |         0 
 50754 Thread 31 - PartitionProcessorThre...41-9e86-1b97bc82b52c-2-13 |  1132000 |   380000 |   471336895 |  14937365382 |         0 |      0 |  1016733185 |      0 |      0 |         0 
 50755 Thread 32 - PartitionProcessorThre...41-9e86-1b97bc82b52c-2-14 |  1126000 |   428000 |   485696379 |  15353755667 |         0 |      0 |  1240071057 |      0 |      0 |         0 
 50756 Thread 33 - PartitionProcessorThre...41-9e86-1b97bc82b52c-2-15 |  1103000 |   408000 |   470589559 |  14926614859 |         0 |      0 |  1033552391 |      0 |      0 |         0 
 50757 Thread 34 - PartitionProcessorThre...41-9e86-1b97bc82b52c-2-16 |  1160000 |   405000 |   485134000 |  15455851366 |         0 |      0 |  1006022085 |      0 |      0 |         0 
 50758 Thread 35 - PartitionProcessorThre...41-9e86-1b97bc82b52c-2-17 |  1076000 |   400000 |   457375868 |  14575065550 |         0 |      0 |  1052429666 |      0 |      0 |         0 
 50759 Thread 36 - PartitionProcessorThre...41-9e86-1b97bc82b52c-2-18 |  1150000 |   414000 |   484328606 |  15443438761 |         0 |      0 |  1107856798 |      0 |      0 |         0 
 50760 Thread 37 - PartitionProcessorThre...41-9e86-1b97bc82b52c-2-19 |  1136000 |   418000 |   483887442 |  15350632339 |         0 |      0 |  1063547789 |      0 |      0 |         0 
 50764 Thread 38 - PartitionProcessorThre...341-9e86-1b97bc82b52c-0-0 |  1165000 |   409000 |   488736829 |  15565894995 |         0 |      0 |  1056297722 |      0 |      0 |         0 
 50765 Thread 39 - PartitionProcessorThre...341-9e86-1b97bc82b52c-0-1 |  1206000 |   420000 |   504745590 |  16080693218 |         0 |      0 |  1122106857 |      0 |      0 |         0 
 50766 Thread 40 - PartitionProcessorThre...341-9e86-1b97bc82b52c-0-2 |  1149000 |   460000 |   500428477 |  15913086628 |         0 |      0 |  1076231226 |      0 |      0 |         0 
 50767 Thread 41 - PartitionProcessorThre...341-9e86-1b97bc82b52c-0-3 |  1199000 |   431000 |   506504383 |  16119250632 |         0 |      0 |  1253744582 |      0 |      0 |         0 
 50768 Thread 42 - PartitionProcessorThre...341-9e86-1b97bc82b52c-0-4 |  1158000 |   419000 |   489974477 |  15595496183 |         0 |      0 |   902013233 |      0 |      0 |         0 
 50769 Thread 43 - PartitionProcessorThre...341-9e86-1b97bc82b52c-0-5 |  1187000 |   403000 |   494367563 |  15725108292 |         0 |      0 |  1057737801 |      0 |      0 |         0 
 50770 Thread 44 - PartitionProcessorThre...341-9e86-1b97bc82b52c-0-6 |  1159000 |   387000 |   479903411 |  15289670542 |         0 |      0 |  1117788312 |      0 |      0 |         0 
 50771 Thread 45 - PartitionProcessorThre...341-9e86-1b97bc82b52c-0-7 |  1119000 |   430000 |   480511528 |  15319041156 |         0 |      0 |  1163141318 |      0 |      0 |         0 
 50772 Thread 46 - PartitionProcessorThre...341-9e86-1b97bc82b52c-0-8 |  1143000 |   438000 |   488232485 |  15635154991 |         0 |      0 |  1092733582 |      0 |      0 |         0 
 50773 Thread 47 - PartitionProcessorThre...341-9e86-1b97bc82b52c-0-9 |  1150000 |   410000 |   484736063 |  15428123308 |         0 |      0 |   981588289 |      0 |      0 |         0 
 50774 Thread 48 - PartitionProcessorThre...41-9e86-1b97bc82b52c-0-10 |  1114000 |   423000 |   477345555 |  15200215968 |         0 |      0 |  1085981420 |      0 |      0 |         0 
 50775 Thread 49 - PartitionProcessorThre...41-9e86-1b97bc82b52c-0-11 |  1135000 |   442000 |   487564043 |  15596178644 |         0 |      0 |  1126848298 |      0 |      0 |         0 
 50776 Thread 50 - PartitionProcessorThre...41-9e86-1b97bc82b52c-0-12 |  1146000 |   376000 |   471922575 |  15051686214 |         0 |      0 |  1158031384 |      0 |      0 |         0 
 50777 Thread 51 - PartitionProcessorThre...41-9e86-1b97bc82b52c-0-13 |  1129000 |   410000 |   478147434 |  15220851187 |         0 |      0 |  1188130264 |      0 |      0 |         0 
 50778 Thread 52 - PartitionProcessorThre...41-9e86-1b97bc82b52c-0-14 |  1098000 |   459000 |   482390192 |  15397918155 |      1024 |      0 |  1225374262 |      0 |      0 |         0 
 50779 Thread 53 - PartitionProcessorThre...41-9e86-1b97bc82b52c-0-15 |  1132000 |   353000 |   458994298 |  14684971683 |         0 |      0 |  1076156982 |      0 |      0 |         0 
 50780 Thread 54 - PartitionProcessorThre...41-9e86-1b97bc82b52c-0-16 |  1093000 |   380000 |   454048356 |  14567374464 |         0 |      0 |   939484023 |      0 |      0 |         0 
 50781 Thread 55 - PartitionProcessorThre...41-9e86-1b97bc82b52c-0-17 |  1204000 |   396000 |   495680352 |  15822947941 |         0 |      0 |  1080736251 |      0 |      0 |         0 
 50782 Thread 56 - PartitionProcessorThre...41-9e86-1b97bc82b52c-0-18 |  1216000 |   422000 |   508625942 |  16199836233 |         0 |      0 |  1224898562 |      0 |      0 |         0 
 50783 Thread 57 - PartitionProcessorThre...41-9e86-1b97bc82b52c-0-19 |  1171000 |   425000 |   495739762 |  15783714679 |         0 |      0 |  1192880620 |      0 |      0 |         0 
 50784 Thread 58 - PartitionProcessorThre...341-9e86-1b97bc82b52c-1-0 |  1104000 |   414000 |   476463208 |  15012869956 |         0 |      0 |  1032634608 |      0 |      0 |         0 
 50785 Thread 59 - PartitionProcessorThre...341-9e86-1b97bc82b52c-1-1 |  1156000 |   433000 |   498459993 |  15715204265 |         0 |      0 |  1035481912 |      0 |      0 |         0 
 50786 Thread 60 - PartitionProcessorThre...341-9e86-1b97bc82b52c-1-2 |  1086000 |   414000 |   470977520 |  14835397374 |         0 |      0 |  1022082479 |      0 |      0 |         0 
 50787 Thread 61 - PartitionProcessorThre...341-9e86-1b97bc82b52c-1-3 |  1165000 |   432000 |   501807801 |  15794862358 |         0 |      0 |  1019441379 |      0 |      0 |         0 
 50788 Thread 62 - PartitionProcessorThre...341-9e86-1b97bc82b52c-1-4 |  1181000 |   402000 |   495644258 |  15655503569 |         0 |      0 |  1099505031 |      0 |      0 |         0 
 50789 Thread 63 - PartitionProcessorThre...341-9e86-1b97bc82b52c-1-5 |  1067000 |   439000 |   471891442 |  14893778839 |         0 |      0 |  1021841020 |      0 |      0 |         0 
 50790 Thread 64 - PartitionProcessorThre...341-9e86-1b97bc82b52c-1-6 |  1160000 |   406000 |   490137618 |  15487183612 |         0 |      0 |  1134034067 |      0 |      0 |         0 
 50791 Thread 65 - PartitionProcessorThre...341-9e86-1b97bc82b52c-1-7 |  1127000 |   423000 |   486216930 |  15329411331 |         0 |      0 |   961422723 |      0 |      0 |         0 
 50792 Thread 66 - PartitionProcessorThre...341-9e86-1b97bc82b52c-1-8 |  1146000 |   414000 |   489490868 |  15427881148 |         0 |      0 |   968022914 |      0 |      0 |         0 
 50793 Thread 67 - PartitionProcessorThre...341-9e86-1b97bc82b52c-1-9 |  1106000 |   426000 |   481069575 |  15151623034 |         0 |      0 |  1053258540 |      0 |      0 |         0 
 50794 Thread 68 - PartitionProcessorThre...41-9e86-1b97bc82b52c-1-10 |  1115000 |   404000 |   476604758 |  15022711995 |         0 |      0 |   933950088 |      0 |      0 |         0 
 50795 Thread 69 - PartitionProcessorThre...41-9e86-1b97bc82b52c-1-11 |  1119000 |   395000 |   474852965 |  14973627734 |      1024 |      0 |  1125202294 |      0 |      0 |         0 
 50796 Thread 70 - PartitionProcessorThre...41-9e86-1b97bc82b52c-1-12 |  1088000 |   386000 |   462207477 |  14577853468 |         0 |      0 |   951438851 |      0 |      0 |         0 
 50797 Thread 71 - PartitionProcessorThre...41-9e86-1b97bc82b52c-1-13 |  1075000 |   423000 |   470363223 |  14816117574 |         0 |      0 |  1197129670 |      0 |      0 |         0 
 50798 Thread 72 - PartitionProcessorThre...41-9e86-1b97bc82b52c-1-14 |  1080000 |   415000 |   468415067 |  14785656421 |         0 |      0 |  1076719311 |      0 |      0 |         0 
 50799 Thread 73 - PartitionProcessorThre...41-9e86-1b97bc82b52c-1-15 |  1161000 |   443000 |   504286946 |  15863654710 |         0 |      0 |  1060147926 |      0 |      0 |         0 
 50800 Thread 74 - PartitionProcessorThre...41-9e86-1b97bc82b52c-1-16 |  1201000 |   436000 |   513782664 |  16189880147 |         0 |      0 |  1043703254 |      0 |      0 |         0 
 50801 Thread 75 - PartitionProcessorThre...41-9e86-1b97bc82b52c-1-17 |  1146000 |   427000 |   492552590 |  15557336542 |         0 |      0 |   955981444 |      0 |      0 |         0 
 50802 Thread 76 - PartitionProcessorThre...41-9e86-1b97bc82b52c-1-18 |  1153000 |   415000 |   492279672 |  15506966870 |         0 |      0 |  1120663557 |      0 |      0 |         0 
 50803 Thread 77 - PartitionProcessorThre...41-9e86-1b97bc82b52c-1-19 |  1150000 |   417000 |   491066438 |  15497473855 |         0 |      0 |  1085870095 |      0 |      0 |         0 
 51106 Thread 78 - process reaper                                     |     1000 |     1000 |      669785 |     19833039 |      1024 |      0 |       24015 |      0 |      0 |         0 
 51109 Thread 79 - Attach Listener                                    |   115000 |    94000 |    68159093 |   2071386632 |   4657152 | 172032 |     1556401 |      0 |      0 |         0 
