                                 Task                                  |  utime   |  stime   |     rss     |     vmem     |   read    | write  |    d:cpu    | d:bio  | d:swap | d:reclaim 
 108303 Thread 1 - main                                                |   667000 |   121000 |    48811377 |   6043260006 |  22117376 |      0 |     8880359 |      0 |      0 |         0 
 108325 Thread 2 - Reference Handler                                   |     8000 |        0 |     1002726 |     67051781 |         0 |      0 |      993552 |      0 |      0 |         0 
 108326 Thread 3 - Finalizer                                           |     6000 |     1000 |      727359 |     56357886 |      5120 |      0 |     6015544 |      0 |      0 |         0 
 108327 Thread 4 - Surrogate Locker Thread (Concurrent GC)             |        0 |     1000 |       26707 |      7227285 |         0 |      0 |           0 |      0 |      0 |         0 
 108328 Thread 5 - Signal Dispatcher                                   |        0 |        0 |           0 |            0 |         0 |      0 |           0 |      0 |      0 |         0 
 108337 Thread 12 - RMI Scheduler(0)                                   |     2000 |     1000 |      643613 |     27276273 |      4096 |      0 |       54186 |      0 |      0 |         0 
 108338 Thread 13 - RMI RenewClean-[10.231.182.152:45893]              |     1000 |        0 |       81894 |      7893242 |      1024 |      0 |       19175 |      0 |      0 |         0 
 108339 Thread 14 - GC Daemon                                          |        0 |        0 |           0 |            0 |         0 |      0 |           0 |      0 |      0 |         0 
 108342 Thread 15 - DecatonSubscriptionThread-decaton-benchmark        | 31874000 | 34793000 | 18956136202 | 649567529882 | 635200512 | 119808 | 21705698392 |  79366 |      0 |         0 
 108347 Thread 16 - kafka-coordinator-hear...hread | decaton-benchmark |   187000 |    59000 |    68913780 |   2397345241 |   7539712 |   4096 |    23862532 | 172877 |      0 |         0 
 108351 Thread 17 - PartitionProcessorThre...b68-a93d-7ff75b3b5055-1-0 |  1483000 |   493000 |   557986593 |  19274310404 |     36864 |      0 |  1823254660 |      0 |      0 |         0 
 108352 Thread 18 - PartitionProcessorThre...b68-a93d-7ff75b3b5055-1-1 |  1497000 |   498000 |   564403105 |  19467392638 |    121856 |      0 |  1710865617 |      0 |      0 |         0 
 108353 Thread 19 - PartitionProcessorThre...b68-a93d-7ff75b3b5055-1-2 |  1381000 |   478000 |   528486234 |  18142075134 |         0 |      0 |  1684915920 |      0 |      0 |         0 
 108354 Thread 20 - PartitionProcessorThre...b68-a93d-7ff75b3b5055-1-3 |  1518000 |   452000 |   560437668 |  19224528009 |         0 |      0 |  1771023977 |      0 |      0 |         0 
 108355 Thread 21 - PartitionProcessorThre...b68-a93d-7ff75b3b5055-1-4 |  1496000 |   466000 |   558179875 |  19146226525 |         0 |      0 |  1841908374 |      0 |      0 |         0 
 108356 Thread 22 - PartitionProcessorThre...b68-a93d-7ff75b3b5055-1-5 |  1544000 |   516000 |   585392800 |  20103586087 |         0 |      0 |  1638078076 |      0 |      0 |         0 
 108357 Thread 23 - PartitionProcessorThre...b68-a93d-7ff75b3b5055-1-6 |  1426000 |   460000 |   535557738 |  18405196166 |         0 |      0 |  1836778156 |      0 |      0 |         0 
 108358 Thread 24 - PartitionProcessorThre...b68-a93d-7ff75b3b5055-1-7 |  1414000 |   480000 |   538059476 |  18485856017 |      3072 |      0 |  1596585435 |      0 |      0 |         0 
 108359 Thread 25 - PartitionProcessorThre...b68-a93d-7ff75b3b5055-1-8 |  1493000 |   456000 |   550880414 |  19020206298 |         0 |      0 |  1708104716 |      0 |      0 |         0 
 108360 Thread 26 - PartitionProcessorThre...b68-a93d-7ff75b3b5055-1-9 |  1463000 |   452000 |   543926468 |  18690259314 |         0 |      0 |  1642820826 |      0 |      0 |         0 
 108361 Thread 27 - PartitionProcessorThre...68-a93d-7ff75b3b5055-1-10 |  1462000 |   454000 |   545250914 |  18699457603 |         0 |      0 |  1735388366 |      0 |      0 |         0 
 108362 Thread 28 - PartitionProcessorThre...68-a93d-7ff75b3b5055-1-11 |  1445000 |   499000 |   552682828 |  18972721759 |         0 |      0 |  1727233959 |      0 |      0 |         0 
 108363 Thread 29 - PartitionProcessorThre...68-a93d-7ff75b3b5055-1-12 |  1436000 |   477000 |   543012129 |  18669484849 |         0 |      0 |  1634050242 |      0 |      0 |         0 
 108364 Thread 30 - PartitionProcessorThre...68-a93d-7ff75b3b5055-1-13 |  1371000 |   446000 |   516118441 |  17733966834 |         0 |      0 |  1404864383 |      0 |      0 |         0 
 108365 Thread 31 - PartitionProcessorThre...68-a93d-7ff75b3b5055-1-14 |  1405000 |   475000 |   533705410 |  18348027736 |         0 |      0 |  1621835767 |      0 |      0 |         0 
 108366 Thread 32 - PartitionProcessorThre...68-a93d-7ff75b3b5055-1-15 |  1418000 |   440000 |   528606644 |  18134747408 |         0 |      0 |  1528832358 |      0 |      0 |         0 
 108367 Thread 33 - PartitionProcessorThre...68-a93d-7ff75b3b5055-1-16 |  1582000 |   480000 |   582765511 |  20125184196 |         0 |      0 |  1731387699 |      0 |      0 |         0 
 108368 Thread 34 - PartitionProcessorThre...68-a93d-7ff75b3b5055-1-17 |  1466000 |   449000 |   540245234 |  18689448365 |         0 |      0 |  1654534153 |      0 |      0 |         0 
 108369 Thread 35 - PartitionProcessorThre...68-a93d-7ff75b3b5055-1-18 |  1466000 |   484000 |   552160738 |  19030913705 |         0 |      0 |  1832944210 |      0 |      0 |         0 
 108370 Thread 36 - PartitionProcessorThre...68-a93d-7ff75b3b5055-1-19 |  1449000 |   479000 |   548321328 |  18816828283 |      1024 |      0 |  1743364139 |      0 |      0 |         0 
 108371 Thread 37 - PartitionProcessorThre...b68-a93d-7ff75b3b5055-0-0 |  1439000 |   486000 |   549211359 |  18788793064 |         0 |      0 |  1627255345 |      0 |      0 |         0 
 108372 Thread 38 - PartitionProcessorThre...b68-a93d-7ff75b3b5055-0-1 |  1383000 |   485000 |   533766105 |  18233121041 |         0 |      0 |  1803637964 |      0 |      0 |         0 
 108373 Thread 39 - PartitionProcessorThre...b68-a93d-7ff75b3b5055-0-2 |  1375000 |   465000 |   526246453 |  17959593076 |         0 |      0 |  1621976487 |      0 |      0 |         0 
 108374 Thread 40 - PartitionProcessorThre...b68-a93d-7ff75b3b5055-0-3 |  1419000 |   457000 |   536654164 |  18311082447 |         0 |      0 |  1667173609 |      0 |      0 |         0 
 108375 Thread 41 - PartitionProcessorThre...b68-a93d-7ff75b3b5055-0-4 |  1318000 |   449000 |   504266191 |  17247314947 |         0 |      0 |  1624312310 |      0 |      0 |         0 
 108376 Thread 42 - PartitionProcessorThre...b68-a93d-7ff75b3b5055-0-5 |  1447000 |   505000 |   558454144 |  19053437994 |         0 |      0 |  1663311289 |      0 |      0 |         0 
 108377 Thread 43 - PartitionProcessorThre...b68-a93d-7ff75b3b5055-0-6 |  1395000 |   410000 |   516346055 |  17618100291 |         0 |      0 |  1560390904 |      0 |      0 |         0 
 108378 Thread 44 - PartitionProcessorThre...b68-a93d-7ff75b3b5055-0-7 |  1430000 |   433000 |   531285105 |  18183508025 |         0 |      0 |  1595773916 |      0 |      0 |         0 
 108379 Thread 45 - PartitionProcessorThre...b68-a93d-7ff75b3b5055-0-8 |  1423000 |   457000 |   535403562 |  18349561990 |         0 |      0 |  1810585949 |      0 |      0 |         0 
 108380 Thread 46 - PartitionProcessorThre...b68-a93d-7ff75b3b5055-0-9 |  1391000 |   467000 |   531771156 |  18136010810 |         0 |      0 |  1900210897 |      0 |      0 |         0 
 108381 Thread 47 - PartitionProcessorThre...68-a93d-7ff75b3b5055-0-10 |  1447000 |   488000 |   553756636 |  18887086607 |         0 |      0 |  1911508802 |      0 |      0 |         0 
 108382 Thread 48 - PartitionProcessorThre...68-a93d-7ff75b3b5055-0-11 |  1375000 |   480000 |   529931141 |  18105952799 |         0 |      0 |  1902862852 |      0 |      0 |         0 
 108383 Thread 49 - PartitionProcessorThre...68-a93d-7ff75b3b5055-0-12 |  1407000 |   488000 |   540489691 |  18497489306 |         0 |      0 |  1861871904 |      0 |      0 |         0 
 108384 Thread 50 - PartitionProcessorThre...68-a93d-7ff75b3b5055-0-13 |  1460000 |   489000 |   554749953 |  19023797314 |         0 |      0 |  1922717661 |      0 |      0 |         0 
 108385 Thread 51 - PartitionProcessorThre...68-a93d-7ff75b3b5055-0-14 |  1401000 |   444000 |   526825586 |  18008759599 |         0 |      0 |  1707002231 |      0 |      0 |         0 
 108386 Thread 52 - PartitionProcessorThre...68-a93d-7ff75b3b5055-0-15 |  1384000 |   472000 |   529249875 |  18115562385 |         0 |      0 |  1680422098 |      0 |      0 |         0 
 108387 Thread 53 - PartitionProcessorThre...68-a93d-7ff75b3b5055-0-16 |  1424000 |   452000 |   535323219 |  18310273974 |         0 |      0 |  1766986646 |      0 |      0 |         0 
 108388 Thread 54 - PartitionProcessorThre...68-a93d-7ff75b3b5055-0-17 |  1342000 |   544000 |   538699922 |  18408001834 |         0 |      0 |  1825434137 |      0 |      0 |         0 
 108389 Thread 55 - PartitionProcessorThre...68-a93d-7ff75b3b5055-0-18 |  1401000 |   447000 |   527188164 |  18038343642 |         0 |      0 |  1481150244 |      0 |      0 |         0 
 108390 Thread 56 - PartitionProcessorThre...68-a93d-7ff75b3b5055-0-19 |  1423000 |   467000 |   540053015 |  18448134146 |         0 |      0 |  1645848162 |      0 |      0 |         0 
 108391 Thread 57 - PartitionProcessorThre...b68-a93d-7ff75b3b5055-2-0 |  1313000 |   434000 |   498475559 |  17051706619 |         0 |      0 |  1841269661 |      0 |      0 |         0 
 108392 Thread 58 - PartitionProcessorThre...b68-a93d-7ff75b3b5055-2-1 |  1413000 |   461000 |   533974195 |  18291286131 |         0 |      0 |  1799186335 |      0 |      0 |         0 
 108393 Thread 59 - PartitionProcessorThre...b68-a93d-7ff75b3b5055-2-2 |  1401000 |   481000 |   537374847 |  18370660158 |         0 |      0 |  1661376871 |      0 |      0 |         0 
 108394 Thread 60 - PartitionProcessorThre...b68-a93d-7ff75b3b5055-2-3 |  1389000 |   470000 |   530046402 |  18145425724 |         0 |      0 |  1837133477 |      0 |      0 |         0 
 108395 Thread 61 - PartitionProcessorThre...b68-a93d-7ff75b3b5055-2-4 |  1379000 |   489000 |   534674094 |  18233725619 |         0 |      0 |  1718956447 |      0 |      0 |         0 
 108396 Thread 62 - PartitionProcessorThre...b68-a93d-7ff75b3b5055-2-5 |  1487000 |   505000 |   569153226 |  19444094994 |         0 |      0 |  1716990276 |      0 |      0 |         0 
 108397 Thread 63 - PartitionProcessorThre...b68-a93d-7ff75b3b5055-2-6 |  1512000 |   460000 |   563357957 |  19248476439 |         0 |      0 |  1935300912 |      0 |      0 |         0 
 108398 Thread 64 - PartitionProcessorThre...b68-a93d-7ff75b3b5055-2-7 |  1432000 |   472000 |   544511367 |  18584592326 |         0 |      0 |  1987325014 |      0 |      0 |         0 
 108399 Thread 65 - PartitionProcessorThre...b68-a93d-7ff75b3b5055-2-8 |  1426000 |   463000 |   539899679 |  18438782256 |         0 |      0 |  1553799567 |      0 |      0 |         0 
 108400 Thread 66 - PartitionProcessorThre...b68-a93d-7ff75b3b5055-2-9 |  1360000 |   474000 |   525194664 |  17901991350 |         0 |      0 |  1795737701 |      0 |      0 |         0 
 108401 Thread 67 - PartitionProcessorThre...68-a93d-7ff75b3b5055-2-10 |  1419000 |   482000 |   543450172 |  18555038830 |         0 |      0 |  1962311294 |      0 |      0 |         0 
 108402 Thread 68 - PartitionProcessorThre...68-a93d-7ff75b3b5055-2-11 |  1405000 |   497000 |   544353636 |  18566044787 |         0 |      0 |  1881653992 |      0 |      0 |         0 
 108403 Thread 69 - PartitionProcessorThre...68-a93d-7ff75b3b5055-2-12 |  1499000 |   431000 |   551771640 |  18838251564 |         0 |      0 |  1683616264 |      0 |      0 |         0 
 108404 Thread 70 - PartitionProcessorThre...68-a93d-7ff75b3b5055-2-13 |  1305000 |   472000 |   507788144 |  17346134662 |         0 |      0 |  1707745102 |      0 |      0 |         0 
 108405 Thread 71 - PartitionProcessorThre...68-a93d-7ff75b3b5055-2-14 |  1341000 |   481000 |   521524371 |  17784723666 |         0 |      0 |  1722849661 |      0 |      0 |         0 
 108406 Thread 72 - PartitionProcessorThre...68-a93d-7ff75b3b5055-2-15 |  1409000 |   458000 |   534405062 |  18223688908 |         0 |      0 |  1712398398 |      0 |      0 |         0 
 108407 Thread 73 - PartitionProcessorThre...68-a93d-7ff75b3b5055-2-16 |  1386000 |   447000 |   524117297 |  17891931537 |         0 |      0 |  1699591404 |      0 |      0 |         0 
 108408 Thread 74 - PartitionProcessorThre...68-a93d-7ff75b3b5055-2-17 |  1395000 |   468000 |   532981926 |  18184657123 |         0 |      0 |  1620275548 |      0 |      0 |         0 
 108409 Thread 75 - PartitionProcessorThre...68-a93d-7ff75b3b5055-2-18 |  1433000 |   478000 |   546561675 |  18652425052 |         0 |      0 |  1650133642 |      0 |      0 |         0 
 108410 Thread 76 - PartitionProcessorThre...68-a93d-7ff75b3b5055-2-19 |  1369000 |   460000 |   522858508 |  17852745404 |      1024 |      0 |  1643050682 |      0 |      0 |         0 
 108802 Thread 77 - process reaper                                     |     2000 |        0 |      591531 |     19577460 |         0 |      0 |      139123 |      0 |      0 |         0 
 108808 Thread 78 - Attach Listener                                    |   417000 |   109000 |   153055436 |   5141671616 |   5304320 | 205824 |     3033607 |      0 |      0 |         0 
