                                 Task                                 |  utime   |  stime   |     rss     |     vmem     |   read    | write  |    d:cpu    | d:bio  | d:swap | d:reclaim 
 98417 Thread 1 - main                                                |   829000 |   166000 |    63952951 |   7633453038 |  34140160 |   1024 |     8457344 |      0 |      0 |         0 
 98439 Thread 2 - Reference Handler                                   |     3000 |     1000 |      393476 |     32593089 |         0 |      0 |     1286872 |      0 |      0 |         0 
 98440 Thread 3 - Finalizer                                           |     4000 |     1000 |      651566 |     41434757 |      5120 |      0 |     3742378 |      0 |      0 |         0 
 98441 Thread 4 - Surrogate Locker Thread (Concurrent GC)             |        0 |        0 |           0 |            0 |         0 |      0 |       13041 |      0 |      0 |         0 
 98442 Thread 5 - Signal Dispatcher                                   |        0 |        0 |           0 |            0 |         0 |      0 |      104140 |      0 |      0 |         0 
 98453 Thread 12 - RMI Scheduler(0)                                   |     3000 |        0 |      663367 |     27276285 |      4096 |      0 |      492368 |      0 |      0 |         0 
 98454 Thread 13 - RMI RenewClean-[10.231.182.152:37586]              |        0 |        0 |           0 |            0 |      1024 |      0 |       11724 |      0 |      0 |         0 
 98455 Thread 14 - GC Daemon                                          |        0 |        0 |           0 |            0 |         0 |      0 |           0 |      0 |      0 |         0 
 98457 Thread 15 - DecatonSubscriptionThread-decaton-benchmark        | 32483000 | 34005000 | 19356282867 | 648000311895 | 622917632 | 130048 | 19172508597 | 143291 |      0 |         0 
 98459 Thread 16 - kafka-coordinator-hear...hread | decaton-benchmark |   236000 |    59000 |    83732378 |   2860756222 |   7990272 |   5120 |    35778872 | 205431 |      0 |         0 
 98462 Thread 17 - PartitionProcessorThre...833-b730-933a748b4e12-1-0 |  1345000 |   487000 |   530513082 |  17858122684 |    151552 |      0 |  1738117947 |      0 |      0 |         0 
 98463 Thread 18 - PartitionProcessorThre...833-b730-933a748b4e12-1-1 |  1383000 |   464000 |   536762422 |  18015078086 |         0 |      0 |  1784262936 |      0 |      0 |         0 
 98464 Thread 19 - PartitionProcessorThre...833-b730-933a748b4e12-1-2 |  1384000 |   483000 |   544301461 |  18213468360 |      1024 |      0 |  1742742536 |      0 |      0 |         0 
 98465 Thread 20 - PartitionProcessorThre...833-b730-933a748b4e12-1-3 |  1458000 |   518000 |   575118898 |  19275893172 |         0 |      0 |  1732590314 |      0 |      0 |         0 
 98466 Thread 21 - PartitionProcessorThre...833-b730-933a748b4e12-1-4 |  1450000 |   489000 |   563041836 |  18913718516 |         0 |      0 |  1759721744 |      0 |      0 |         0 
 98467 Thread 22 - PartitionProcessorThre...833-b730-933a748b4e12-1-5 |  1337000 |   479000 |   527846340 |  17710031168 |      7168 |      0 |  1818542561 |      0 |      0 |         0 
 98468 Thread 23 - PartitionProcessorThre...833-b730-933a748b4e12-1-6 |  1343000 |   478000 |   529551246 |  17764826356 |         0 |      0 |  1943805556 |      0 |      0 |         0 
 98469 Thread 24 - PartitionProcessorThre...833-b730-933a748b4e12-1-7 |  1328000 |   396000 |   501110164 |  16819608231 |         0 |      0 |  1824209091 |      0 |      0 |         0 
 98470 Thread 25 - PartitionProcessorThre...833-b730-933a748b4e12-1-8 |  1319000 |   467000 |   519797933 |  17425172676 |         0 |      0 |  1545805703 |      0 |      0 |         0 
 98471 Thread 26 - PartitionProcessorThre...833-b730-933a748b4e12-1-9 |  1420000 |   477000 |   550969160 |  18505082375 |         0 |      0 |  1684020753 |      0 |      0 |         0 
 98472 Thread 27 - PartitionProcessorThre...33-b730-933a748b4e12-1-10 |  1438000 |   480000 |   558785320 |  18713252606 |         0 |      0 |  1784094612 |      0 |      0 |         0 
 98473 Thread 28 - PartitionProcessorThre...33-b730-933a748b4e12-1-11 |  1399000 |   486000 |   546721172 |  18386845672 |         0 |      0 |  1689804093 |      0 |      0 |         0 
 98474 Thread 29 - PartitionProcessorThre...33-b730-933a748b4e12-1-12 |  1441000 |   451000 |   550099007 |  18457691098 |         0 |      0 |  1612784369 |      0 |      0 |         0 
 98475 Thread 30 - PartitionProcessorThre...33-b730-933a748b4e12-1-13 |  1356000 |   481000 |   533372062 |  17919404825 |         0 |      0 |  1833905545 |      0 |      0 |         0 
 98476 Thread 31 - PartitionProcessorThre...33-b730-933a748b4e12-1-14 |  1379000 |   443000 |   530511785 |  17777487184 |      1024 |      0 |  1783738641 |      0 |      0 |         0 
 98477 Thread 32 - PartitionProcessorThre...33-b730-933a748b4e12-1-15 |  1385000 |   570000 |   567394644 |  19070687852 |         0 |      0 |  1953201064 |      0 |      0 |         0 
 98478 Thread 33 - PartitionProcessorThre...33-b730-933a748b4e12-1-16 |  1273000 |   446000 |   498414809 |  16768026004 |         0 |      0 |  1681119132 |      0 |      0 |         0 
 98479 Thread 34 - PartitionProcessorThre...33-b730-933a748b4e12-1-17 |  1383000 |   489000 |   544142207 |  18262053680 |         0 |      0 |  1960300720 |      0 |      0 |         0 
 98480 Thread 35 - PartitionProcessorThre...33-b730-933a748b4e12-1-18 |  1337000 |   427000 |   512005621 |  17205495204 |         0 |      0 |  1588662913 |      0 |      0 |         0 
 98481 Thread 36 - PartitionProcessorThre...33-b730-933a748b4e12-1-19 |  1380000 |   504000 |   547765328 |  18379539922 |         0 |      0 |  1911004191 |      0 |      0 |         0 
 98482 Thread 37 - PartitionProcessorThre...833-b730-933a748b4e12-0-0 |  1484000 |   504000 |   578518374 |  19404137606 |         0 |      0 |  1708297383 |      0 |      0 |         0 
 98483 Thread 38 - PartitionProcessorThre...833-b730-933a748b4e12-0-1 |  1375000 |   502000 |   548115027 |  18320643090 |         0 |      0 |  1695505937 |      0 |      0 |         0 
 98484 Thread 39 - PartitionProcessorThre...833-b730-933a748b4e12-0-2 |  1399000 |   515000 |   556228921 |  18681782285 |         0 |      0 |  1743741657 |      0 |      0 |         0 
 98485 Thread 40 - PartitionProcessorThre...833-b730-933a748b4e12-0-3 |  1392000 |   444000 |   534370066 |  17920595891 |         0 |      0 |  1752044499 |      0 |      0 |         0 
 98486 Thread 41 - PartitionProcessorThre...833-b730-933a748b4e12-0-4 |  1386000 |   500000 |   546689593 |  18408233680 |         0 |      0 |  1776993174 |      0 |      0 |         0 
 98487 Thread 42 - PartitionProcessorThre...833-b730-933a748b4e12-0-5 |  1394000 |   402000 |   521492875 |  17529636090 |         0 |      0 |  1694735738 |      0 |      0 |         0 
 98488 Thread 43 - PartitionProcessorThre...833-b730-933a748b4e12-0-6 |  1340000 |   456000 |   523341230 |  17529921997 |         0 |      0 |  1662809129 |      0 |      0 |         0 
 98489 Thread 44 - PartitionProcessorThre...833-b730-933a748b4e12-0-7 |  1385000 |   476000 |   540634792 |  18164789395 |      1024 |      0 |  1735010545 |      0 |      0 |         0 
 98490 Thread 45 - PartitionProcessorThre...833-b730-933a748b4e12-0-8 |  1380000 |   485000 |   542765781 |  18203304059 |         0 |      0 |  1736260003 |      0 |      0 |         0 
 98491 Thread 46 - PartitionProcessorThre...833-b730-933a748b4e12-0-9 |  1349000 |   444000 |   521130363 |  17501063282 |         0 |      0 |  1719353282 |      0 |      0 |         0 
 98492 Thread 47 - PartitionProcessorThre...33-b730-933a748b4e12-0-10 |  1366000 |   459000 |   531384339 |  17813423668 |         0 |      0 |  1911506311 |      0 |      0 |         0 
 98493 Thread 48 - PartitionProcessorThre...33-b730-933a748b4e12-0-11 |  1356000 |   485000 |   534647789 |  17968734704 |         0 |      0 |  1604243362 |      0 |      0 |         0 
 98494 Thread 49 - PartitionProcessorThre...33-b730-933a748b4e12-0-12 |  1378000 |   465000 |   536715781 |  17987905926 |         0 |      0 |  1839599526 |      0 |      0 |         0 
 98495 Thread 50 - PartitionProcessorThre...33-b730-933a748b4e12-0-13 |  1342000 |   433000 |   517866222 |  17325240989 |         0 |      0 |  1742249314 |      0 |      0 |         0 
 98496 Thread 51 - PartitionProcessorThre...33-b730-933a748b4e12-0-14 |  1365000 |   548000 |   557224910 |  18671741598 |         0 |      0 |  1731282746 |      0 |      0 |         0 
 98497 Thread 52 - PartitionProcessorThre...33-b730-933a748b4e12-0-15 |  1378000 |   461000 |   536260328 |  17949903957 |         0 |      0 |  1591820253 |      0 |      0 |         0 
 98498 Thread 53 - PartitionProcessorThre...33-b730-933a748b4e12-0-16 |  1384000 |   497000 |   547373675 |  18358642723 |      3072 |      0 |  1797967550 |      0 |      0 |         0 
 98499 Thread 54 - PartitionProcessorThre...33-b730-933a748b4e12-0-17 |  1360000 |   489000 |   539039519 |  18046934403 |         0 |      0 |  1755797682 |      0 |      0 |         0 
 98500 Thread 55 - PartitionProcessorThre...33-b730-933a748b4e12-0-18 |  1482000 |   476000 |   568739613 |  19110643309 |         0 |      0 |  1665357264 |      0 |      0 |         0 
 98501 Thread 56 - PartitionProcessorThre...33-b730-933a748b4e12-0-19 |  1501000 |   490000 |   578802917 |  19432587684 |         0 |      0 |  1741050639 |      0 |      0 |         0 
 98502 Thread 57 - PartitionProcessorThre...833-b730-933a748b4e12-2-0 |  1488000 |   475000 |   575338499 |  19160906945 |         0 |      0 |  1474618195 |      0 |      0 |         0 
 98503 Thread 58 - PartitionProcessorThre...833-b730-933a748b4e12-2-1 |  1377000 |   502000 |   551499351 |  18341286078 |         0 |      0 |  1480005359 |      0 |      0 |         0 
 98504 Thread 59 - PartitionProcessorThre...833-b730-933a748b4e12-2-2 |  1396000 |   481000 |   550130816 |  18321585692 |         0 |      0 |  1731572299 |      0 |      0 |         0 
 98505 Thread 60 - PartitionProcessorThre...833-b730-933a748b4e12-2-3 |  1353000 |   488000 |   538925082 |  17970125680 |         0 |      0 |  1594557228 |      0 |      0 |         0 
 98506 Thread 61 - PartitionProcessorThre...833-b730-933a748b4e12-2-4 |  1368000 |   420000 |   522849449 |  17452529700 |         0 |      0 |  1547014436 |      0 |      0 |         0 
 98507 Thread 62 - PartitionProcessorThre...833-b730-933a748b4e12-2-5 |  1409000 |   500000 |   558511011 |  18633414125 |         0 |      0 |  1661697535 |      0 |      0 |         0 
 98508 Thread 63 - PartitionProcessorThre...833-b730-933a748b4e12-2-6 |  1341000 |   409000 |   512199281 |  17081599876 |         0 |      0 |  1669478101 |      0 |      0 |         0 
 98509 Thread 64 - PartitionProcessorThre...833-b730-933a748b4e12-2-7 |  1355000 |   480000 |   536807308 |  17910776098 |         0 |      0 |  1494221161 |      0 |      0 |         0 
 98510 Thread 65 - PartitionProcessorThre...833-b730-933a748b4e12-2-8 |  1373000 |   462000 |   536740273 |  17910704684 |         0 |      0 |  1850722666 |      0 |      0 |         0 
 98511 Thread 66 - PartitionProcessorThre...833-b730-933a748b4e12-2-9 |  1305000 |   458000 |   516149738 |  17208320961 |         0 |      0 |  1609353622 |      0 |      0 |         0 
 98512 Thread 67 - PartitionProcessorThre...33-b730-933a748b4e12-2-10 |  1295000 |   509000 |   528734621 |  17608680586 |         0 |      0 |  1693908480 |      0 |      0 |         0 
 98513 Thread 68 - PartitionProcessorThre...33-b730-933a748b4e12-2-11 |  1339000 |   453000 |   524479324 |  17491538868 |         0 |      0 |  1687687625 |      0 |      0 |         0 
 98514 Thread 69 - PartitionProcessorThre...33-b730-933a748b4e12-2-12 |  1405000 |   486000 |   552449175 |  18456842973 |         0 |      0 |  1685879453 |      0 |      0 |         0 
 98515 Thread 70 - PartitionProcessorThre...33-b730-933a748b4e12-2-13 |  1342000 |   460000 |   526964222 |  17589576243 |         0 |      0 |  1681695507 |      0 |      0 |         0 
 98516 Thread 71 - PartitionProcessorThre...33-b730-933a748b4e12-2-14 |  1380000 |   495000 |   548490543 |  18301848317 |         0 |      0 |  1705752617 |      0 |      0 |         0 
 98517 Thread 72 - PartitionProcessorThre...33-b730-933a748b4e12-2-15 |  1421000 |   486000 |   558226210 |  18614529871 |         0 |      0 |  1616672774 |      0 |      0 |         0 
 98518 Thread 73 - PartitionProcessorThre...33-b730-933a748b4e12-2-16 |  1295000 |   497000 |   525304281 |  17491698797 |         0 |      0 |  1686741980 |      0 |      0 |         0 
 98519 Thread 74 - PartitionProcessorThre...33-b730-933a748b4e12-2-17 |  1361000 |   471000 |   537277039 |  17882182121 |         0 |      0 |  1648288943 |      0 |      0 |         0 
 98520 Thread 75 - PartitionProcessorThre...33-b730-933a748b4e12-2-18 |  1346000 |   454000 |   527829551 |  17570533434 |         0 |      0 |  1739297309 |      0 |      0 |         0 
 98521 Thread 76 - PartitionProcessorThre...33-b730-933a748b4e12-2-19 |  1394000 |   456000 |   542068527 |  18057261602 |         0 |      0 |  1774985353 |      0 |      0 |         0 
 98943 Thread 77 - process reaper                                     |        0 |        0 |           0 |            0 |         0 |      0 |       14315 |      0 |      0 |         0 
 98949 Thread 78 - Attach Listener                                    |   451000 |    96000 |   162994194 |   5346782620 |   5304320 | 238592 |     6654217 |      0 |      0 |         0 
