                                 Task                                 |  utime   |  stime   |     rss     |     vmem     |   read    | write  |    d:cpu    | d:bio  | d:swap | d:reclaim 
 64111 Thread 1 - main                                                |   820000 |   122000 |    62779771 |   7235558319 |  34130944 |   1024 |     6689181 |      0 |      0 |         0 
 64133 Thread 2 - Reference Handler                                   |     8000 |        0 |      795386 |     65156324 |         0 |      0 |      136953 |      0 |      0 |         0 
 64134 Thread 3 - Finalizer                                           |     6000 |     1000 |      615562 |     55398800 |     13312 |      0 |      945753 |      0 |      0 |         0 
 64135 Thread 4 - Surrogate Locker Thread (Concurrent GC)             |        0 |        0 |           0 |            0 |         0 |      0 |       18421 |      0 |      0 |         0 
 64136 Thread 5 - Signal Dispatcher                                   |        0 |     1000 |      305863 |      9758750 |         0 |      0 |           0 |      0 |      0 |         0 
 64145 Thread 12 - RMI Scheduler(0)                                   |     4000 |        0 |      965285 |     37033808 |      4096 |      0 |      262180 |      0 |      0 |         0 
 64146 Thread 13 - RMI RenewClean-[10.231.182.152:42969]              |     1000 |        0 |       81652 |      7893246 |      1024 |      0 |           0 |      0 |      0 |         0 
 64147 Thread 14 - GC Daemon                                          |        0 |        0 |           0 |            0 |         0 |      0 |           0 |      0 |      0 |         0 
 64149 Thread 15 - DecatonSubscriptionThread-decaton-benchmark        | 30934000 | 34487000 | 19503481576 | 637642853864 | 623515648 | 126976 | 20452374909 | 192631 |      0 |         0 
 64150 Thread 16 - kafka-coordinator-hear...hread | decaton-benchmark |   251000 |    52000 |    88246792 |   2942277753 |   7435264 |   5120 |    31505499 | 382832 |      0 |         0 
 64156 Thread 17 - PartitionProcessorThre...b8c-924a-2d2105b90bb8-0-0 |  1348000 |   485000 |   545618910 |  17874929325 |     33792 |      0 |  1889087117 |      0 |      0 |         0 
 64157 Thread 18 - PartitionProcessorThre...b8c-924a-2d2105b90bb8-0-1 |  1468000 |   452000 |   570081242 |  18721606157 |     69632 |      0 |  1753894897 |      0 |      0 |         0 
 64158 Thread 19 - PartitionProcessorThre...b8c-924a-2d2105b90bb8-0-2 |  1380000 |   437000 |   541502543 |  17720612208 |     55296 |      0 |  1912050775 |      0 |      0 |         0 
 64159 Thread 20 - PartitionProcessorThre...b8c-924a-2d2105b90bb8-0-3 |  1371000 |   463000 |   547345559 |  17894986024 |         0 |      0 |  1958830346 |      0 |      0 |         0 
 64160 Thread 21 - PartitionProcessorThre...b8c-924a-2d2105b90bb8-0-4 |  1342000 |   411000 |   524606652 |  17106092591 |         0 |      0 |  1684251787 |      0 |      0 |         0 
 64161 Thread 22 - PartitionProcessorThre...b8c-924a-2d2105b90bb8-0-5 |  1329000 |   458000 |   532991727 |  17435223352 |         0 |      0 |  1777879043 |      0 |      0 |         0 
 64162 Thread 23 - PartitionProcessorThre...b8c-924a-2d2105b90bb8-0-6 |  1443000 |   453000 |   565253211 |  18502020266 |         0 |      0 |  1677873264 |      0 |      0 |         0 
 64163 Thread 24 - PartitionProcessorThre...b8c-924a-2d2105b90bb8-0-7 |  1350000 |   450000 |   537284449 |  17561745368 |         0 |      0 |  1865191214 |      0 |      0 |         0 
 64164 Thread 25 - PartitionProcessorThre...b8c-924a-2d2105b90bb8-0-8 |  1460000 |   480000 |   577989140 |  18929387965 |         0 |      0 |  1684588485 |      0 |      0 |         0 
 64165 Thread 26 - PartitionProcessorThre...b8c-924a-2d2105b90bb8-0-9 |  1370000 |   475000 |   550534035 |  18003651989 |         0 |      0 |  1579760471 |      0 |      0 |         0 
 64166 Thread 27 - PartitionProcessorThre...8c-924a-2d2105b90bb8-0-10 |  1376000 |   510000 |   564145437 |  18404825200 |         0 |      0 |  1652946896 |      0 |      0 |         0 
 64167 Thread 28 - PartitionProcessorThre...8c-924a-2d2105b90bb8-0-11 |  1370000 |   445000 |   541776988 |  17711136583 |         0 |      0 |  1619084099 |      0 |      0 |         0 
 64168 Thread 29 - PartitionProcessorThre...8c-924a-2d2105b90bb8-0-12 |  1387000 |   443000 |   547505246 |  17856442372 |         0 |      0 |  1683009600 |      0 |      0 |         0 
 64169 Thread 30 - PartitionProcessorThre...8c-924a-2d2105b90bb8-0-13 |  1347000 |   450000 |   536854859 |  17536998087 |         0 |      0 |  1633145927 |      0 |      0 |         0 
 64170 Thread 31 - PartitionProcessorThre...8c-924a-2d2105b90bb8-0-14 |  1398000 |   532000 |   577337230 |  18834931114 |         0 |      0 |  1850658134 |      0 |      0 |         0 
 64171 Thread 32 - PartitionProcessorThre...8c-924a-2d2105b90bb8-0-15 |  1349000 |   403000 |   522484367 |  17094362134 |         0 |      0 |  1661895867 |      0 |      0 |         0 
 64172 Thread 33 - PartitionProcessorThre...8c-924a-2d2105b90bb8-0-16 |  1373000 |   457000 |   546714605 |  17858195239 |         0 |      0 |  1876332610 |      0 |      0 |         0 
 64173 Thread 34 - PartitionProcessorThre...8c-924a-2d2105b90bb8-0-17 |  1394000 |   483000 |   561030566 |  18319016934 |         0 |      0 |  1806034886 |      0 |      0 |         0 
 64174 Thread 35 - PartitionProcessorThre...8c-924a-2d2105b90bb8-0-18 |  1363000 |   494000 |   554872832 |  18122357868 |         0 |      0 |  1952912679 |      0 |      0 |         0 
 64175 Thread 36 - PartitionProcessorThre...8c-924a-2d2105b90bb8-0-19 |  1360000 |   434000 |   536501695 |  17507541321 |         0 |      0 |  1809823360 |      0 |      0 |         0 
 64176 Thread 37 - PartitionProcessorThre...b8c-924a-2d2105b90bb8-2-0 |  1428000 |   478000 |   565853011 |  18602731141 |         0 |      0 |  1593931882 |      0 |      0 |         0 
 64177 Thread 38 - PartitionProcessorThre...b8c-924a-2d2105b90bb8-2-1 |  1493000 |   502000 |   591138523 |  19470042337 |         0 |      0 |  1847871793 |      0 |      0 |         0 
 64178 Thread 39 - PartitionProcessorThre...b8c-924a-2d2105b90bb8-2-2 |  1445000 |   480000 |   568421090 |  18787421860 |         0 |      0 |  1722605075 |      0 |      0 |         0 
 64179 Thread 40 - PartitionProcessorThre...b8c-924a-2d2105b90bb8-2-3 |  1332000 |   494000 |   543747422 |  17821995036 |         0 |      0 |  1825023554 |      0 |      0 |         0 
 64180 Thread 41 - PartitionProcessorThre...b8c-924a-2d2105b90bb8-2-4 |  1330000 |   485000 |   538847090 |  17715101681 |         0 |      0 |  1634980814 |      0 |      0 |         0 
 64181 Thread 42 - PartitionProcessorThre...b8c-924a-2d2105b90bb8-2-5 |  1349000 |   469000 |   540406492 |  17743969364 |         0 |      0 |  1765536045 |      0 |      0 |         0 
 64182 Thread 43 - PartitionProcessorThre...b8c-924a-2d2105b90bb8-2-6 |  1391000 |   479000 |   555445957 |  18250857512 |         0 |      0 |  1751017486 |      0 |      0 |         0 
 64183 Thread 44 - PartitionProcessorThre...b8c-924a-2d2105b90bb8-2-7 |  1403000 |   470000 |   555393136 |  18280626102 |      3072 |      0 |  1754093376 |      0 |      0 |         0 
 64184 Thread 45 - PartitionProcessorThre...b8c-924a-2d2105b90bb8-2-8 |  1402000 |   471000 |   557376511 |  18281250790 |         0 |      0 |  1766443179 |      0 |      0 |         0 
 64185 Thread 46 - PartitionProcessorThre...b8c-924a-2d2105b90bb8-2-9 |  1374000 |   504000 |   558523539 |  18329852977 |         0 |      0 |  1698627512 |      0 |      0 |         0 
 64186 Thread 47 - PartitionProcessorThre...8c-924a-2d2105b90bb8-2-10 |  1379000 |   451000 |   544007477 |  17860840548 |      1024 |      0 |  1991895159 |      0 |      0 |         0 
 64187 Thread 48 - PartitionProcessorThre...8c-924a-2d2105b90bb8-2-11 |  1395000 |   449000 |   546810422 |  17998011556 |         0 |      0 |  1813062747 |      0 |      0 |         0 
 64188 Thread 49 - PartitionProcessorThre...8c-924a-2d2105b90bb8-2-12 |  1380000 |   479000 |   551077457 |  18144702458 |         0 |      0 |  2011099856 |      0 |      0 |         0 
 64189 Thread 50 - PartitionProcessorThre...8c-924a-2d2105b90bb8-2-13 |  1351000 |   410000 |   521796230 |  17187382099 |         0 |      0 |  1815688928 |      0 |      0 |         0 
 64190 Thread 51 - PartitionProcessorThre...8c-924a-2d2105b90bb8-2-14 |  1358000 |   472000 |   543674629 |  17861368700 |         0 |      0 |  1748374650 |      0 |      0 |         0 
 64191 Thread 52 - PartitionProcessorThre...8c-924a-2d2105b90bb8-2-15 |  1393000 |   461000 |   548774590 |  18094788610 |         0 |      0 |  1969497389 |      0 |      0 |         0 
 64192 Thread 53 - PartitionProcessorThre...8c-924a-2d2105b90bb8-2-16 |  1435000 |   511000 |   577745679 |  18992956348 |         0 |      0 |  1896287828 |      0 |      0 |         0 
 64193 Thread 54 - PartitionProcessorThre...8c-924a-2d2105b90bb8-2-17 |  1404000 |   469000 |   549054246 |  18278741091 |         0 |      0 |  1731934843 |      0 |      0 |         0 
 64194 Thread 55 - PartitionProcessorThre...8c-924a-2d2105b90bb8-2-18 |  1398000 |   460000 |   549115359 |  18133635251 |         0 |      0 |  1823259437 |      0 |      0 |         0 
 64195 Thread 56 - PartitionProcessorThre...8c-924a-2d2105b90bb8-2-19 |  1359000 |   463000 |   538773656 |  17782095438 |         0 |      0 |  1801292159 |      0 |      0 |         0 
 64197 Thread 57 - PartitionProcessorThre...b8c-924a-2d2105b90bb8-1-0 |  1382000 |   432000 |   543303934 |  17705406540 |         0 |      0 |  1635587331 |      0 |      0 |         0 
 64198 Thread 58 - PartitionProcessorThre...b8c-924a-2d2105b90bb8-1-1 |  1396000 |   438000 |   549071820 |  17900787934 |         0 |      0 |  1738551034 |      0 |      0 |         0 
 64199 Thread 59 - PartitionProcessorThre...b8c-924a-2d2105b90bb8-1-2 |  1344000 |   474000 |   544842836 |  17744517352 |         0 |      0 |  1658836303 |      0 |      0 |         0 
 64200 Thread 60 - PartitionProcessorThre...b8c-924a-2d2105b90bb8-1-3 |  1411000 |   487000 |   569941414 |  18525725110 |         0 |      0 |  1761437389 |      0 |      0 |         0 
 64201 Thread 61 - PartitionProcessorThre...b8c-924a-2d2105b90bb8-1-4 |  1452000 |   437000 |   567943363 |  18438653782 |         0 |      0 |  1750802261 |      0 |      0 |         0 
 64202 Thread 62 - PartitionProcessorThre...b8c-924a-2d2105b90bb8-1-5 |  1391000 |   478000 |   559511027 |  18242630391 |         0 |      0 |  1960983950 |      0 |      0 |         0 
 64203 Thread 63 - PartitionProcessorThre...b8c-924a-2d2105b90bb8-1-6 |  1430000 |   450000 |   563032074 |  18349361927 |         0 |      0 |  1779944593 |      0 |      0 |         0 
 64204 Thread 64 - PartitionProcessorThre...b8c-924a-2d2105b90bb8-1-7 |  1406000 |   498000 |   570895926 |  18584829071 |         0 |      0 |  1706444923 |      0 |      0 |         0 
 64205 Thread 65 - PartitionProcessorThre...b8c-924a-2d2105b90bb8-1-8 |  1466000 |   461000 |   577889804 |  18808204848 |         0 |      0 |  1707650692 |      0 |      0 |         0 
 64206 Thread 66 - PartitionProcessorThre...b8c-924a-2d2105b90bb8-1-9 |  1374000 |   469000 |   552630777 |  17989140391 |         0 |      0 |  1712747474 |      0 |      0 |         0 
 64207 Thread 67 - PartitionProcessorThre...8c-924a-2d2105b90bb8-1-10 |  1337000 |   439000 |   532888492 |  17334907294 |         0 |      0 |  1737926385 |      0 |      0 |         0 
 64208 Thread 68 - PartitionProcessorThre...8c-924a-2d2105b90bb8-1-11 |  1408000 |   440000 |   553392172 |  18037357645 |         0 |      0 |  1845298766 |      0 |      0 |         0 
 64209 Thread 69 - PartitionProcessorThre...8c-924a-2d2105b90bb8-1-12 |  1468000 |   506000 |   591671433 |  19267898114 |         0 |      0 |  1692858024 |      0 |      0 |         0 
 64210 Thread 70 - PartitionProcessorThre...8c-924a-2d2105b90bb8-1-13 |  1406000 |   503000 |   571982125 |  18632336149 |         0 |      0 |  1792040508 |      0 |      0 |         0 
 64211 Thread 71 - PartitionProcessorThre...8c-924a-2d2105b90bb8-1-14 |  1376000 |   474000 |   554893434 |  18057393048 |         0 |      0 |  1871851813 |      0 |      0 |         0 
 64212 Thread 72 - PartitionProcessorThre...8c-924a-2d2105b90bb8-1-15 |  1334000 |   466000 |   539761016 |  17568771763 |         0 |      0 |  1796124771 |      0 |      0 |         0 
 64213 Thread 73 - PartitionProcessorThre...8c-924a-2d2105b90bb8-1-16 |  1393000 |   392000 |   534740902 |  17422264493 |         0 |      0 |  1819225669 |      0 |      0 |         0 
 64214 Thread 74 - PartitionProcessorThre...8c-924a-2d2105b90bb8-1-17 |  1395000 |   476000 |   561266640 |  18261754989 |         0 |      0 |  1869824213 |      0 |      0 |         0 
 64215 Thread 75 - PartitionProcessorThre...8c-924a-2d2105b90bb8-1-18 |  1430000 |   493000 |   577622824 |  18770124512 |      1024 |      0 |  1941942009 |      0 |      0 |         0 
 64216 Thread 76 - PartitionProcessorThre...8c-924a-2d2105b90bb8-1-19 |  1356000 |   483000 |   550740387 |  17948884958 |         0 |      0 |  1859259780 |      0 |      0 |         0 
 64650 Thread 77 - process reaper                                     |     1000 |        0 |      310777 |      9786230 |         0 |      0 |       20220 |      0 |      0 |         0 
 64656 Thread 78 - Attach Listener                                    |   436000 |    98000 |   164369307 |   5219758054 |   5304320 | 186368 |     2210976 |      0 |      0 |         0 
