                                 Task                                  |  utime   |  stime   |     rss     |     vmem     |   read    | write  |    d:cpu    |  d:bio  | d:swap | d:reclaim 
 135868 Thread 1 - main                                                |   606000 |    67000 |    42378698 |   5101073866 |  21218304 |   1024 |     3500024 |       0 |      0 |         0 
 135890 Thread 2 - Reference Handler                                   |     7000 |        0 |      872414 |     56358257 |         0 |      0 |      147819 |       0 |      0 |         0 
 135891 Thread 3 - Finalizer                                           |     6000 |     1000 |      689503 |     54304015 |      5120 |      0 |      613930 |       0 |      0 |         0 
 135892 Thread 4 - Surrogate Locker Thread (Concurrent GC)             |        0 |        0 |           0 |            0 |         0 |      0 |           0 |       0 |      0 |         0 
 135893 Thread 5 - Signal Dispatcher                                   |        0 |     1000 |      312945 |      9755035 |         0 |      0 |        5095 |       0 |      0 |         0 
 135903 Thread 11 - DecatonSubscriptionThread-decaton-benchmark        | 26370000 | 29538000 | 17068996226 | 544224064100 | 586719232 | 126976 | 17068966581 |  116011 |      0 |         0 
 135904 Thread 13 - kafka-coordinator-hear...hread | decaton-benchmark |   174000 |    59000 |    71511108 |   2272102062 |   4979712 |   4096 |    27191705 |  307906 |      0 |         0 
 135907 Thread 14 - PartitionProcessorThre...f50-a734-908b449d3797-2-0 |  1232000 |   381000 |   489438114 |  15721082765 |     33792 |      0 |  1517124100 |       0 |      0 |         0 
 135908 Thread 15 - PartitionProcessorThre...f50-a734-908b449d3797-2-1 |  1243000 |   366000 |   490269556 |  15692462124 |         0 |      0 |  1503121755 |       0 |      0 |         0 
 135909 Thread 16 - PartitionProcessorThre...f50-a734-908b449d3797-2-2 |  1213000 |   429000 |   499930419 |  16013159601 |         0 |      0 |  1353714507 |       0 |      0 |         0 
 135910 Thread 17 - PartitionProcessorThre...f50-a734-908b449d3797-2-3 |  1235000 |   402000 |   500068216 |  15956011554 |      3072 |      0 |  1488384806 |       0 |      0 |         0 
 135911 Thread 18 - PartitionProcessorThre...f50-a734-908b449d3797-2-4 |  1214000 |   391000 |   485727313 |  15643950992 |    117760 |      0 |  1362639369 |       0 |      0 |         0 
 135912 Thread 19 - PartitionProcessorThre...f50-a734-908b449d3797-2-5 |  1233000 |   423000 |   503964114 |  16148959832 |      3072 |      0 |  1436026739 |       0 |      0 |         0 
 135913 Thread 20 - PartitionProcessorThre...f50-a734-908b449d3797-2-6 |  1196000 |   379000 |   480464298 |  15363051613 |         0 |      0 |  1214215351 |       0 |      0 |         0 
 135914 Thread 21 - PartitionProcessorThre...f50-a734-908b449d3797-2-7 |  1240000 |   388000 |   491818466 |  15874492308 |         0 |      0 |  1380654600 |       0 |      0 |         0 
 135915 Thread 22 - PartitionProcessorThre...f50-a734-908b449d3797-2-8 |  1276000 |   379000 |   504007157 |  16144034394 |         0 |      0 |  1327485491 |       0 |      0 |         0 
 135916 Thread 23 - PartitionProcessorThre...f50-a734-908b449d3797-2-9 |  1227000 |   392000 |   490791192 |  15790433984 |  10832896 |      0 |  1513884228 |       0 |      0 |         0 
 135917 Thread 24 - PartitionProcessorThre...50-a734-908b449d3797-2-10 |  1222000 |   431000 |   503260356 |  16124963910 |         0 |      0 |  1491587022 |       0 |      0 |         0 
 135918 Thread 25 - PartitionProcessorThre...50-a734-908b449d3797-2-11 |  1235000 |   413000 |   501032481 |  16075624683 |         0 |      0 |  1527402344 |       0 |      0 |         0 
 135919 Thread 26 - PartitionProcessorThre...50-a734-908b449d3797-2-12 |  1316000 |   365000 |   509874747 |  16396864472 |         0 |      0 |  1410082231 | 4040048 |      0 |         0 
 135920 Thread 27 - PartitionProcessorThre...50-a734-908b449d3797-2-13 |  1139000 |   419000 |   475444657 |  15195266999 |         0 |      0 |  1421901472 |       0 |      0 |         0 
 135921 Thread 28 - PartitionProcessorThre...50-a734-908b449d3797-2-14 |  1260000 |   429000 |   514880848 |  16475820687 |         0 |      0 |  1246842270 |       0 |      0 |         0 
 135922 Thread 29 - PartitionProcessorThre...50-a734-908b449d3797-2-15 |  1289000 |   414000 |   519367012 |  16609232941 |     43008 |      0 |  1367345794 |       0 |      0 |         0 
 135923 Thread 30 - PartitionProcessorThre...50-a734-908b449d3797-2-16 |  1233000 |   370000 |   487933708 |  15636245843 |         0 |      0 |  1388222709 |       0 |      0 |         0 
 135924 Thread 31 - PartitionProcessorThre...50-a734-908b449d3797-2-17 |  1145000 |   399000 |   469889821 |  15061270644 |         0 |      0 |  1471271815 |       0 |      0 |         0 
 135925 Thread 32 - PartitionProcessorThre...50-a734-908b449d3797-2-18 |  1241000 |   444000 |   515340184 |  16437473867 |         0 |      0 |  1318085140 |       0 |      0 |         0 
 135926 Thread 33 - PartitionProcessorThre...50-a734-908b449d3797-2-19 |  1283000 |   444000 |   526247493 |  16845741742 |      3072 |      0 |  1553483962 |       0 |      0 |         0 
 135927 Thread 34 - PartitionProcessorThre...f50-a734-908b449d3797-1-0 |  1168000 |   391000 |   478697563 |  15208793398 |         0 |      0 |  1566874854 |       0 |      0 |         0 
 135928 Thread 35 - PartitionProcessorThre...f50-a734-908b449d3797-1-1 |  1195000 |   431000 |   500241767 |  15862799429 |         0 |      0 |  1391769825 |       0 |      0 |         0 
 135929 Thread 36 - PartitionProcessorThre...f50-a734-908b449d3797-1-2 |  1185000 |   370000 |   478303489 |  15169981234 |         0 |      0 |  1346087500 |       0 |      0 |         0 
 135930 Thread 37 - PartitionProcessorThre...f50-a734-908b449d3797-1-3 |  1211000 |   417000 |   499943208 |  15881910609 |         0 |      0 |  1501940538 |       0 |      0 |         0 
 135931 Thread 38 - PartitionProcessorThre...f50-a734-908b449d3797-1-4 |  1197000 |   424000 |   498181892 |  15813678187 |         0 |      0 |  1360720965 |       0 |      0 |         0 
 135932 Thread 39 - PartitionProcessorThre...f50-a734-908b449d3797-1-5 |  1218000 |   441000 |   509527063 |  16184403359 |         0 |      0 |  1231442340 |       0 |      0 |         0 
 135933 Thread 40 - PartitionProcessorThre...f50-a734-908b449d3797-1-6 |  1253000 |   416000 |   512405454 |  16281614058 |         0 |      0 |  1536388102 |       0 |      0 |         0 
 135934 Thread 41 - PartitionProcessorThre...f50-a734-908b449d3797-1-7 |  1269000 |   402000 |   512658856 |  16301120226 |         0 |      0 |  1427664697 |       0 |      0 |         0 
 135935 Thread 42 - PartitionProcessorThre...f50-a734-908b449d3797-1-8 |  1197000 |   435000 |   501900653 |  15921024453 |         0 |      0 |  1446681943 |       0 |      0 |         0 
 135936 Thread 43 - PartitionProcessorThre...f50-a734-908b449d3797-1-9 |  1270000 |   399000 |   512340520 |  16281826550 |         0 |      0 |  1483944159 |       0 |      0 |         0 
 135937 Thread 44 - PartitionProcessorThre...50-a734-908b449d3797-1-10 |  1252000 |   387000 |   503716177 |  15989199468 |         0 |      0 |  1613798121 |       0 |      0 |         0 
 135938 Thread 45 - PartitionProcessorThre...50-a734-908b449d3797-1-11 |  1284000 |   399000 |   516949044 |  16418477753 |         0 |      0 |  1395595589 |       0 |      0 |         0 
 135939 Thread 46 - PartitionProcessorThre...50-a734-908b449d3797-1-12 |  1357000 |   436000 |   550644395 |  17491320566 |         0 |      0 |  1583629947 |       0 |      0 |         0 
 135940 Thread 47 - PartitionProcessorThre...50-a734-908b449d3797-1-13 |  1231000 |   405000 |   501775559 |  15959920011 |         0 |      0 |  1510238164 |       0 |      0 |         0 
 135941 Thread 48 - PartitionProcessorThre...50-a734-908b449d3797-1-14 |  1238000 |   417000 |   508569552 |  16145273359 |         0 |      0 |  1332165050 |       0 |      0 |         0 
 135942 Thread 49 - PartitionProcessorThre...50-a734-908b449d3797-1-15 |  1216000 |   372000 |   488514192 |  15491901156 |         0 |      0 |  1227274550 |       0 |      0 |         0 
 135943 Thread 50 - PartitionProcessorThre...50-a734-908b449d3797-1-16 |  1247000 |   390000 |   503924532 |  15969590093 |         0 |      0 |  1355513270 |       0 |      0 |         0 
 135944 Thread 51 - PartitionProcessorThre...50-a734-908b449d3797-1-17 |  1222000 |   395000 |   497777458 |  15774731234 |         0 |      0 |  1508833646 |       0 |      0 |         0 
 135945 Thread 52 - PartitionProcessorThre...50-a734-908b449d3797-1-18 |  1270000 |   373000 |   505201001 |  16028338359 |         0 |      0 |  1582995571 |       0 |      0 |         0 
 135946 Thread 53 - PartitionProcessorThre...50-a734-908b449d3797-1-19 |  1203000 |   364000 |   481495431 |  15286679843 |         0 |      0 |  1348314990 |       0 |      0 |         0 
 135947 Thread 54 - PartitionProcessorThre...f50-a734-908b449d3797-0-0 |  1189000 |   358000 |   476500790 |  15091773687 |         0 |      0 |  1430950911 |       0 |      0 |         0 
 135948 Thread 55 - PartitionProcessorThre...f50-a734-908b449d3797-0-1 |  1176000 |   397000 |   484547114 |  15345472312 |         0 |      0 |  1465914315 |       0 |      0 |         0 
 135949 Thread 56 - PartitionProcessorThre...f50-a734-908b449d3797-0-2 |  1255000 |   438000 |   521322970 |  16516138386 |         0 |      0 |  1504214994 |       0 |      0 |         0 
 135950 Thread 57 - PartitionProcessorThre...f50-a734-908b449d3797-0-3 |  1223000 |   388000 |   495725669 |  15716055687 |      1024 |      0 |  1369645031 |       0 |      0 |         0 
 135951 Thread 58 - PartitionProcessorThre...f50-a734-908b449d3797-0-4 |  1228000 |   374000 |   494030977 |  15628177625 |         0 |      0 |  1421693346 |       0 |      0 |         0 
 135952 Thread 59 - PartitionProcessorThre...f50-a734-908b449d3797-0-5 |  1249000 |   417000 |   512635208 |  16252890640 |         0 |      0 |  1358831998 |       0 |      0 |         0 
 135953 Thread 60 - PartitionProcessorThre...f50-a734-908b449d3797-0-6 |  1206000 |   406000 |   495261688 |  15725598277 |         0 |      0 |  1388149019 |       0 |      0 |         0 
 135954 Thread 61 - PartitionProcessorThre...f50-a734-908b449d3797-0-7 |  1189000 |   405000 |   490841610 |  15550139554 |         0 |      0 |  1383121138 |       0 |      0 |         0 
 135955 Thread 62 - PartitionProcessorThre...f50-a734-908b449d3797-0-8 |  1230000 |   366000 |   492023356 |  15569921437 |         0 |      0 |  1428444177 |       0 |      0 |         0 
 135956 Thread 63 - PartitionProcessorThre...f50-a734-908b449d3797-0-9 |  1201000 |   395000 |   491874392 |  15569975812 |         0 |      0 |  1527456423 |       0 |      0 |         0 
 135957 Thread 64 - PartitionProcessorThre...50-a734-908b449d3797-0-10 |  1214000 |   404000 |   498265161 |  15784340339 |         0 |      0 |  1414300141 |       0 |      0 |         0 
 135958 Thread 65 - PartitionProcessorThre...50-a734-908b449d3797-0-11 |  1281000 |   424000 |   525156661 |  16632858125 |         0 |      0 |  1394078886 |       0 |      0 |         0 
 135959 Thread 66 - PartitionProcessorThre...50-a734-908b449d3797-0-12 |  1174000 |   373000 |   476034888 |  15091262687 |         0 |      0 |  1313906016 |       0 |      0 |         0 
 135960 Thread 67 - PartitionProcessorThre...50-a734-908b449d3797-0-13 |  1179000 |   393000 |   483794802 |  15335477882 |         0 |      0 |  1581787714 |       0 |      0 |         0 
 135961 Thread 68 - PartitionProcessorThre...50-a734-908b449d3797-0-14 |  1209000 |   423000 |   502651071 |  15920644648 |         0 |      0 |  1372670554 |       0 |      0 |         0 
 135962 Thread 69 - PartitionProcessorThre...50-a734-908b449d3797-0-15 |  1196000 |   410000 |   494984950 |  15667252238 |         0 |      0 |  1469954712 |       0 |      0 |         0 
 135963 Thread 70 - PartitionProcessorThre...50-a734-908b449d3797-0-16 |  1183000 |   377000 |   480163813 |  15218455500 |         0 |      0 |  1385178634 |       0 |      0 |         0 
 135964 Thread 71 - PartitionProcessorThre...50-a734-908b449d3797-0-17 |  1249000 |   409000 |   510655458 |  16174733000 |         0 |      0 |  1436251461 |       0 |      0 |         0 
 135965 Thread 72 - PartitionProcessorThre...50-a734-908b449d3797-0-18 |  1213000 |   420000 |   503886259 |  15930876687 |         0 |      0 |  1446013038 |       0 |      0 |         0 
 135966 Thread 73 - PartitionProcessorThre...50-a734-908b449d3797-0-19 |  1198000 |   439000 |   503978903 |  15969807152 |         0 |      0 |  1406034760 |       0 |      0 |         0 
 136226 Thread 74 - process reaper                                     |     1000 |     1000 |      661406 |     19572000 |      2048 |      0 |       30394 |       0 |      0 |         0 
 136232 Thread 75 - Attach Listener                                    |   373000 |    94000 |   147689987 |   4563707463 |   5304320 | 103424 |     1791381 |       0 |      0 |         0 
