                                 Task                                 |  utime   |  stime   |     rss     |     vmem     |   read    | write  |    d:cpu    | d:bio  | d:swap | d:reclaim 
 11043 Thread 1 - main                                                |   851000 |   137000 |    66462506 |   7605430506 |  34140160 |   1024 |    14464978 |      0 |      0 |         0 
 11065 Thread 2 - Reference Handler                                   |     4000 |        0 |      370148 |     31719062 |         0 |      0 |      877905 |      0 |      0 |         0 
 11066 Thread 3 - Finalizer                                           |     4000 |     1000 |      373070 |     38707140 |      5120 |      0 |     2615194 |      0 |      0 |         0 
 11067 Thread 4 - Surrogate Locker Thread (Concurrent GC)             |        0 |        0 |           0 |            0 |         0 |      0 |           0 |      0 |      0 |         0 
 11068 Thread 5 - Signal Dispatcher                                   |        0 |        0 |           0 |            0 |         0 |      0 |        7429 |      0 |      0 |         0 
 11081 Thread 12 - RMI Scheduler(0)                                   |     3000 |        0 |      646656 |     27276285 |      4096 |      0 |      125945 |      0 |      0 |         0 
 11082 Thread 13 - RMI RenewClean-[10.231.182.152:40788]              |     1000 |     1000 |      157386 |     15719488 |      1024 |      0 |       22675 |      0 |      0 |         0 
 11083 Thread 14 - GC Daemon                                          |        0 |     1000 |       75871 |      7893246 |         0 |      0 |           0 |      0 |      0 |         0 
 11086 Thread 15 - DecatonSubscriptionThread-decaton-benchmark        | 31128000 | 33865000 | 18804077488 | 633461691432 | 624324608 | 141312 | 20540677179 | 313893 |      0 |         0 
 11087 Thread 16 - kafka-coordinator-hear...hread | decaton-benchmark |   242000 |    65000 |    87915507 |   2986069108 |   6605824 |   6144 |    36311989 | 481714 |      0 |         0 
 11091 Thread 17 - PartitionProcessorThre...169-a484-50dcfe23489b-0-0 |  1365000 |   463000 |   528229082 |  17824968059 |     33792 |      0 |  1728413966 |      0 |      0 |         0 
 11092 Thread 18 - PartitionProcessorThre...169-a484-50dcfe23489b-0-1 |  1359000 |   427000 |   517403762 |  17429187168 |         0 |      0 |  1779971374 |      0 |      0 |         0 
 11093 Thread 19 - PartitionProcessorThre...169-a484-50dcfe23489b-0-2 |  1299000 |   423000 |   498910000 |  16800626668 |     53248 |      0 |  1638579756 |      0 |      0 |         0 
 11094 Thread 20 - PartitionProcessorThre...169-a484-50dcfe23489b-0-3 |  1324000 |   467000 |   519719957 |  17474147715 |      6144 |      0 |  1650666886 |      0 |      0 |         0 
 11095 Thread 21 - PartitionProcessorThre...169-a484-50dcfe23489b-0-4 |  1367000 |   424000 |   519705207 |  17479063801 |         0 |      0 |  1701377790 |      0 |      0 |         0 
 11096 Thread 22 - PartitionProcessorThre...169-a484-50dcfe23489b-0-5 |  1344000 |   441000 |   516163102 |  17415931762 |         0 |      0 |  1795136047 |      0 |      0 |         0 
 11097 Thread 23 - PartitionProcessorThre...169-a484-50dcfe23489b-0-6 |  1337000 |   451000 |   517978938 |  17446190684 |         0 |      0 |  1638618954 |      0 |      0 |         0 
 11098 Thread 24 - PartitionProcessorThre...169-a484-50dcfe23489b-0-7 |  1366000 |   516000 |   546025117 |  18365167473 |         0 |      0 |  1533781290 |      0 |      0 |         0 
 11099 Thread 25 - PartitionProcessorThre...169-a484-50dcfe23489b-0-8 |  1370000 |   448000 |   527267172 |  17740564586 |         0 |      0 |  1762397688 |      0 |      0 |         0 
 11100 Thread 26 - PartitionProcessorThre...169-a484-50dcfe23489b-0-9 |  1355000 |   457000 |   523703375 |  17673354969 |     64512 |      0 |  1547295958 |      0 |      0 |         0 
 11101 Thread 27 - PartitionProcessorThre...69-a484-50dcfe23489b-0-10 |  1391000 |   492000 |   546299305 |  18373011860 |         0 |      0 |  1737472833 |      0 |      0 |         0 
 11102 Thread 28 - PartitionProcessorThre...69-a484-50dcfe23489b-0-11 |  1302000 |   436000 |   503868629 |  16959813243 |         0 |      0 |  1720710686 |      0 |      0 |         0 
 11103 Thread 29 - PartitionProcessorThre...69-a484-50dcfe23489b-0-12 |  1349000 |   453000 |   522042402 |  17584219008 |         0 |      0 |  1398879691 |      0 |      0 |         0 
 11104 Thread 30 - PartitionProcessorThre...69-a484-50dcfe23489b-0-13 |  1331000 |   484000 |   526252379 |  17712934262 |         0 |      0 |  1555309902 |      0 |      0 |         0 
 11105 Thread 31 - PartitionProcessorThre...69-a484-50dcfe23489b-0-14 |  1340000 |   457000 |   522971652 |  17538025520 |         0 |      0 |  1412077238 |      0 |      0 |         0 
 11106 Thread 32 - PartitionProcessorThre...69-a484-50dcfe23489b-0-15 |  1339000 |   464000 |   521989043 |  17594300664 |         0 |      0 |  1462029094 |      0 |      0 |         0 
 11107 Thread 33 - PartitionProcessorThre...69-a484-50dcfe23489b-0-16 |  1342000 |   472000 |   525607594 |  17699776543 |         0 |      0 |  1585084876 |      0 |      0 |         0 
 11108 Thread 34 - PartitionProcessorThre...69-a484-50dcfe23489b-0-17 |  1413000 |   414000 |   530075242 |  17830178614 |         0 |      0 |  1669612711 |      0 |      0 |         0 
 11109 Thread 35 - PartitionProcessorThre...69-a484-50dcfe23489b-0-18 |  1358000 |   487000 |   532396344 |  18004238418 |         0 |      0 |  1563159902 |      0 |      0 |         0 
 11110 Thread 36 - PartitionProcessorThre...69-a484-50dcfe23489b-0-19 |  1297000 |   473000 |   513050133 |  17273529715 |         0 |      0 |  1494925482 |      0 |      0 |         0 
 11111 Thread 37 - PartitionProcessorThre...169-a484-50dcfe23489b-2-0 |  1261000 |   429000 |   485815110 |  16494520016 |      3072 |      0 |  1447656777 |      0 |      0 |         0 
 11112 Thread 38 - PartitionProcessorThre...169-a484-50dcfe23489b-2-1 |  1320000 |   422000 |   502007668 |  17002811977 |         0 |      0 |  1673621436 |      0 |      0 |         0 
 11113 Thread 39 - PartitionProcessorThre...169-a484-50dcfe23489b-2-2 |  1327000 |   475000 |   519368817 |  17587815497 |         0 |      0 |  1891437089 |      0 |      0 |         0 
 11114 Thread 40 - PartitionProcessorThre...169-a484-50dcfe23489b-2-3 |  1319000 |   440000 |   507727297 |  17168793352 |         0 |      0 |  1507982312 |      0 |      0 |         0 
 11115 Thread 41 - PartitionProcessorThre...169-a484-50dcfe23489b-2-4 |  1327000 |   486000 |   523544817 |  17696304817 |      1024 |      0 |  1526357667 |      0 |      0 |         0 
 11116 Thread 42 - PartitionProcessorThre...169-a484-50dcfe23489b-2-5 |  1363000 |   482000 |   533304063 |  18008345196 |         0 |      0 |  1586794230 |      0 |      0 |         0 
 11117 Thread 43 - PartitionProcessorThre...169-a484-50dcfe23489b-2-6 |  1399000 |   459000 |   536118141 |  18135412606 |         0 |      0 |  1710341664 |      0 |      0 |         0 
 11118 Thread 44 - PartitionProcessorThre...169-a484-50dcfe23489b-2-7 |  1380000 |   490000 |   539793926 |  18252297731 |         0 |      0 |  1620485636 |      0 |      0 |         0 
 11119 Thread 45 - PartitionProcessorThre...169-a484-50dcfe23489b-2-8 |  1391000 |   470000 |   537026539 |  18164109469 |         0 |      0 |  1661339601 |      0 |      0 |         0 
 11120 Thread 46 - PartitionProcessorThre...169-a484-50dcfe23489b-2-9 |  1350000 |   468000 |   523698578 |  17745044586 |         0 |      0 |  1793796306 |      0 |      0 |         0 
 11121 Thread 47 - PartitionProcessorThre...69-a484-50dcfe23489b-2-10 |  1343000 |   436000 |   512112410 |  17363604876 |      1024 |      0 |  1771593389 |      0 |      0 |         0 
 11122 Thread 48 - PartitionProcessorThre...69-a484-50dcfe23489b-2-11 |  1470000 |   448000 |   554944066 |  18720264442 |         0 |      0 |  1586858831 |      0 |      0 |         0 
 11123 Thread 49 - PartitionProcessorThre...69-a484-50dcfe23489b-2-12 |  1464000 |   464000 |   556851379 |  18818195278 |         0 |      0 |  1718077242 |      0 |      0 |         0 
 11124 Thread 50 - PartitionProcessorThre...69-a484-50dcfe23489b-2-13 |  1328000 |   449000 |   513393883 |  17344451954 |         0 |      0 |  1649993576 |      0 |      0 |         0 
 11125 Thread 51 - PartitionProcessorThre...69-a484-50dcfe23489b-2-14 |  1349000 |   509000 |   538204500 |  18135211805 |         0 |      0 |  1821455269 |      0 |      0 |         0 
 11126 Thread 52 - PartitionProcessorThre...69-a484-50dcfe23489b-2-15 |  1438000 |   463000 |   547368773 |  18553740957 |         0 |      0 |  1988821375 |      0 |      0 |         0 
 11127 Thread 53 - PartitionProcessorThre...69-a484-50dcfe23489b-2-16 |  1350000 |   484000 |   530340152 |  17901129036 |         0 |      0 |  1816915980 |      0 |      0 |         0 
 11128 Thread 54 - PartitionProcessorThre...69-a484-50dcfe23489b-2-17 |  1355000 |   471000 |   526124324 |  17822730118 |         0 |      0 |  1955063251 |      0 |      0 |         0 
 11129 Thread 55 - PartitionProcessorThre...69-a484-50dcfe23489b-2-18 |  1311000 |   456000 |   509216137 |  17247232661 |         0 |      0 |  1782614501 |      0 |      0 |         0 
 11130 Thread 56 - PartitionProcessorThre...69-a484-50dcfe23489b-2-19 |  1291000 |   469000 |   506887051 |  17177917926 |         0 |      0 |  1760534023 |      0 |      0 |         0 
 11132 Thread 57 - PartitionProcessorThre...169-a484-50dcfe23489b-1-0 |  1320000 |   457000 |   517562559 |  17345403438 |         0 |      0 |  1700959644 |      0 |      0 |         0 
 11133 Thread 58 - PartitionProcessorThre...169-a484-50dcfe23489b-1-1 |  1323000 |   499000 |   529782711 |  17783530477 |         0 |      0 |  1605243812 |      0 |      0 |         0 
 11134 Thread 59 - PartitionProcessorThre...169-a484-50dcfe23489b-1-2 |  1337000 |   453000 |   521632395 |  17472350965 |         0 |      0 |  1469328105 |      0 |      0 |         0 
 11135 Thread 60 - PartitionProcessorThre...169-a484-50dcfe23489b-1-3 |  1298000 |   501000 |   524613485 |  17560403215 |         0 |      0 |  1531091253 |      0 |      0 |         0 
 11136 Thread 61 - PartitionProcessorThre...169-a484-50dcfe23489b-1-4 |  1303000 |   428000 |   503178309 |  16896379129 |         0 |      0 |  1530192033 |      0 |      0 |         0 
 11137 Thread 62 - PartitionProcessorThre...169-a484-50dcfe23489b-1-5 |  1312000 |   467000 |   518157520 |  17364395165 |         0 |      0 |  1417489165 |      0 |      0 |         0 
 11138 Thread 63 - PartitionProcessorThre...169-a484-50dcfe23489b-1-6 |  1308000 |   423000 |   503383012 |  16895691723 |         0 |      0 |  1824222357 |      0 |      0 |         0 
 11139 Thread 64 - PartitionProcessorThre...169-a484-50dcfe23489b-1-7 |  1307000 |   441000 |   508898102 |  17062196614 |         0 |      0 |  1576576668 |      0 |      0 |         0 
 11140 Thread 65 - PartitionProcessorThre...169-a484-50dcfe23489b-1-8 |  1330000 |   445000 |   516459199 |  17325025528 |         0 |      0 |  1674284670 |      0 |      0 |         0 
 11141 Thread 66 - PartitionProcessorThre...169-a484-50dcfe23489b-1-9 |  1337000 |   454000 |   521517067 |  17481427040 |         0 |      0 |  1682298931 |      0 |      0 |         0 
 11142 Thread 67 - PartitionProcessorThre...69-a484-50dcfe23489b-1-10 |  1247000 |   443000 |   492232848 |  16495364411 |         0 |      0 |  1581821264 |      0 |      0 |         0 
 11143 Thread 68 - PartitionProcessorThre...69-a484-50dcfe23489b-1-11 |  1357000 |   424000 |   517583645 |  17383769043 |         0 |      0 |  1728120593 |      0 |      0 |         0 
 11144 Thread 69 - PartitionProcessorThre...69-a484-50dcfe23489b-1-12 |  1288000 |   443000 |   503700281 |  16896423458 |         0 |      0 |  1591041462 |      0 |      0 |         0 
 11145 Thread 70 - PartitionProcessorThre...69-a484-50dcfe23489b-1-13 |  1293000 |   411000 |   495773098 |  16631907317 |         0 |      0 |  1502168499 |      0 |      0 |         0 
 11146 Thread 71 - PartitionProcessorThre...69-a484-50dcfe23489b-1-14 |  1356000 |   446000 |   523766649 |  17588675200 |         0 |      0 |  1405767489 |      0 |      0 |         0 
 11147 Thread 72 - PartitionProcessorThre...69-a484-50dcfe23489b-1-15 |  1318000 |   431000 |   509209153 |  17071464036 |         0 |      0 |  1667053123 |      0 |      0 |         0 
 11148 Thread 73 - PartitionProcessorThre...69-a484-50dcfe23489b-1-16 |  1319000 |   438000 |   509920946 |  17149898754 |         0 |      0 |  1601949983 |      0 |      0 |         0 
 11149 Thread 74 - PartitionProcessorThre...69-a484-50dcfe23489b-1-17 |  1367000 |   481000 |   537838500 |  18038053633 |         0 |      0 |  1611321276 |      0 |      0 |         0 
 11150 Thread 75 - PartitionProcessorThre...69-a484-50dcfe23489b-1-18 |  1349000 |   431000 |   518106332 |  17374821168 |         0 |      0 |  1635027167 |      0 |      0 |         0 
 11151 Thread 76 - PartitionProcessorThre...69-a484-50dcfe23489b-1-19 |  1322000 |   468000 |   520576192 |  17471772184 |         0 |      0 |  1707158637 |      0 |      0 |         0 
 11642 Thread 77 - process reaper                                     |     2000 |     1000 |      931171 |     29364640 |         0 |      0 |        7910 |      0 |      0 |         0 
 11645 Thread 78 - Attach Listener                                    |   426000 |    98000 |   156100690 |   5122114995 |   5304320 | 245760 |     3324351 |      0 |      0 |         0 
