                                Task                                 |  utime   |  stime   |     rss     |     vmem     |   read    | write  |    d:cpu    |  d:bio  | d:swap | d:reclaim 
 8193 Thread 1 - main                                                |   818000 |   143000 |    63513947 |   7390448565 |  34140160 |   1024 |     6257514 |       0 |      0 |         0 
 8215 Thread 2 - Reference Handler                                   |     9000 |        0 |      935249 |     73268687 |         0 |      0 |     4228735 |       0 |      0 |         0 
 8216 Thread 3 - Finalizer                                           |     8000 |     1000 |      786433 |     70572281 |      5120 |      0 |     1256095 |       0 |      0 |         0 
 8217 Thread 4 - Surrogate Locker Thread (Concurrent GC)             |        0 |     2000 |      129937 |     15194574 |         0 |      0 |       13255 |       0 |      0 |         0 
 8218 Thread 5 - Signal Dispatcher                                   |        0 |        0 |           0 |            0 |         0 |      0 |       38123 |       0 |      0 |         0 
 8227 Thread 12 - RMI Scheduler(0)                                   |     3000 |        0 |      943249 |     29303781 |      4096 |      0 |      340735 |       0 |      0 |         0 
 8228 Thread 13 - RMI RenewClean-[10.231.182.152:43456]              |     1000 |        0 |       82187 |      7893246 |      1024 |      0 |       12240 |       0 |      0 |         0 
 8229 Thread 14 - GC Daemon                                          |        0 |        0 |           0 |            0 |         0 |      0 |       13458 |       0 |      0 |         0 
 8231 Thread 15 - DecatonSubscriptionThread-decaton-benchmark        | 30126000 | 30602000 | 18531849691 | 591635481568 | 572523520 | 129024 | 19044345657 |  231176 |      0 |         0 
 8233 Thread 16 - kafka-coordinator-hear...hread | decaton-benchmark |   224000 |    62000 |    85615015 |   2780777409 |   7133184 |   5120 |    85500266 |  313235 |      0 |         0 
 8237 Thread 17 - PartitionProcessorThre...687-8ee3-906559ee3a04-0-0 |  1240000 |   404000 |   496038415 |  16022408024 |     33792 |      0 |  1905752831 |       0 |      0 |         0 
 8238 Thread 18 - PartitionProcessorThre...687-8ee3-906559ee3a04-0-1 |  1293000 |   439000 |   525664341 |  16884812051 |         0 |      0 |  1563266963 |       0 |      0 |         0 
 8239 Thread 19 - PartitionProcessorThre...687-8ee3-906559ee3a04-0-2 |  1296000 |   449000 |   528734614 |  17012432204 |      4096 |      0 |  1944358456 |       0 |      0 |         0 
 8240 Thread 20 - PartitionProcessorThre...687-8ee3-906559ee3a04-0-3 |  1247000 |   422000 |   505718118 |  16272882884 |         0 |      0 |  1913699249 |       0 |      0 |         0 
 8241 Thread 21 - PartitionProcessorThre...687-8ee3-906559ee3a04-0-4 |  1270000 |   427000 |   516406180 |  16548670563 |         0 |      0 |  1988462822 |       0 |      0 |         0 
 8242 Thread 22 - PartitionProcessorThre...687-8ee3-906559ee3a04-0-5 |  1292000 |   391000 |   512211177 |  16410509821 |         0 |      0 |  1760872708 |       0 |      0 |         0 
 8243 Thread 23 - PartitionProcessorThre...687-8ee3-906559ee3a04-0-6 |  1226000 |   426000 |   502821563 |  16111112384 |         0 |      0 |  1801684668 |       0 |      0 |         0 
 8244 Thread 24 - PartitionProcessorThre...687-8ee3-906559ee3a04-0-7 |  1213000 |   468000 |   513069048 |  16398414130 |         0 |      0 |  1951333604 | 7855677 |      0 |         0 
 8245 Thread 25 - PartitionProcessorThre...687-8ee3-906559ee3a04-0-8 |  1250000 |   415000 |   505757110 |  16238265138 |         0 |      0 |  2022666115 |       0 |      0 |         0 
 8246 Thread 26 - PartitionProcessorThre...687-8ee3-906559ee3a04-0-9 |  1241000 |   427000 |   508148001 |  16270081235 |         0 |      0 |  1878880492 |       0 |      0 |         0 
 8247 Thread 27 - PartitionProcessorThre...87-8ee3-906559ee3a04-0-10 |  1266000 |   425000 |   513978138 |  16492357852 |         0 |      0 |  1740387263 |       0 |      0 |         0 
 8248 Thread 28 - PartitionProcessorThre...87-8ee3-906559ee3a04-0-11 |  1254000 |   399000 |   502510892 |  16118133348 |    120832 |      0 |  1926879813 |       0 |      0 |         0 
 8249 Thread 29 - PartitionProcessorThre...87-8ee3-906559ee3a04-0-12 |  1290000 |   409000 |   515661810 |  16568291532 |         0 |      0 |  1777577293 |       0 |      0 |         0 
 8250 Thread 30 - PartitionProcessorThre...87-8ee3-906559ee3a04-0-13 |  1324000 |   442000 |   537671563 |  17222124790 |         0 |      0 |  1851985348 |       0 |      0 |         0 
 8251 Thread 31 - PartitionProcessorThre...87-8ee3-906559ee3a04-0-14 |  1207000 |   436000 |   500280743 |  16024995020 |         0 |      0 |  1700497683 |       0 |      0 |         0 
 8252 Thread 32 - PartitionProcessorThre...87-8ee3-906559ee3a04-0-15 |  1218000 |   387000 |   488330845 |  15652036005 |         0 |      0 |  1779202247 |       0 |      0 |         0 
 8253 Thread 33 - PartitionProcessorThre...87-8ee3-906559ee3a04-0-16 |  1276000 |   397000 |   508331653 |  16311693391 |         0 |      0 |  1654925279 |       0 |      0 |         0 
 8254 Thread 34 - PartitionProcessorThre...87-8ee3-906559ee3a04-0-17 |  1287000 |   389000 |   509470243 |  16344990958 |         0 |      0 |  1880857738 |       0 |      0 |         0 
 8255 Thread 35 - PartitionProcessorThre...87-8ee3-906559ee3a04-0-18 |  1240000 |   389000 |   495356364 |  15884493138 |         0 |      0 |  1956897996 |       0 |      0 |         0 
 8256 Thread 36 - PartitionProcessorThre...87-8ee3-906559ee3a04-0-19 |  1290000 |   478000 |   537901446 |  17243725360 |         0 |      0 |  1904726335 |       0 |      0 |         0 
 8257 Thread 37 - PartitionProcessorThre...687-8ee3-906559ee3a04-2-0 |  1232000 |   430000 |   508909493 |  16218285102 |         0 |      0 |  1926968398 |       0 |      0 |         0 
 8258 Thread 38 - PartitionProcessorThre...687-8ee3-906559ee3a04-2-1 |  1246000 |   448000 |   516999149 |  16530456821 |         0 |      0 |  1804569376 |       0 |      0 |         0 
 8259 Thread 39 - PartitionProcessorThre...687-8ee3-906559ee3a04-2-2 |  1249000 |   412000 |   507108474 |  16208176040 |         0 |      0 |  1618394035 |       0 |      0 |         0 
 8260 Thread 40 - PartitionProcessorThre...687-8ee3-906559ee3a04-2-3 |  1312000 |   418000 |   527334407 |  16881286845 |         0 |      0 |  1771053256 |       0 |      0 |         0 
 8261 Thread 41 - PartitionProcessorThre...687-8ee3-906559ee3a04-2-4 |  1234000 |   450000 |   514501989 |  16432938165 |         0 |      0 |  1973418509 |       0 |      0 |         0 
 8262 Thread 42 - PartitionProcessorThre...687-8ee3-906559ee3a04-2-5 |  1264000 |   449000 |   521866755 |  16716025751 |         0 |      0 |  1923056396 |       0 |      0 |         0 
 8263 Thread 43 - PartitionProcessorThre...687-8ee3-906559ee3a04-2-6 |  1272000 |   459000 |   527500384 |  16891270481 |         0 |      0 |  1871049609 |       0 |      0 |         0 
 8264 Thread 44 - PartitionProcessorThre...687-8ee3-906559ee3a04-2-7 |  1199000 |   415000 |   494653517 |  15750565095 |      1024 |      0 |  1577950479 |       0 |      0 |         0 
 8265 Thread 45 - PartitionProcessorThre...687-8ee3-906559ee3a04-2-8 |  1238000 |   461000 |   518882849 |  16579439899 |         0 |      0 |  1753816237 |       0 |      0 |         0 
 8266 Thread 46 - PartitionProcessorThre...687-8ee3-906559ee3a04-2-9 |  1272000 |   424000 |   519631692 |  16550276829 |         0 |      0 |  1827089311 |       0 |      0 |         0 
 8267 Thread 47 - PartitionProcessorThre...87-8ee3-906559ee3a04-2-10 |  1261000 |   415000 |   511552919 |  16354664411 |         0 |      0 |  1860300779 |       0 |      0 |         0 
 8268 Thread 48 - PartitionProcessorThre...87-8ee3-906559ee3a04-2-11 |  1283000 |   432000 |   523087946 |  16735449860 |         0 |      0 |  1904222993 |       0 |      0 |         0 
 8269 Thread 49 - PartitionProcessorThre...87-8ee3-906559ee3a04-2-12 |  1256000 |   440000 |   518806700 |  16549968313 |         0 |      0 |  1918153275 |       0 |      0 |         0 
 8270 Thread 50 - PartitionProcessorThre...87-8ee3-906559ee3a04-2-13 |  1221000 |   446000 |   507445657 |  16266776802 |         0 |      0 |  1601101747 |       0 |      0 |         0 
 8271 Thread 51 - PartitionProcessorThre...87-8ee3-906559ee3a04-2-14 |  1259000 |   433000 |   517483169 |  16511465216 |         0 |      0 |  1717571025 |       0 |      0 |         0 
 8272 Thread 52 - PartitionProcessorThre...87-8ee3-906559ee3a04-2-15 |  1239000 |   386000 |   495802024 |  15856991392 |         0 |      0 |  1999916263 |       0 |      0 |         0 
 8273 Thread 53 - PartitionProcessorThre...87-8ee3-906559ee3a04-2-16 |  1204000 |   407000 |   492840153 |  15720675876 |  10831872 |      0 |  1766987506 |       0 |      0 |         0 
 8274 Thread 54 - PartitionProcessorThre...87-8ee3-906559ee3a04-2-17 |  1241000 |   452000 |   518301329 |  16521120595 |         0 |      0 |  1663567217 |       0 |      0 |         0 
 8275 Thread 55 - PartitionProcessorThre...87-8ee3-906559ee3a04-2-18 |  1303000 |   385000 |   516667122 |  16471698786 |         0 |      0 |  1826249203 |       0 |      0 |         0 
 8276 Thread 56 - PartitionProcessorThre...87-8ee3-906559ee3a04-2-19 |  1282000 |   401000 |   513658759 |  16423146056 |         0 |      0 |  1916127010 |       0 |      0 |         0 
 8278 Thread 57 - PartitionProcessorThre...687-8ee3-906559ee3a04-1-0 |  1308000 |   442000 |   537241848 |  17077370477 |         0 |      0 |  1720756141 |       0 |      0 |         0 
 8279 Thread 58 - PartitionProcessorThre...687-8ee3-906559ee3a04-1-1 |  1146000 |   405000 |   475792103 |  15135702892 |         0 |      0 |  1423137373 |       0 |      0 |         0 
 8280 Thread 59 - PartitionProcessorThre...687-8ee3-906559ee3a04-1-2 |  1137000 |   367000 |   460659072 |  14676689622 |         0 |      0 |  1705061721 |       0 |      0 |         0 
 8281 Thread 60 - PartitionProcessorThre...687-8ee3-906559ee3a04-1-3 |  1238000 |   399000 |   501375892 |  15974033403 |         0 |      0 |  1646604612 |       0 |      0 |         0 
 8282 Thread 61 - PartitionProcessorThre...687-8ee3-906559ee3a04-1-4 |  1182000 |   459000 |   503942599 |  16013656505 |         0 |      0 |  1714399047 |       0 |      0 |         0 
 8283 Thread 62 - PartitionProcessorThre...687-8ee3-906559ee3a04-1-5 |  1218000 |   416000 |   501949583 |  15945168524 |         0 |      0 |  1587143381 |       0 |      0 |         0 
 8284 Thread 63 - PartitionProcessorThre...687-8ee3-906559ee3a04-1-6 |  1215000 |   418000 |   500676802 |  15935701247 |         0 |      0 |  1645787850 |       0 |      0 |         0 
 8285 Thread 64 - PartitionProcessorThre...687-8ee3-906559ee3a04-1-7 |  1184000 |   394000 |   484803888 |  15399043142 |      3072 |      0 |  1781517837 |       0 |      0 |         0 
 8286 Thread 65 - PartitionProcessorThre...687-8ee3-906559ee3a04-1-8 |  1178000 |   419000 |   491819224 |  15583848274 |         0 |      0 |  1748990529 |       0 |      0 |         0 
 8287 Thread 66 - PartitionProcessorThre...687-8ee3-906559ee3a04-1-9 |  1215000 |   421000 |   502756079 |  15964988681 |         0 |      0 |  1726982312 |       0 |      0 |         0 
 8288 Thread 67 - PartitionProcessorThre...87-8ee3-906559ee3a04-1-10 |  1250000 |   441000 |   519384849 |  16501064513 |         0 |      0 |  1669046433 |       0 |      0 |         0 
 8289 Thread 68 - PartitionProcessorThre...87-8ee3-906559ee3a04-1-11 |  1196000 |   416000 |   496541985 |  15730721485 |         0 |      0 |  1354547608 |       0 |      0 |         0 
 8290 Thread 69 - PartitionProcessorThre...87-8ee3-906559ee3a04-1-12 |  1255000 |   474000 |   530866341 |  16872104016 |         0 |      0 |  1691039687 |       0 |      0 |         0 
 8291 Thread 70 - PartitionProcessorThre...87-8ee3-906559ee3a04-1-13 |  1183000 |   398000 |   485307321 |  15428298731 |         0 |      0 |  1671613312 |       0 |      0 |         0 
 8292 Thread 71 - PartitionProcessorThre...87-8ee3-906559ee3a04-1-14 |  1248000 |   434000 |   516175579 |  16413681708 |         0 |      0 |  1821767233 |       0 |      0 |         0 
 8293 Thread 72 - PartitionProcessorThre...87-8ee3-906559ee3a04-1-15 |  1197000 |   428000 |   497923017 |  15857323356 |         0 |      0 |  1883370431 |       0 |      0 |         0 
 8294 Thread 73 - PartitionProcessorThre...87-8ee3-906559ee3a04-1-16 |  1213000 |   452000 |   511869864 |  16247805856 |         0 |      0 |  1738296936 |       0 |      0 |         0 
 8295 Thread 74 - PartitionProcessorThre...87-8ee3-906559ee3a04-1-17 |  1150000 |   387000 |   472395345 |  14998755208 |         0 |      0 |  1585424672 |       0 |      0 |         0 
 8296 Thread 75 - PartitionProcessorThre...87-8ee3-906559ee3a04-1-18 |  1220000 |   411000 |   503073759 |  15915771110 |         0 |      0 |  1825856936 |       0 |      0 |         0 
 8297 Thread 76 - PartitionProcessorThre...87-8ee3-906559ee3a04-1-19 |  1295000 |   424000 |   527402634 |  16774497571 |         0 |      0 |  1918659614 |       0 |      0 |         0 
 8745 Thread 77 - process reaper                                     |     1000 |     1000 |      634953 |     19546480 |         0 |      0 |           0 |       0 |      0 |         0 
 8751 Thread 78 - Attach Listener                                    |   431000 |    98000 |   167843381 |   5171002007 |   5304320 | 121856 |     5068433 |       0 |      0 |         0 
