                                 Task                                 |  utime   |  stime   |     rss     |     vmem     |   read    | write  |    d:cpu    | d:bio  | d:swap | d:reclaim 
 39506 Thread 1 - main                                                |  1048000 |   119000 |    78416072 |   8239074075 |  15109120 |   1024 |    14590043 |      0 |      0 |         0 
 39513 Thread 2 - Reference Handler                                   |        0 |        0 |           0 |            0 |         0 |      0 |      368418 |      0 |      0 |         0 
 39514 Thread 3 - Finalizer                                           |        0 |        0 |           0 |            0 |      5120 |      0 |       37172 |      0 |      0 |         0 
 39515 Thread 4 - Signal Dispatcher                                   |        0 |        0 |           0 |            0 |         0 |      0 |           0 |      0 |      0 |         0 
 39521 Thread 11 - Common-Cleaner                                     |     1000 |        0 |      347839 |      9920894 |         0 |      0 |      850250 |      0 |      0 |         0 
 39526 Thread 13 - RMI Scheduler(0)                                   |     1000 |     2000 |      742992 |     26756113 |      1024 |      0 |       14735 |      0 |      0 |         0 
 39532 Thread 14 - RMI RenewClean-[10.231.182.152:42018]              |     1000 |        0 |       85027 |      7437511 |         0 |      0 |        9939 |      0 |      0 |         0 
 39533 Thread 15 - RMI GC Daemon                                      |        0 |        0 |           0 |            0 |         0 |      0 |       16581 |      0 |      0 |         0 
 39535 Thread 16 - logging-metrics-publisher                          |   228000 |    19000 |    76689542 |   2396993394 |     17408 | 338944 |    68444346 |      0 |      0 |         0 
 39537 Thread 17 - DecatonSubscriptionThread-decaton-benchmark        | 27855000 | 36064000 | 20833700803 | 630800973812 | 624259072 | 108544 | 18291592363 | 115145 |      0 |         0 
 39543 Thread 18 - kafka-coordinator-hear...hread | decaton-benchmark |   263000 |    34000 |    96335136 |   2933124546 |   6218752 |   5120 |    16582176 | 256571 |      0 |         0 
 39547 Thread 19 - PartitionProcessorThre...6e5-b39f-16778af97d23-1-0 |  2043000 |   413000 |   792121678 |  24233767164 |     43008 |      0 |  1457912662 |      0 |      0 |         0 
 39548 Thread 20 - PartitionProcessorThre...6e5-b39f-16778af97d23-1-1 |  2061000 |   427000 |   807119924 |  24565490106 |         0 |      0 |  1642226156 |      0 |      0 |         0 
 39549 Thread 21 - PartitionProcessorThre...6e5-b39f-16778af97d23-1-2 |  2005000 |   419000 |   787330764 |  23943228207 |         0 |      0 |  1145497983 |      0 |      0 |         0 
 39550 Thread 22 - PartitionProcessorThre...6e5-b39f-16778af97d23-1-3 |  2002000 |   438000 |   789893366 |  24089513805 |      8192 |      0 |  1368890931 |      0 |      0 |         0 
 39551 Thread 23 - PartitionProcessorThre...6e5-b39f-16778af97d23-1-4 |  1998000 |   368000 |   765889542 |  23354886758 |         0 |      0 |  1350355318 |      0 |      0 |         0 
 39552 Thread 24 - PartitionProcessorThre...6e5-b39f-16778af97d23-1-5 |  2093000 |   401000 |   810056623 |  24632856110 |      2048 |      0 |  1487462756 |      0 |      0 |         0 
 39553 Thread 25 - PartitionProcessorThre...6e5-b39f-16778af97d23-1-6 |  2017000 |   468000 |   805711678 |  24541488606 |         0 |      0 |  1633326889 |      0 |      0 |         0 
 39554 Thread 26 - PartitionProcessorThre...6e5-b39f-16778af97d23-1-7 |  2017000 |   394000 |   781571651 |  23806617762 |         0 |      0 |  1651370885 |      0 |      0 |         0 
 39555 Thread 27 - PartitionProcessorThre...6e5-b39f-16778af97d23-1-8 |  2001000 |   410000 |   781719569 |  23808715996 |         0 |      0 |  1514462923 |      0 |      0 |         0 
 39556 Thread 28 - PartitionProcessorThre...6e5-b39f-16778af97d23-1-9 |  2017000 |   437000 |   794492288 |  24236519879 |         0 |      0 |  1356462374 |      0 |      0 |         0 
 39557 Thread 29 - PartitionProcessorThre...e5-b39f-16778af97d23-1-10 |  2010000 |   444000 |   797083791 |  24238151407 |         0 |      0 |  1630621255 |      0 |      0 |         0 
 39558 Thread 30 - PartitionProcessorThre...e5-b39f-16778af97d23-1-11 |  2027000 |   380000 |   778578264 |  23770421914 |         0 |      0 |  1242017391 |      0 |      0 |         0 
 39559 Thread 31 - PartitionProcessorThre...e5-b39f-16778af97d23-1-12 |  2025000 |   420000 |   789921151 |  24140247793 |         0 |      0 |  1481706995 |      0 |      0 |         0 
 39560 Thread 32 - PartitionProcessorThre...e5-b39f-16778af97d23-1-13 |  2010000 |   418000 |   785049612 |  23969970196 |         0 |      0 |  1372045462 |      0 |      0 |         0 
 39561 Thread 33 - PartitionProcessorThre...e5-b39f-16778af97d23-1-14 |  2060000 |   454000 |   813763229 |  24821392637 |         0 |      0 |  1637834780 |      0 |      0 |         0 
 39562 Thread 34 - PartitionProcessorThre...e5-b39f-16778af97d23-1-15 |  2014000 |   448000 |   796583010 |  24301660449 |         0 |      0 |  1763471843 |      0 |      0 |         0 
 39563 Thread 35 - PartitionProcessorThre...e5-b39f-16778af97d23-1-16 |  2050000 |   364000 |   782264971 |  23840832200 |         0 |      0 |  1308033270 |      0 |      0 |         0 
 39564 Thread 36 - PartitionProcessorThre...e5-b39f-16778af97d23-1-17 |  2092000 |   412000 |   812341373 |  24728660750 |         0 |      0 |  1340598615 |      0 |      0 |         0 
 39565 Thread 37 - PartitionProcessorThre...e5-b39f-16778af97d23-1-18 |  2005000 |   408000 |   782356522 |  23822575621 |         0 |      0 |  1382719919 |      0 |      0 |         0 
 39566 Thread 38 - PartitionProcessorThre...e5-b39f-16778af97d23-1-19 |  2043000 |   420000 |   797794897 |  24325280449 |         0 |      0 |  1403304720 |      0 |      0 |         0 
 39569 Thread 39 - PartitionProcessorThre...6e5-b39f-16778af97d23-0-0 |  2068000 |   429000 |   816384233 |  24698713211 |         0 |      0 |  1619505235 |      0 |      0 |         0 
 39570 Thread 40 - PartitionProcessorThre...6e5-b39f-16778af97d23-0-1 |  2043000 |   432000 |   811155295 |  24482476782 |         0 |      0 |  1439931740 |      0 |      0 |         0 
 39571 Thread 41 - PartitionProcessorThre...6e5-b39f-16778af97d23-0-2 |  2056000 |   471000 |   827432549 |  24997388864 |         0 |      0 |  1457415085 |      0 |      0 |         0 
 39572 Thread 42 - PartitionProcessorThre...6e5-b39f-16778af97d23-0-3 |  1950000 |   450000 |   784800034 |  23740384376 |         0 |      0 |  1473601578 |      0 |      0 |         0 
 39573 Thread 43 - PartitionProcessorThre...6e5-b39f-16778af97d23-0-4 |  2063000 |   445000 |   822138573 |  24810202653 |         0 |      0 |  1395260790 |      0 |      0 |         0 
 39574 Thread 44 - PartitionProcessorThre...6e5-b39f-16778af97d23-0-5 |  2021000 |   425000 |   800985327 |  24196171407 |         0 |      0 |  1425595639 |      0 |      0 |         0 
 39575 Thread 45 - PartitionProcessorThre...6e5-b39f-16778af97d23-0-6 |  2067000 |   417000 |   813146643 |  24571530055 |      1024 |      0 |  1424701547 |      0 |      0 |         0 
 39576 Thread 46 - PartitionProcessorThre...6e5-b39f-16778af97d23-0-7 |  2021000 |   423000 |   799819483 |  24177235520 |         0 |      0 |  1481129567 |      0 |      0 |         0 
 39577 Thread 47 - PartitionProcessorThre...6e5-b39f-16778af97d23-0-8 |  1951000 |   421000 |   776592171 |  23464577059 |         0 |      0 |  1595248489 |      0 |      0 |         0 
 39578 Thread 48 - PartitionProcessorThre...6e5-b39f-16778af97d23-0-9 |  2016000 |   392000 |   789591628 |  23820996071 |         0 |      0 |  1521096639 |      0 |      0 |         0 
 39579 Thread 49 - PartitionProcessorThre...e5-b39f-16778af97d23-0-10 |  1946000 |   439000 |   782005100 |  23593339883 |         0 |      0 |  1327839850 |      0 |      0 |         0 
 39580 Thread 50 - PartitionProcessorThre...e5-b39f-16778af97d23-0-11 |  1965000 |   405000 |   775777745 |  23443716950 |         0 |      0 |  1496309900 |      0 |      0 |         0 
 39581 Thread 51 - PartitionProcessorThre...e5-b39f-16778af97d23-0-12 |  1982000 |   390000 |   773875999 |  23462901848 |         0 |      0 |  1365082678 |      0 |      0 |         0 
 39582 Thread 52 - PartitionProcessorThre...e5-b39f-16778af97d23-0-13 |  1973000 |   427000 |   785508335 |  23741165641 |         0 |      0 |  1608465848 |      0 |      0 |         0 
 39583 Thread 53 - PartitionProcessorThre...e5-b39f-16778af97d23-0-14 |  2040000 |   389000 |   794476038 |  24028253973 |         0 |      0 |  1647081202 |      0 |      0 |         0 
 39584 Thread 54 - PartitionProcessorThre...e5-b39f-16778af97d23-0-15 |  1960000 |   428000 |   781245842 |  23622573957 |         0 |      0 |  1592173123 |      0 |      0 |         0 
 39585 Thread 55 - PartitionProcessorThre...e5-b39f-16778af97d23-0-16 |  1906000 |   427000 |   764087808 |  23078524172 |         0 |      0 |  1270856329 |      0 |      0 |         0 
 39586 Thread 56 - PartitionProcessorThre...e5-b39f-16778af97d23-0-17 |  1944000 |   438000 |   781671745 |  23563244395 |         0 |      0 |  1546178245 |      0 |      0 |         0 
 39587 Thread 57 - PartitionProcessorThre...e5-b39f-16778af97d23-0-18 |  2109000 |   489000 |   849962713 |  25699079039 |         0 |      0 |  1518041739 |      0 |      0 |         0 
 39588 Thread 58 - PartitionProcessorThre...e5-b39f-16778af97d23-0-19 |  2088000 |   457000 |   832163831 |  25175358469 |         0 |      0 |  1353684542 |      0 |      0 |         0 
 39589 Thread 59 - PartitionProcessorThre...6e5-b39f-16778af97d23-2-0 |  1915000 |   394000 |   758118077 |  22841820418 |         0 |      0 |  1310683748 |      0 |      0 |         0 
 39590 Thread 60 - PartitionProcessorThre...6e5-b39f-16778af97d23-2-1 |  1954000 |   430000 |   783654038 |  23583369540 |         0 |      0 |  1455161554 |      0 |      0 |         0 
 39591 Thread 61 - PartitionProcessorThre...6e5-b39f-16778af97d23-2-2 |  1929000 |   429000 |   774511108 |  23325749946 |         0 |      0 |  1479124110 |      0 |      0 |         0 
 39592 Thread 62 - PartitionProcessorThre...6e5-b39f-16778af97d23-2-3 |  1906000 |   454000 |   775554276 |  23346335192 |         0 |      0 |  1147778419 |      0 |      0 |         0 
 39593 Thread 63 - PartitionProcessorThre...6e5-b39f-16778af97d23-2-4 |  1960000 |   444000 |   789048249 |  23781119586 |         0 |      0 |  1244307174 |      0 |      0 |         0 
 39594 Thread 64 - PartitionProcessorThre...6e5-b39f-16778af97d23-2-5 |  1918000 |   432000 |   771689143 |  23247111864 |         0 |      0 |  1399047426 |      0 |      0 |         0 
 39595 Thread 65 - PartitionProcessorThre...6e5-b39f-16778af97d23-2-6 |  1995000 |   443000 |   800503842 |  24116281735 |         0 |      0 |  1384897644 |      0 |      0 |         0 
 39596 Thread 66 - PartitionProcessorThre...6e5-b39f-16778af97d23-2-7 |  1893000 |   427000 |   763395749 |  22950936227 |         0 |      0 |  1426019608 |      0 |      0 |         0 
 39597 Thread 67 - PartitionProcessorThre...6e5-b39f-16778af97d23-2-8 |  2022000 |   394000 |   794779796 |  23900000411 |         0 |      0 |  1279565945 |      0 |      0 |         0 
 39598 Thread 68 - PartitionProcessorThre...6e5-b39f-16778af97d23-2-9 |  1988000 |   428000 |   794319628 |  23900766137 |         0 |      0 |  1343119865 |      0 |      0 |         0 
 39599 Thread 69 - PartitionProcessorThre...e5-b39f-16778af97d23-2-10 |  1988000 |   473000 |   810179581 |  24346304137 |         0 |      0 |  1636652781 |      0 |      0 |         0 
 39600 Thread 70 - PartitionProcessorThre...e5-b39f-16778af97d23-2-11 |  1952000 |   409000 |   774328096 |  23355435356 |         0 |      0 |  1424083741 |      0 |      0 |         0 
 39601 Thread 71 - PartitionProcessorThre...e5-b39f-16778af97d23-2-12 |  1986000 |   400000 |   784288487 |  23604083598 |      1024 |      0 |  1436216967 |      0 |      0 |         0 
 39602 Thread 72 - PartitionProcessorThre...e5-b39f-16778af97d23-2-13 |  1984000 |   417000 |   790025819 |  23752015344 |         0 |      0 |  1434282359 |      0 |      0 |         0 
 39603 Thread 73 - PartitionProcessorThre...e5-b39f-16778af97d23-2-14 |  1959000 |   444000 |   790320975 |  23771554653 |         0 |      0 |  1354071624 |      0 |      0 |         0 
 39604 Thread 74 - PartitionProcessorThre...e5-b39f-16778af97d23-2-15 |  1943000 |   415000 |   774717159 |  23326131118 |         0 |      0 |  1341902764 |      0 |      0 |         0 
 39605 Thread 75 - PartitionProcessorThre...e5-b39f-16778af97d23-2-16 |  1955000 |   416000 |   778871186 |  23454948149 |         0 |      0 |  1383064640 |      0 |      0 |         0 
 39606 Thread 76 - PartitionProcessorThre...e5-b39f-16778af97d23-2-17 |  2041000 |   417000 |   806132663 |  24314648680 |         0 |      0 |  1390858777 |      0 |      0 |         0 
 39607 Thread 77 - PartitionProcessorThre...e5-b39f-16778af97d23-2-18 |  1997000 |   427000 |   796071635 |  23979189977 |         0 |      0 |  1526548958 |      0 |      0 |         0 
 39608 Thread 78 - PartitionProcessorThre...e5-b39f-16778af97d23-2-19 |  1963000 |   452000 |   792544178 |  23889720727 |         0 |      0 |  1379694766 |      0 |      0 |         0 
 40047 Thread 79 - process reaper                                     |     3000 |        0 |     1029613 |     29730019 |      1024 |      0 |     1031933 |      0 |      0 |         0 
 40049 Thread 80 - Attach Listener                                    |   127000 |    94000 |    74755308 |   2190996753 |   4657152 | 268288 |     1023425 |      0 |      0 |         0 
