                                 Task                                  |  utime   |  stime   |     rss     |     vmem     |   read    | write  |    d:cpu    | d:bio  | d:swap | d:reclaim 
 143648 Thread 1 - main                                                |   837000 |   107000 |    61841291 |   7255236471 |  34130944 |   1024 |     9259866 |      0 |      0 |         0 
 143670 Thread 2 - Reference Handler                                   |     4000 |        0 |      347980 |     31646023 |         0 |      0 |      287647 |      0 |      0 |         0 
 143671 Thread 3 - Finalizer                                           |     4000 |        0 |      369976 |     32605132 |     13312 |      0 |     1321467 |      0 |      0 |         0 
 143672 Thread 4 - Surrogate Locker Thread (Concurrent GC)             |        0 |        0 |           0 |            0 |         0 |      0 |           0 |      0 |      0 |         0 
 143673 Thread 5 - Signal Dispatcher                                   |        0 |     1000 |      292757 |      9757746 |         0 |      0 |      429164 |      0 |      0 |         0 
 143682 Thread 12 - RMI Scheduler(0)                                   |     3000 |        0 |      872332 |     29272570 |      4096 |      0 |       65669 |      0 |      0 |         0 
 143683 Thread 13 - RMI RenewClean-[10.231.182.152:42025]              |        0 |        0 |           0 |            0 |      1024 |      0 |        8345 |      0 |      0 |         0 
 143684 Thread 14 - GC Daemon                                          |        0 |        0 |           0 |            0 |         0 |      0 |           0 |      0 |      0 |         0 
 143686 Thread 15 - DecatonSubscriptionThread-decaton-benchmark        | 30986000 | 33513000 | 18817568349 | 628679468542 | 624247808 | 129024 | 20220446802 | 190777 |      0 |         0 
 143688 Thread 16 - kafka-coordinator-hear...hread | decaton-benchmark |   231000 |    47000 |    79485440 |   2703932507 |   6713344 |   5120 |    25285117 | 746818 |      0 |         0 
 143693 Thread 17 - PartitionProcessorThre...6a4-99b8-de244b12b192-2-0 |  1383000 |   481000 |   540107808 |  18175110188 |     36864 |      0 |  1863068657 |      0 |      0 |         0 
 143694 Thread 18 - PartitionProcessorThre...6a4-99b8-de244b12b192-2-1 |  1414000 |   463000 |   548132198 |  18306722215 |    120832 |      0 |  1878598649 |      0 |      0 |         0 
 143695 Thread 19 - PartitionProcessorThre...6a4-99b8-de244b12b192-2-2 |  1448000 |   458000 |   555173230 |  18590414543 |         0 |      0 |  1639675004 |      0 |      0 |         0 
 143696 Thread 20 - PartitionProcessorThre...6a4-99b8-de244b12b192-2-3 |  1337000 |   426000 |   514801003 |  17199363840 |         0 |      0 |  1946475501 |      0 |      0 |         0 
 143697 Thread 21 - PartitionProcessorThre...6a4-99b8-de244b12b192-2-4 |  1312000 |   508000 |   531213226 |  17757396832 |         0 |      0 |  1902910510 |      0 |      0 |         0 
 143698 Thread 22 - PartitionProcessorThre...6a4-99b8-de244b12b192-2-5 |  1341000 |   462000 |   526013464 |  17593641008 |         0 |      0 |  1684663678 |      0 |      0 |         0 
 143699 Thread 23 - PartitionProcessorThre...6a4-99b8-de244b12b192-2-6 |  1321000 |   455000 |   518705124 |  17328356915 |         0 |      0 |  1629486192 |      0 |      0 |         0 
 143700 Thread 24 - PartitionProcessorThre...6a4-99b8-de244b12b192-2-7 |  1336000 |   434000 |   516426577 |  17269437680 |         0 |      0 |  1742617943 |      0 |      0 |         0 
 143701 Thread 25 - PartitionProcessorThre...6a4-99b8-de244b12b192-2-8 |  1348000 |   470000 |   529790933 |  17737335750 |         0 |      0 |  1776276195 |      0 |      0 |         0 
 143702 Thread 26 - PartitionProcessorThre...6a4-99b8-de244b12b192-2-9 |  1328000 |   462000 |   523152304 |  17466674786 |         0 |      0 |  1806961090 |      0 |      0 |         0 
 143703 Thread 27 - PartitionProcessorThre...a4-99b8-de244b12b192-2-10 |  1334000 |   405000 |   508873468 |  16971029950 |         0 |      0 |  1584335777 |      0 |      0 |         0 
 143704 Thread 28 - PartitionProcessorThre...a4-99b8-de244b12b192-2-11 |  1397000 |   433000 |   534527390 |  17857474200 |         0 |      0 |  1638785470 |      0 |      0 |         0 
 143705 Thread 29 - PartitionProcessorThre...a4-99b8-de244b12b192-2-12 |  1290000 |   432000 |   504629980 |  16804278895 |         0 |      0 |  1762542336 |      0 |      0 |         0 
 143706 Thread 30 - PartitionProcessorThre...a4-99b8-de244b12b192-2-13 |  1359000 |   475000 |   535212788 |  17895279235 |         0 |      0 |  1770833116 |      0 |      0 |         0 
 143707 Thread 31 - PartitionProcessorThre...a4-99b8-de244b12b192-2-14 |  1360000 |   476000 |   535805831 |  17914449692 |         0 |      0 |  1590826005 |      0 |      0 |         0 
 143708 Thread 32 - PartitionProcessorThre...a4-99b8-de244b12b192-2-15 |  1330000 |   421000 |   511143683 |  17084809610 |         0 |      0 |  1611417599 |      0 |      0 |         0 
 143709 Thread 33 - PartitionProcessorThre...a4-99b8-de244b12b192-2-16 |  1351000 |   461000 |   530132906 |  17680432957 |         0 |      0 |  1782565990 |      0 |      0 |         0 
 143710 Thread 34 - PartitionProcessorThre...a4-99b8-de244b12b192-2-17 |  1347000 |   514000 |   544201437 |  18159545039 |         0 |      0 |  1846755636 |      0 |      0 |         0 
 143711 Thread 35 - PartitionProcessorThre...a4-99b8-de244b12b192-2-18 |  1269000 |   450000 |   502319968 |  16774607161 |         0 |      0 |  1723820000 |      0 |      0 |         0 
 143712 Thread 36 - PartitionProcessorThre...a4-99b8-de244b12b192-2-19 |  1408000 |   442000 |   540847023 |  18052493700 |      1024 |      0 |  1745935348 |      0 |      0 |         0 
 143713 Thread 37 - PartitionProcessorThre...6a4-99b8-de244b12b192-0-0 |  1366000 |   492000 |   544003933 |  18135493840 |         0 |      0 |  1824514571 |      0 |      0 |         0 
 143714 Thread 38 - PartitionProcessorThre...6a4-99b8-de244b12b192-0-1 |  1349000 |   407000 |   513269300 |  17139549063 |      1024 |      0 |  1822695051 |      0 |      0 |         0 
 143715 Thread 39 - PartitionProcessorThre...6a4-99b8-de244b12b192-0-2 |  1417000 |   465000 |   549547730 |  18370439164 |         0 |      0 |  1719429485 |      0 |      0 |         0 
 143716 Thread 40 - PartitionProcessorThre...6a4-99b8-de244b12b192-0-3 |  1301000 |   465000 |   515126874 |  17236581942 |         0 |      0 |  1914488504 |      0 |      0 |         0 
 143717 Thread 41 - PartitionProcessorThre...6a4-99b8-de244b12b192-0-4 |  1372000 |   458000 |   534830366 |  17862063403 |         0 |      0 |  1712951586 |      0 |      0 |         0 
 143718 Thread 42 - PartitionProcessorThre...6a4-99b8-de244b12b192-0-5 |  1279000 |   469000 |   511003144 |  17061589497 |         0 |      0 |  1652180671 |      0 |      0 |         0 
 143719 Thread 43 - PartitionProcessorThre...6a4-99b8-de244b12b192-0-6 |  1343000 |   452000 |   524492976 |  17520109446 |         0 |      0 |  1871324773 |      0 |      0 |         0 
 143720 Thread 44 - PartitionProcessorThre...6a4-99b8-de244b12b192-0-7 |  1338000 |   476000 |   530705124 |  17706504450 |         0 |      0 |  1725481200 |      0 |      0 |         0 
 143721 Thread 45 - PartitionProcessorThre...6a4-99b8-de244b12b192-0-8 |  1370000 |   454000 |   533611445 |  17803781649 |      3072 |      0 |  1662511166 |      0 |      0 |         0 
 143722 Thread 46 - PartitionProcessorThre...6a4-99b8-de244b12b192-0-9 |  1361000 |   456000 |   532356952 |  17735706930 |         0 |      0 |  1616878909 |      0 |      0 |         0 
 143723 Thread 47 - PartitionProcessorThre...a4-99b8-de244b12b192-0-10 |  1373000 |   450000 |   532788859 |  17793138778 |         0 |      0 |  1810484005 |      0 |      0 |         0 
 143724 Thread 48 - PartitionProcessorThre...a4-99b8-de244b12b192-0-11 |  1373000 |   479000 |   541480890 |  18076581832 |         0 |      0 |  1658503898 |      0 |      0 |         0 
 143725 Thread 49 - PartitionProcessorThre...a4-99b8-de244b12b192-0-12 |  1356000 |   461000 |   530593238 |  17733652075 |         0 |      0 |  1598119454 |      0 |      0 |         0 
 143726 Thread 50 - PartitionProcessorThre...a4-99b8-de244b12b192-0-13 |  1352000 |   455000 |   526945867 |  17636715993 |         0 |      0 |  1878681598 |      0 |      0 |         0 
 143727 Thread 51 - PartitionProcessorThre...a4-99b8-de244b12b192-0-14 |  1393000 |   479000 |   545213187 |  18271325168 |         0 |      0 |  1821778546 |      0 |      0 |         0 
 143728 Thread 52 - PartitionProcessorThre...a4-99b8-de244b12b192-0-15 |  1297000 |   494000 |   522500159 |  17480667731 |         0 |      0 |  1645173656 |      0 |      0 |         0 
 143729 Thread 53 - PartitionProcessorThre...a4-99b8-de244b12b192-0-16 |  1395000 |   457000 |   541881538 |  18077180078 |         0 |      0 |  1865950467 |      0 |      0 |         0 
 143730 Thread 54 - PartitionProcessorThre...a4-99b8-de244b12b192-0-17 |  1395000 |   453000 |   538472187 |  18036785223 |         0 |      0 |  1915483658 |      0 |      0 |         0 
 143731 Thread 55 - PartitionProcessorThre...a4-99b8-de244b12b192-0-18 |  1314000 |   466000 |   518887808 |  17374298250 |         0 |      0 |  1790536997 |      0 |      0 |         0 
 143732 Thread 56 - PartitionProcessorThre...a4-99b8-de244b12b192-0-19 |  1329000 |   421000 |   510684917 |  17080851071 |         0 |      0 |  1761698360 |      0 |      0 |         0 
 143733 Thread 57 - PartitionProcessorThre...6a4-99b8-de244b12b192-1-0 |  1335000 |   487000 |   534288699 |  17784681594 |         0 |      0 |  1832476792 |      0 |      0 |         0 
 143734 Thread 58 - PartitionProcessorThre...6a4-99b8-de244b12b192-1-1 |  1353000 |   426000 |   521244613 |  17364127317 |         0 |      0 |  1790581995 |      0 |      0 |         0 
 143735 Thread 59 - PartitionProcessorThre...6a4-99b8-de244b12b192-1-2 |  1255000 |   464000 |   502687785 |  16778098051 |         0 |      0 |  1731471045 |      0 |      0 |         0 
 143736 Thread 60 - PartitionProcessorThre...6a4-99b8-de244b12b192-1-3 |  1370000 |   463000 |   537885167 |  17891189637 |         0 |      0 |  1627896500 |      0 |      0 |         0 
 143737 Thread 61 - PartitionProcessorThre...6a4-99b8-de244b12b192-1-4 |  1336000 |   495000 |   538960081 |  17873285512 |         0 |      0 |  1863043121 |      0 |      0 |         0 
 143738 Thread 62 - PartitionProcessorThre...6a4-99b8-de244b12b192-1-5 |  1387000 |   482000 |   548450421 |  18242731668 |         0 |      0 |  1865940695 |      0 |      0 |         0 
 143739 Thread 63 - PartitionProcessorThre...6a4-99b8-de244b12b192-1-6 |  1389000 |   479000 |   547186624 |  18233262340 |         0 |      0 |  1608288259 |      0 |      0 |         0 
 143740 Thread 64 - PartitionProcessorThre...6a4-99b8-de244b12b192-1-7 |  1388000 |   447000 |   538442210 |  17910863219 |         0 |      0 |  1820004322 |      0 |      0 |         0 
 143741 Thread 65 - PartitionProcessorThre...6a4-99b8-de244b12b192-1-8 |  1339000 |   443000 |   523859234 |  17393995375 |         0 |      0 |  1671428992 |      0 |      0 |         0 
 143742 Thread 66 - PartitionProcessorThre...6a4-99b8-de244b12b192-1-9 |  1331000 |   447000 |   520937402 |  17354494637 |         0 |      0 |  1622477841 |      0 |      0 |         0 
 143743 Thread 67 - PartitionProcessorThre...a4-99b8-de244b12b192-1-10 |  1278000 |   450000 |   508211562 |  16867213809 |         0 |      0 |  1549833335 |      0 |      0 |         0 
 143744 Thread 68 - PartitionProcessorThre...a4-99b8-de244b12b192-1-11 |  1296000 |   492000 |   525031433 |  17452038661 |         0 |      0 |  1607157507 |      0 |      0 |         0 
 143745 Thread 69 - PartitionProcessorThre...a4-99b8-de244b12b192-1-12 |  1349000 |   502000 |   542136288 |  18066769934 |         0 |      0 |  1696055788 |      0 |      0 |         0 
 143746 Thread 70 - PartitionProcessorThre...a4-99b8-de244b12b192-1-13 |  1295000 |   462000 |   515153113 |  17149495493 |         0 |      0 |  1769480841 |      0 |      0 |         0 
 143747 Thread 71 - PartitionProcessorThre...a4-99b8-de244b12b192-1-14 |  1304000 |   447000 |   512555703 |  17091289657 |         0 |      0 |  1630086609 |      0 |      0 |         0 
 143748 Thread 72 - PartitionProcessorThre...a4-99b8-de244b12b192-1-15 |  1311000 |   465000 |   518416894 |  17334857227 |         0 |      0 |  1787829448 |      0 |      0 |         0 
 143749 Thread 73 - PartitionProcessorThre...a4-99b8-de244b12b192-1-16 |  1363000 |   475000 |   539084937 |  17940167000 |         0 |      0 |  1854269346 |      0 |      0 |         0 
 143750 Thread 74 - PartitionProcessorThre...a4-99b8-de244b12b192-1-17 |  1373000 |   487000 |   545162249 |  18154210778 |         0 |      0 |  1688995996 |      0 |      0 |         0 
 143751 Thread 75 - PartitionProcessorThre...a4-99b8-de244b12b192-1-18 |  1319000 |   472000 |   526580984 |  17481596075 |         0 |      0 |  1779180298 |      0 |      0 |         0 
 143752 Thread 76 - PartitionProcessorThre...a4-99b8-de244b12b192-1-19 |  1354000 |   455000 |   531272999 |  17656948989 |         0 |      0 |  1685734149 |      0 |      0 |         0 
 144187 Thread 77 - process reaper                                     |     1000 |     2000 |      888101 |     29335214 |         0 |      0 |      221901 |      0 |      0 |         0 
 144193 Thread 78 - Attach Listener                                    |   438000 |    96000 |   158384775 |   5219875132 |   5304320 | 363520 |     5034872 |      0 |      0 |         0 
