                                 Task                                 |  utime   |  stime   |     rss     |     vmem     |   read    | write  |    d:cpu    | d:bio  | d:swap | d:reclaim 
 78160 Thread 1 - main                                                |   615000 |    94000 |    42882643 |   5374571326 |  21203968 |   1024 |     9044312 |      0 |      0 |         0 
 78182 Thread 2 - Reference Handler                                   |     8000 |     1000 |     1247632 |     73703902 |         0 |      0 |     8684472 |      0 |      0 |         0 
 78183 Thread 3 - Finalizer                                           |     7000 |     1000 |      676582 |     61224855 |      5120 |      0 |      342643 |      0 |      0 |         0 
 78184 Thread 4 - Surrogate Locker Thread (Concurrent GC)             |        0 |        0 |           0 |            0 |         0 |      0 |       12815 |      0 |      0 |         0 
 78185 Thread 5 - Signal Dispatcher                                   |        0 |        0 |           0 |            0 |         0 |      0 |           0 |      0 |      0 |         0 
 78194 Thread 11 - DecatonSubscriptionThread-decaton-benchmark        | 26968000 | 29889000 | 16703427645 | 553462221226 | 586119168 | 128000 | 18081194719 | 157599 |      0 |         0 
 78195 Thread 13 - kafka-coordinator-hear...hread | decaton-benchmark |   171000 |    36000 |    59646261 |   2009030265 |   5602304 |   5120 |    24590610 | 352777 |      0 |         0 
 78198 Thread 14 - PartitionProcessorThre...ecf-a625-485559eeca47-0-0 |  1306000 |   444000 |   509831180 |  17044033361 |    156672 |      0 |  1553006794 |      0 |      0 |         0 
 78199 Thread 15 - PartitionProcessorThre...ecf-a625-485559eeca47-0-1 |  1211000 |   431000 |   480671497 |  16008272759 |         0 |      0 |  1589725389 |      0 |      0 |         0 
 78200 Thread 16 - PartitionProcessorThre...ecf-a625-485559eeca47-0-2 |  1257000 |   413000 |   490480239 |  16281006943 |      3072 |      0 |  1540154806 |      0 |      0 |         0 
 78201 Thread 17 - PartitionProcessorThre...ecf-a625-485559eeca47-0-3 |  1188000 |   406000 |   466484774 |  15543689701 |         0 |      0 |  1240794017 |      0 |      0 |         0 
 78202 Thread 18 - PartitionProcessorThre...ecf-a625-485559eeca47-0-4 |  1262000 |   402000 |   487470762 |  16225145869 |         0 |      0 |  1463496538 |      0 |      0 |         0 
 78203 Thread 19 - PartitionProcessorThre...ecf-a625-485559eeca47-0-5 |  1257000 |   412000 |   489577989 |  16270858107 |         0 |      0 |  1637901562 |      0 |      0 |         0 
 78204 Thread 20 - PartitionProcessorThre...ecf-a625-485559eeca47-0-6 |  1176000 |   417000 |   467666688 |  15536733470 |         0 |      0 |  1218630244 |      0 |      0 |         0 
 78205 Thread 21 - PartitionProcessorThre...ecf-a625-485559eeca47-0-7 |  1165000 |   402000 |   456931762 |  15284476169 |         0 |      0 |  1376791297 |      0 |      0 |         0 
 78206 Thread 22 - PartitionProcessorThre...ecf-a625-485559eeca47-0-8 |  1192000 |   425000 |   473233665 |  15770887197 |         0 |      0 |  1476328652 |      0 |      0 |         0 
 78207 Thread 23 - PartitionProcessorThre...ecf-a625-485559eeca47-0-9 |  1218000 |   462000 |   491548805 |  16387515872 |         0 |      0 |  1470143285 |      0 |      0 |         0 
 78208 Thread 24 - PartitionProcessorThre...cf-a625-485559eeca47-0-10 |  1254000 |   435000 |   496175997 |  16473155896 |         0 |      0 |  1599569585 |      0 |      0 |         0 
 78209 Thread 25 - PartitionProcessorThre...cf-a625-485559eeca47-0-11 |  1178000 |   385000 |   456369848 |  15245403841 |         0 |      0 |  1385540245 |      0 |      0 |         0 
 78210 Thread 26 - PartitionProcessorThre...cf-a625-485559eeca47-0-12 |  1195000 |   394000 |   464936524 |  15495537615 |     43008 |      0 |  1239516239 |      0 |      0 |         0 
 78211 Thread 27 - PartitionProcessorThre...cf-a625-485559eeca47-0-13 |  1254000 |   455000 |   502067020 |  16670266095 |         0 |      0 |  1423303074 |      0 |      0 |         0 
 78212 Thread 28 - PartitionProcessorThre...cf-a625-485559eeca47-0-14 |  1139000 |   414000 |   456139770 |  15148084517 |         0 |      0 |  1403908860 |      0 |      0 |         0 
 78213 Thread 29 - PartitionProcessorThre...cf-a625-485559eeca47-0-15 |  1265000 |   381000 |   483102852 |  16056012021 |         0 |      0 |  1294006217 |      0 |      0 |         0 
 78214 Thread 30 - PartitionProcessorThre...cf-a625-485559eeca47-0-16 |  1266000 |   414000 |   488378278 |  16385377904 |         0 |      0 |  1445929571 |      0 |      0 |         0 
 78215 Thread 31 - PartitionProcessorThre...cf-a625-485559eeca47-0-17 |  1243000 |   426000 |   487528501 |  16278050158 |      3072 |      0 |  1349267315 |      0 |      0 |         0 
 78216 Thread 32 - PartitionProcessorThre...cf-a625-485559eeca47-0-18 |  1287000 |   444000 |   507861555 |  16884540962 |         0 |      0 |  1142284248 |      0 |      0 |         0 
 78217 Thread 33 - PartitionProcessorThre...cf-a625-485559eeca47-0-19 |  1237000 |   397000 |   478218153 |  15937852193 |         0 |      0 |  1399293396 |      0 |      0 |         0 
 78218 Thread 34 - PartitionProcessorThre...ecf-a625-485559eeca47-2-0 |  1167000 |   378000 |   456618083 |  15071454517 |         0 |      0 |  1283722750 |      0 |      0 |         0 
 78219 Thread 35 - PartitionProcessorThre...ecf-a625-485559eeca47-2-1 |  1218000 |   401000 |   479030086 |  15793447556 |         0 |      0 |  1395726998 |      0 |      0 |         0 
 78220 Thread 36 - PartitionProcessorThre...ecf-a625-485559eeca47-2-2 |  1257000 |   427000 |   497822539 |  16427787357 |         0 |      0 |  1629657208 |      0 |      0 |         0 
 78221 Thread 37 - PartitionProcessorThre...ecf-a625-485559eeca47-2-3 |  1197000 |   448000 |   486226000 |  16047102990 |         0 |      0 |  1437950797 |      0 |      0 |         0 
 78222 Thread 38 - PartitionProcessorThre...ecf-a625-485559eeca47-2-4 |  1144000 |   413000 |   460622755 |  15188561794 |         0 |      0 |  1519838185 |      0 |      0 |         0 
 78223 Thread 39 - PartitionProcessorThre...ecf-a625-485559eeca47-2-5 |  1216000 |   409000 |   480918551 |  15852129314 |         0 |      0 |  1575161358 |      0 |      0 |         0 
 78224 Thread 40 - PartitionProcessorThre...ecf-a625-485559eeca47-2-6 |  1249000 |   420000 |   492852036 |  16281002115 |         0 |      0 |  1361277168 |      0 |      0 |         0 
 78225 Thread 41 - PartitionProcessorThre...ecf-a625-485559eeca47-2-7 |  1165000 |   383000 |   457916926 |  15101361669 |         0 |      0 |  1444774140 |      0 |      0 |         0 
 78226 Thread 42 - PartitionProcessorThre...ecf-a625-485559eeca47-2-8 |  1185000 |   417000 |   474391708 |  15627720794 |         0 |      0 |  1611652091 |      0 |      0 |         0 
 78227 Thread 43 - PartitionProcessorThre...ecf-a625-485559eeca47-2-9 |  1199000 |   366000 |   463104618 |  15266796720 |         0 |      0 |  1232851610 |      0 |      0 |         0 
 78228 Thread 44 - PartitionProcessorThre...cf-a625-485559eeca47-2-10 |  1192000 |   420000 |   476924915 |  15725110841 |         0 |      0 |  1498247516 |      0 |      0 |         0 
 78229 Thread 45 - PartitionProcessorThre...cf-a625-485559eeca47-2-11 |  1157000 |   427000 |   468640688 |  15452380501 |         0 |      0 |  1244970626 |      0 |      0 |         0 
 78230 Thread 46 - PartitionProcessorThre...cf-a625-485559eeca47-2-12 |  1199000 |   444000 |   486436969 |  16028003900 |         0 |      0 |  1331240943 |      0 |      0 |         0 
 78231 Thread 47 - PartitionProcessorThre...cf-a625-485559eeca47-2-13 |  1277000 |   389000 |   493221075 |  16252499958 |         0 |      0 |  1256456793 |      0 |      0 |         0 
 78232 Thread 48 - PartitionProcessorThre...cf-a625-485559eeca47-2-14 |  1162000 |   384000 |   457844391 |  15081704888 |         0 |      0 |  1329046757 |      0 |      0 |         0 
 78233 Thread 49 - PartitionProcessorThre...cf-a625-485559eeca47-2-15 |  1284000 |   395000 |   496682165 |  16378941165 |         0 |      0 |  1561417134 |      0 |      0 |         0 
 78234 Thread 50 - PartitionProcessorThre...cf-a625-485559eeca47-2-16 |  1212000 |   430000 |   485782579 |  16018143849 |         0 |      0 |  1553332258 |      0 |      0 |         0 
 78235 Thread 51 - PartitionProcessorThre...cf-a625-485559eeca47-2-17 |  1169000 |   380000 |   458226766 |  15111115302 |         0 |      0 |  1383156703 |      0 |      0 |         0 
 78236 Thread 52 - PartitionProcessorThre...cf-a625-485559eeca47-2-18 |  1206000 |   402000 |   475116626 |  15686329310 |         0 |      0 |  1430738234 |      0 |      0 |         0 
 78237 Thread 53 - PartitionProcessorThre...cf-a625-485559eeca47-2-19 |  1131000 |   407000 |   454623766 |  15003453787 |         0 |      0 |  1458198836 |      0 |      0 |         0 
 78238 Thread 54 - PartitionProcessorThre...ecf-a625-485559eeca47-1-0 |  1194000 |   444000 |   485646754 |  15978944482 |         0 |      0 |  1331824016 |      0 |      0 |         0 
 78239 Thread 55 - PartitionProcessorThre...ecf-a625-485559eeca47-1-1 |  1108000 |   402000 |   448534321 |  14730533927 |         0 |      0 |  1279210067 |      0 |      0 |         0 
 78240 Thread 56 - PartitionProcessorThre...ecf-a625-485559eeca47-1-2 |  1167000 |   395000 |   463412481 |  15237561068 |         0 |      0 |  1293386371 |      0 |      0 |         0 
 78241 Thread 57 - PartitionProcessorThre...ecf-a625-485559eeca47-1-3 |  1207000 |   415000 |   480813083 |  15823125189 |         0 |      0 |  1399335617 |      0 |      0 |         0 
 78242 Thread 58 - PartitionProcessorThre...ecf-a625-485559eeca47-1-4 |  1169000 |   422000 |   471837196 |  15521150599 |  10831872 |      0 |  1561476771 |      0 |      0 |         0 
 78243 Thread 59 - PartitionProcessorThre...ecf-a625-485559eeca47-1-5 |  1072000 |   391000 |   434180462 |  14272136365 |         0 |      0 |  1321019900 |      0 |      0 |         0 
 78244 Thread 60 - PartitionProcessorThre...ecf-a625-485559eeca47-1-6 |  1232000 |   473000 |   505433305 |  16632662169 |         0 |      0 |  1505586847 |      0 |      0 |         0 
 78245 Thread 61 - PartitionProcessorThre...ecf-a625-485559eeca47-1-7 |  1186000 |   410000 |   473546005 |  15569428947 |         0 |      0 |  1471948249 |      0 |      0 |         0 
 78246 Thread 62 - PartitionProcessorThre...ecf-a625-485559eeca47-1-8 |  1190000 |   359000 |   459375321 |  15111048517 |      9216 |      0 |  1284867447 |      0 |      0 |         0 
 78247 Thread 63 - PartitionProcessorThre...ecf-a625-485559eeca47-1-9 |  1167000 |   398000 |   463670606 |  15267186998 |         0 |      0 |  1388845017 |      0 |      0 |         0 
 78248 Thread 64 - PartitionProcessorThre...cf-a625-485559eeca47-1-10 |  1133000 |   377000 |   448587434 |  14730324642 |         0 |      0 |  1459119885 |      0 |      0 |         0 
 78249 Thread 65 - PartitionProcessorThre...cf-a625-485559eeca47-1-11 |  1138000 |   335000 |   437556434 |  14369544361 |      1024 |      0 |  1259177605 |      0 |      0 |         0 
 78250 Thread 66 - PartitionProcessorThre...cf-a625-485559eeca47-1-12 |  1189000 |   387000 |   467864360 |  15374462943 |         0 |      0 |  1328710596 |      0 |      0 |         0 
 78251 Thread 67 - PartitionProcessorThre...cf-a625-485559eeca47-1-13 |  1192000 |   398000 |   472078950 |  15510879865 |         0 |      0 |  1467161308 |      0 |      0 |         0 
 78252 Thread 68 - PartitionProcessorThre...cf-a625-485559eeca47-1-14 |  1172000 |   386000 |   462387719 |  15198326802 |         0 |      0 |  1453494875 |      0 |      0 |         0 
 78253 Thread 69 - PartitionProcessorThre...cf-a625-485559eeca47-1-15 |  1175000 |   414000 |   471940602 |  15501127376 |         0 |      0 |  1305822861 |      0 |      0 |         0 
 78254 Thread 70 - PartitionProcessorThre...cf-a625-485559eeca47-1-16 |  1192000 |   392000 |   469424153 |  15452559240 |         0 |      0 |  1414122252 |      0 |      0 |         0 
 78255 Thread 71 - PartitionProcessorThre...cf-a625-485559eeca47-1-17 |  1295000 |   425000 |   510141219 |  16778987525 |         0 |      0 |  1563267131 |      0 |      0 |         0 
 78256 Thread 72 - PartitionProcessorThre...cf-a625-485559eeca47-1-18 |  1197000 |   376000 |   466457102 |  15344984185 |         0 |      0 |  1289090862 |      0 |      0 |         0 
 78257 Thread 73 - PartitionProcessorThre...cf-a625-485559eeca47-1-19 |  1152000 |   386000 |   455951032 |  15003486537 |         0 |      0 |  1271817773 |      0 |      0 |         0 
 78646 Thread 74 - process reaper                                     |     1000 |     1000 |      602464 |     19540386 |         0 |      0 |       23744 |      0 |      0 |         0 
 78651 Thread 75 - Attach Listener                                    |   371000 |    95000 |   139319854 |   4553795041 |   5304320 | 122880 |     6920576 |      0 |      0 |         0 
