                                 Task                                 |  utime   |  stime   |     rss     |     vmem     |   read    | write  |    d:cpu    |  d:bio  | d:swap | d:reclaim 
 80627 Thread 1 - main                                                |   609000 |    80000 |    41069705 |   5220187541 |  21203968 |   1024 |     7193107 |       0 |      0 |         0 
 80649 Thread 2 - Reference Handler                                   |     4000 |     1000 |      716859 |     40854675 |         0 |      0 |      908331 |       0 |      0 |         0 
 80650 Thread 3 - Finalizer                                           |     6000 |        0 |      603316 |     46603499 |      5120 |      0 |      906361 |       0 |      0 |         0 
 80651 Thread 4 - Surrogate Locker Thread (Concurrent GC)             |        0 |        0 |           0 |            0 |         0 |      0 |        3845 |       0 |      0 |         0 
 80652 Thread 5 - Signal Dispatcher                                   |     1000 |        0 |       31214 |      7228289 |         0 |      0 |           0 |       0 |      0 |         0 
 80666 Thread 11 - DecatonSubscriptionThread-decaton-benchmark        | 29521000 | 32783000 | 18684030972 | 606697917359 | 636273664 | 126976 | 19632510746 |   99748 |      0 |         0 
 80668 Thread 13 - kafka-coordinator-hear...hread | decaton-benchmark |   182000 |    57000 |    71038714 |   2325971784 |   6676480 |   5120 |    32358716 |  228178 |      0 |         0 
 80671 Thread 14 - PartitionProcessorThre...db8-8d84-37d06e694ca9-1-0 |  1436000 |   432000 |   558145913 |  18215998982 |     32768 |      0 |  1615312148 |       0 |      0 |         0 
 80672 Thread 15 - PartitionProcessorThre...db8-8d84-37d06e694ca9-1-1 |  1313000 |   439000 |   522573527 |  17088878072 |         0 |      0 |  1410875220 |       0 |      0 |         0 
 80673 Thread 16 - PartitionProcessorThre...db8-8d84-37d06e694ca9-1-2 |  1328000 |   480000 |   540235804 |  17635391435 |      4096 |      0 |  1583915877 |       0 |      0 |         0 
 80674 Thread 17 - PartitionProcessorThre...db8-8d84-37d06e694ca9-1-3 |  1306000 |   496000 |   537794242 |  17579361142 |         0 |      0 |  1360537254 |       0 |      0 |         0 
 80675 Thread 18 - PartitionProcessorThre...db8-8d84-37d06e694ca9-1-4 |  1357000 |   462000 |   541553664 |  17742762978 |     57344 |      0 |  1660741440 |       0 |      0 |         0 
 80676 Thread 19 - PartitionProcessorThre...db8-8d84-37d06e694ca9-1-5 |  1244000 |   446000 |   503338918 |  16486384263 |         0 |      0 |  1660240165 |       0 |      0 |         0 
 80677 Thread 20 - PartitionProcessorThre...db8-8d84-37d06e694ca9-1-6 |  1288000 |   483000 |   529271082 |  17276839001 |      5120 |      0 |  1610952074 |       0 |      0 |         0 
 80678 Thread 21 - PartitionProcessorThre...db8-8d84-37d06e694ca9-1-7 |  1282000 |   457000 |   516856754 |  16965254036 |         0 |      0 |  1567331702 |       0 |      0 |         0 
 80679 Thread 22 - PartitionProcessorThre...db8-8d84-37d06e694ca9-1-8 |  1295000 |   436000 |   513835043 |  16887754079 |         0 |      0 |  1569220782 |       0 |      0 |         0 
 80680 Thread 23 - PartitionProcessorThre...db8-8d84-37d06e694ca9-1-9 |  1290000 |   458000 |   520403828 |  17053437345 |      1024 |      0 |  1396773905 |       0 |      0 |         0 
 80681 Thread 24 - PartitionProcessorThre...b8-8d84-37d06e694ca9-1-10 |  1225000 |   430000 |   491591754 |  16146942165 |         0 |      0 |  1391520886 |       0 |      0 |         0 
 80682 Thread 25 - PartitionProcessorThre...b8-8d84-37d06e694ca9-1-11 |  1232000 |   468000 |   506791519 |  16585532040 |         0 |      0 |  1552131526 |       0 |      0 |         0 
 80683 Thread 26 - PartitionProcessorThre...b8-8d84-37d06e694ca9-1-12 |  1285000 |   473000 |   524336414 |  17151173489 |         0 |      0 |  1438667321 |       0 |      0 |         0 
 80684 Thread 27 - PartitionProcessorThre...b8-8d84-37d06e694ca9-1-13 |  1317000 |   417000 |   516400402 |  16912762400 |     67584 |      0 |  1544244216 |       0 |      0 |         0 
 80685 Thread 28 - PartitionProcessorThre...b8-8d84-37d06e694ca9-1-14 |  1283000 |   459000 |   517309066 |  16995358693 |         0 |      0 |  1554395734 |       0 |      0 |         0 
 80686 Thread 29 - PartitionProcessorThre...b8-8d84-37d06e694ca9-1-15 |  1409000 |   463000 |   558533761 |  18264052083 |     36864 |      0 |  1643364390 |       0 |      0 |         0 
 80687 Thread 30 - PartitionProcessorThre...b8-8d84-37d06e694ca9-1-16 |  1273000 |   481000 |   523490304 |  17111974974 |         0 |      0 |  1742366684 |       0 |      0 |         0 
 80688 Thread 31 - PartitionProcessorThre...b8-8d84-37d06e694ca9-1-17 |  1290000 |   467000 |   524898332 |  17143446790 |         0 |      0 |  1799519715 |       0 |      0 |         0 
 80689 Thread 32 - PartitionProcessorThre...b8-8d84-37d06e694ca9-1-18 |  1314000 |   455000 |   526159621 |  17257183521 |         0 |      0 |  1672065892 |       0 |      0 |         0 
 80690 Thread 33 - PartitionProcessorThre...b8-8d84-37d06e694ca9-1-19 |  1313000 |   438000 |   521186851 |  17084348134 |         0 |      0 |  1470492845 |       0 |      0 |         0 
 80691 Thread 34 - PartitionProcessorThre...db8-8d84-37d06e694ca9-0-0 |  1281000 |   469000 |   528014097 |  17075922357 |         0 |      0 |  1230883905 |       0 |      0 |         0 
 80692 Thread 35 - PartitionProcessorThre...db8-8d84-37d06e694ca9-0-1 |  1259000 |   435000 |   510709715 |  16528734466 |         0 |      0 |  1337919076 |       0 |      0 |         0 
 80693 Thread 36 - PartitionProcessorThre...db8-8d84-37d06e694ca9-0-2 |  1294000 |   403000 |   512823113 |  16559031326 |         0 |      0 |  1492437170 |       0 |      0 |         0 
 80694 Thread 37 - PartitionProcessorThre...db8-8d84-37d06e694ca9-0-3 |  1264000 |   391000 |   499050961 |  16148490650 |         0 |      0 |  1500634749 |       0 |      0 |         0 
 80695 Thread 38 - PartitionProcessorThre...db8-8d84-37d06e694ca9-0-4 |  1261000 |   423000 |   507618332 |  16431751986 |         0 |      0 |  1609881618 |       0 |      0 |         0 
 80696 Thread 39 - PartitionProcessorThre...db8-8d84-37d06e694ca9-0-5 |  1272000 |   465000 |   524434808 |  16949019669 |         0 |      0 |  1572755049 |       0 |      0 |         0 
 80697 Thread 40 - PartitionProcessorThre...db8-8d84-37d06e694ca9-0-6 |  1243000 |   432000 |   504925773 |  16343596345 |         0 |      0 |  1456213728 |       0 |      0 |         0 
 80698 Thread 41 - PartitionProcessorThre...db8-8d84-37d06e694ca9-0-7 |  1327000 |   488000 |   548442859 |  17710357247 |         0 |      0 |  1458773866 |       0 |      0 |         0 
 80699 Thread 42 - PartitionProcessorThre...db8-8d84-37d06e694ca9-0-8 |  1306000 |   484000 |   540167413 |  17465633732 |      1024 |      0 |  1470061744 |       0 |      0 |         0 
 80700 Thread 43 - PartitionProcessorThre...db8-8d84-37d06e694ca9-0-9 |  1301000 |   509000 |   545650292 |  17660707997 |         0 |      0 |  1461673802 |       0 |      0 |         0 
 80701 Thread 44 - PartitionProcessorThre...b8-8d84-37d06e694ca9-0-10 |  1202000 |   475000 |   506553562 |  16363919947 |         0 |      0 |  1615356787 |  508311 |      0 |         0 
 80702 Thread 45 - PartitionProcessorThre...b8-8d84-37d06e694ca9-0-11 |  1124000 |   441000 |   472481531 |  15271053880 |         0 |      0 |  1496163494 |       0 |      0 |         0 
 80703 Thread 46 - PartitionProcessorThre...b8-8d84-37d06e694ca9-0-12 |  1262000 |   438000 |   514218871 |  16588294970 |         0 |      0 |  1412718911 |       0 |      0 |         0 
 80704 Thread 47 - PartitionProcessorThre...b8-8d84-37d06e694ca9-0-13 |  1289000 |   456000 |   527325511 |  17027392669 |         0 |      0 |  1486754895 |       0 |      0 |         0 
 80705 Thread 48 - PartitionProcessorThre...b8-8d84-37d06e694ca9-0-14 |  1320000 |   426000 |   527516382 |  17037455673 |         0 |      0 |  1589199618 |       0 |      0 |         0 
 80706 Thread 49 - PartitionProcessorThre...b8-8d84-37d06e694ca9-0-15 |  1276000 |   480000 |   531053949 |  17136547419 |         0 |      0 |  1556943345 |       0 |      0 |         0 
 80707 Thread 50 - PartitionProcessorThre...b8-8d84-37d06e694ca9-0-16 |  1287000 |   417000 |   514027879 |  16627105716 |         0 |      0 |  1274852352 |       0 |      0 |         0 
 80708 Thread 51 - PartitionProcessorThre...b8-8d84-37d06e694ca9-0-17 |  1285000 |   451000 |   523498808 |  16939287720 |         0 |      0 |  1633193646 |       0 |      0 |         0 
 80709 Thread 52 - PartitionProcessorThre...b8-8d84-37d06e694ca9-0-18 |  1296000 |   453000 |   526605421 |  17065345775 |         0 |      0 |  1644363625 |       0 |      0 |         0 
 80710 Thread 53 - PartitionProcessorThre...b8-8d84-37d06e694ca9-0-19 |  1300000 |   489000 |   539196949 |  17456102419 |         0 |      0 |  1460546130 |       0 |      0 |         0 
 80711 Thread 54 - PartitionProcessorThre...db8-8d84-37d06e694ca9-2-0 |  1237000 |   485000 |   520700660 |  16802666501 |         0 |      0 |  1505163658 |       0 |      0 |         0 
 80712 Thread 55 - PartitionProcessorThre...db8-8d84-37d06e694ca9-2-1 |  1271000 |   433000 |   514961468 |  16626923029 |         0 |      0 |  1405635334 |       0 |      0 |         0 
 80713 Thread 56 - PartitionProcessorThre...db8-8d84-37d06e694ca9-2-2 |  1174000 |   473000 |   498399344 |  16070869119 |         0 |      0 |  1468074003 |       0 |      0 |         0 
 80714 Thread 57 - PartitionProcessorThre...db8-8d84-37d06e694ca9-2-3 |  1240000 |   474000 |   517832476 |  16724184099 |         0 |      0 |  1593496889 |       0 |      0 |         0 
 80715 Thread 58 - PartitionProcessorThre...db8-8d84-37d06e694ca9-2-4 |  1221000 |   407000 |   492739797 |  15885527986 |         0 |      0 |  1413188688 |       0 |      0 |         0 
 80716 Thread 59 - PartitionProcessorThre...db8-8d84-37d06e694ca9-2-5 |  1252000 |   467000 |   520258422 |  16774099193 |         0 |      0 |  1622981212 |       0 |      0 |         0 
 80717 Thread 60 - PartitionProcessorThre...db8-8d84-37d06e694ca9-2-6 |  1219000 |   449000 |   504879203 |  16276010419 |         0 |      0 |  1259533829 |       0 |      0 |         0 
 80718 Thread 61 - PartitionProcessorThre...db8-8d84-37d06e694ca9-2-7 |  1214000 |   431000 |   497519140 |  16051233126 |         0 |      0 |  1518799784 |       0 |      0 |         0 
 80719 Thread 62 - PartitionProcessorThre...db8-8d84-37d06e694ca9-2-8 |  1274000 |   447000 |   520313160 |  16792455197 |         0 |      0 |  1461429271 |       0 |      0 |         0 
 80720 Thread 63 - PartitionProcessorThre...db8-8d84-37d06e694ca9-2-9 |  1230000 |   435000 |   503178617 |  16246341646 |         0 |      0 |  1416139195 |       0 |      0 |         0 
 80721 Thread 64 - PartitionProcessorThre...b8-8d84-37d06e694ca9-2-10 |  1242000 |   498000 |   525734890 |  16978407517 |         0 |      0 |  1552770745 | 2129751 |      0 |         0 
 80722 Thread 65 - PartitionProcessorThre...b8-8d84-37d06e694ca9-2-11 |  1263000 |   442000 |   515683683 |  16636674646 |         0 |      0 |  1287662497 |       0 |      0 |         0 
 80723 Thread 66 - PartitionProcessorThre...b8-8d84-37d06e694ca9-2-12 |  1270000 |   461000 |   523746656 |  16891079775 |         0 |      0 |  1513886974 |       0 |      0 |         0 
 80724 Thread 67 - PartitionProcessorThre...b8-8d84-37d06e694ca9-2-13 |  1206000 |   426000 |   494150625 |  15925136216 |         0 |      0 |  1361095271 |       0 |      0 |         0 
 80725 Thread 68 - PartitionProcessorThre...b8-8d84-37d06e694ca9-2-14 |  1239000 |   419000 |   501729480 |  16177741306 |         0 |      0 |  1587519273 |       0 |      0 |         0 
 80726 Thread 69 - PartitionProcessorThre...b8-8d84-37d06e694ca9-2-15 |  1288000 |   415000 |   515422101 |  16617353544 |         0 |      0 |  1415591861 |       0 |      0 |         0 
 80727 Thread 70 - PartitionProcessorThre...b8-8d84-37d06e694ca9-2-16 |  1184000 |   446000 |   493367117 |  15905652763 |         0 |      0 |  1413191803 |       0 |      0 |         0 
 80728 Thread 71 - PartitionProcessorThre...b8-8d84-37d06e694ca9-2-17 |  1251000 |   447000 |   513822840 |  16569264224 |         0 |      0 |  1615507179 |       0 |      0 |         0 
 80729 Thread 72 - PartitionProcessorThre...b8-8d84-37d06e694ca9-2-18 |  1188000 |   439000 |   492611187 |  15875900204 |         0 |      0 |  1415222380 |       0 |      0 |         0 
 80730 Thread 73 - PartitionProcessorThre...b8-8d84-37d06e694ca9-2-19 |  1306000 |   430000 |   525624343 |  16939419657 |         0 |      0 |  1718898485 |       0 |      0 |         0 
 81128 Thread 74 - process reaper                                     |     1000 |     1000 |      645832 |     19570593 |         0 |      0 |      397465 |       0 |      0 |         0 
 81134 Thread 75 - Attach Listener                                    |   361000 |   107000 |   143365096 |   4573375607 |   5304320 | 208896 |     2155825 |       0 |      0 |         0 
