                                 Task                                 |  utime   |  stime   |     rss     |     vmem     |   read    | write  |    d:cpu    |  d:bio  | d:swap | d:reclaim 
 24105 Thread 1 - main                                                |   822000 |   157000 |    64745842 |   7522973908 |  34323456 |   1024 |    11817147 |       0 |      0 |         0 
 24127 Thread 2 - Reference Handler                                   |     8000 |     1000 |      933070 |     72653312 |         0 |      0 |      807960 |  150863 |      0 |         0 
 24128 Thread 3 - Finalizer                                           |     5000 |     1000 |      540523 |     47849257 |     13312 |      0 |      572864 |       0 |      0 |         0 
 24129 Thread 4 - Surrogate Locker Thread (Concurrent GC)             |        0 |     1000 |       26675 |      7227285 |         0 |      0 |       20883 |       0 |      0 |         0 
 24130 Thread 5 - Signal Dispatcher                                   |        0 |        0 |           0 |            0 |         0 |      0 |       28070 |       0 |      0 |         0 
 24141 Thread 12 - RMI Scheduler(0)                                   |     2000 |        0 |      587542 |     19515062 |      4096 |      0 |       95785 |       0 |      0 |         0 
 24142 Thread 13 - RMI RenewClean-[10.231.182.152:33036]              |        0 |        0 |           0 |            0 |      1024 |      0 |           0 |       0 |      0 |         0 
 24143 Thread 14 - GC Daemon                                          |        0 |        0 |           0 |            0 |         0 |      0 |       10103 |       0 |      0 |         0 
 24145 Thread 15 - DecatonSubscriptionThread-decaton-benchmark        | 27293000 | 30307000 | 16737769706 | 561159942638 | 574261248 | 136192 | 19185980446 |  139308 |      0 |         0 
 24146 Thread 16 - kafka-coordinator-hear...hread | decaton-benchmark |   227000 |    43000 |    77642018 |   2627355304 |   5447680 |   5120 |    27456623 |  299288 |      0 |         0 
 24150 Thread 17 - PartitionProcessorThre...5ed-9956-e011163d7d0b-1-0 |  1421000 |   421000 |   535312613 |  17960875664 |     33792 |      0 |  1658414564 |       0 |      0 |         0 
 24151 Thread 18 - PartitionProcessorThre...5ed-9956-e011163d7d0b-1-1 |  1429000 |   414000 |   534855738 |  17970044226 |      3072 |      0 |  1714358762 |       0 |      0 |         0 
 24152 Thread 19 - PartitionProcessorThre...5ed-9956-e011163d7d0b-1-2 |  1459000 |   411000 |   543583102 |  18236793543 |     12288 |      0 |  1640380783 |       0 |      0 |         0 
 24153 Thread 20 - PartitionProcessorThre...5ed-9956-e011163d7d0b-1-3 |  1427000 |   411000 |   535416535 |  17928330027 |         0 |      0 |  1679800412 |       0 |      0 |         0 
 24154 Thread 21 - PartitionProcessorThre...5ed-9956-e011163d7d0b-1-4 |  1465000 |   419000 |   548728152 |  18381488613 |         0 |      0 |  1593312808 |       0 |      0 |         0 
 24155 Thread 22 - PartitionProcessorThre...5ed-9956-e011163d7d0b-1-5 |  1412000 |   443000 |   539821996 |  18095817613 |      4096 |      0 |  1560593775 |       0 |      0 |         0 
 24156 Thread 23 - PartitionProcessorThre...5ed-9956-e011163d7d0b-1-6 |  1354000 |   438000 |   519724621 |  17480847242 |      1024 |      0 |  1694715961 |       0 |      0 |         0 
 24157 Thread 24 - PartitionProcessorThre...5ed-9956-e011163d7d0b-1-7 |  1428000 |   388000 |   527892586 |  17715499672 |         0 |      0 |  1727473987 |       0 |      0 |         0 
 24158 Thread 25 - PartitionProcessorThre...5ed-9956-e011163d7d0b-1-8 |  1407000 |   443000 |   539324422 |  18049322718 |         0 |      0 |  1866811546 |       0 |      0 |         0 
 24159 Thread 26 - PartitionProcessorThre...5ed-9956-e011163d7d0b-1-9 |  1435000 |   416000 |   537409590 |  18058466847 |         0 |      0 |  1737897554 |       0 |      0 |         0 
 24160 Thread 27 - PartitionProcessorThre...ed-9956-e011163d7d0b-1-10 |  1378000 |   463000 |   536758539 |  17964726160 |         0 |      0 |  1624356136 |       0 |      0 |         0 
 24161 Thread 28 - PartitionProcessorThre...ed-9956-e011163d7d0b-1-11 |  1401000 |   425000 |   530987473 |  17817133828 |         0 |      0 |  1549099459 |       0 |      0 |         0 
 24162 Thread 29 - PartitionProcessorThre...ed-9956-e011163d7d0b-1-12 |  1466000 |   437000 |   553432289 |  18568987554 |  10831872 |      0 |  1617024185 |       0 |      0 |         0 
 24163 Thread 30 - PartitionProcessorThre...ed-9956-e011163d7d0b-1-13 |  1391000 |   414000 |   524616590 |  17612022058 |         0 |      0 |  1718567395 |       0 |      0 |         0 
 24164 Thread 31 - PartitionProcessorThre...ed-9956-e011163d7d0b-1-14 |  1308000 |   403000 |   497904887 |  16694871664 |         0 |      0 |  1657337626 |       0 |      0 |         0 
 24165 Thread 32 - PartitionProcessorThre...ed-9956-e011163d7d0b-1-15 |  1446000 |   397000 |   537356555 |  17982646445 |         0 |      0 |  1495011072 |       0 |      0 |         0 
 24166 Thread 33 - PartitionProcessorThre...ed-9956-e011163d7d0b-1-16 |  1525000 |   462000 |   575456801 |  19386259925 |         0 |      0 |  1537629364 |       0 |      0 |         0 
 24167 Thread 34 - PartitionProcessorThre...ed-9956-e011163d7d0b-1-17 |  1452000 |   420000 |   545484641 |  18265905750 |         0 |      0 |  1711764966 |       0 |      0 |         0 
 24168 Thread 35 - PartitionProcessorThre...ed-9956-e011163d7d0b-1-18 |  1402000 |   443000 |   537768860 |  18001974804 |         0 |      0 |  1703656943 |       0 |      0 |         0 
 24169 Thread 36 - PartitionProcessorThre...ed-9956-e011163d7d0b-1-19 |  1395000 |   410000 |   525277278 |  17611398636 |         0 |      0 |  1717038062 |       0 |      0 |         0 
 24170 Thread 37 - PartitionProcessorThre...5ed-9956-e011163d7d0b-2-0 |  1401000 |   464000 |   544966379 |  18199396093 |         0 |      0 |  1583688129 |       0 |      0 |         0 
 24171 Thread 38 - PartitionProcessorThre...5ed-9956-e011163d7d0b-2-1 |  1358000 |   460000 |   531337098 |  17740561340 |         0 |      0 |  1640610951 |       0 |      0 |         0 
 24172 Thread 39 - PartitionProcessorThre...5ed-9956-e011163d7d0b-2-2 |  1441000 |   394000 |   536446942 |  17907149882 |         0 |      0 |  1753497872 |       0 |      0 |         0 
 24173 Thread 40 - PartitionProcessorThre...5ed-9956-e011163d7d0b-2-3 |  1403000 |   435000 |   535890192 |  17935833320 |         0 |      0 |  1617071356 |       0 |      0 |         0 
 24174 Thread 41 - PartitionProcessorThre...5ed-9956-e011163d7d0b-2-4 |  1386000 |   429000 |   529860758 |  17711944754 |         0 |      0 |  1740461908 |       0 |      0 |         0 
 24175 Thread 42 - PartitionProcessorThre...5ed-9956-e011163d7d0b-2-5 |  1325000 |   415000 |   508035438 |  16979547301 |         0 |      0 |  1694215322 |       0 |      0 |         0 
 24176 Thread 43 - PartitionProcessorThre...5ed-9956-e011163d7d0b-2-6 |  1442000 |   401000 |   537675473 |  17984704218 |         0 |      0 |  1735445984 |       0 |      0 |         0 
 24177 Thread 44 - PartitionProcessorThre...5ed-9956-e011163d7d0b-2-7 |  1391000 |   441000 |   535195371 |  17877238449 |         0 |      0 |  1648047818 |       0 |      0 |         0 
 24178 Thread 45 - PartitionProcessorThre...5ed-9956-e011163d7d0b-2-8 |  1424000 |   413000 |   537057477 |  17926294886 |         0 |      0 |  1810073291 |       0 |      0 |         0 
 24179 Thread 46 - PartitionProcessorThre...5ed-9956-e011163d7d0b-2-9 |  1468000 |   457000 |   563433652 |  18785000886 |         0 |      0 |  1704102176 |       0 |      0 |         0 
 24180 Thread 47 - PartitionProcessorThre...ed-9956-e011163d7d0b-2-10 |  1419000 |   443000 |   544332332 |  18170078796 |         0 |      0 |  1765517398 |       0 |      0 |         0 
 24181 Thread 48 - PartitionProcessorThre...ed-9956-e011163d7d0b-2-11 |  1376000 |   423000 |   524894422 |  17555039812 |         0 |      0 |  1577861894 |       0 |      0 |         0 
 24182 Thread 49 - PartitionProcessorThre...ed-9956-e011163d7d0b-2-12 |  1402000 |   436000 |   537584555 |  17936432039 |         0 |      0 |  1450994283 |       0 |      0 |         0 
 24183 Thread 50 - PartitionProcessorThre...ed-9956-e011163d7d0b-2-13 |  1446000 |   406000 |   541274399 |  18072826000 |         0 |      0 |  1596940997 |       0 |      0 |         0 
 24184 Thread 51 - PartitionProcessorThre...ed-9956-e011163d7d0b-2-14 |  1448000 |   447000 |   552130641 |  18492193554 |         0 |      0 |  1407138069 |       0 |      0 |         0 
 24185 Thread 52 - PartitionProcessorThre...ed-9956-e011163d7d0b-2-15 |  1350000 |   392000 |   508292504 |  16998947113 |         0 |      0 |  1710957846 |       0 |      0 |         0 
 24186 Thread 53 - PartitionProcessorThre...ed-9956-e011163d7d0b-2-16 |  1454000 |   417000 |   547383102 |  18258482886 |         0 |      0 |  1889050807 |       0 |      0 |         0 
 24187 Thread 54 - PartitionProcessorThre...ed-9956-e011163d7d0b-2-17 |  1414000 |   443000 |   540748156 |  18121152043 |         0 |      0 |  1435216109 |       0 |      0 |         0 
 24188 Thread 55 - PartitionProcessorThre...ed-9956-e011163d7d0b-2-18 |  1399000 |   380000 |   518358266 |  17359906500 |         0 |      0 |  1560746311 |       0 |      0 |         0 
 24189 Thread 56 - PartitionProcessorThre...ed-9956-e011163d7d0b-2-19 |  1401000 |   408000 |   527386946 |  17653073972 |         0 |      0 |  1689093238 |       0 |      0 |         0 
 24190 Thread 57 - PartitionProcessorThre...5ed-9956-e011163d7d0b-0-0 |  1434000 |   456000 |   548616012 |  18443612449 |         0 |      0 |  1573153720 |       0 |      0 |         0 
 24191 Thread 58 - PartitionProcessorThre...5ed-9956-e011163d7d0b-0-1 |  1373000 |   448000 |   528110192 |  17769745218 |         0 |      0 |  1638458932 |       0 |      0 |         0 
 24192 Thread 59 - PartitionProcessorThre...5ed-9956-e011163d7d0b-0-2 |  1409000 |   404000 |   525460293 |  17691931855 |         0 |      0 |  1813242299 |       0 |      0 |         0 
 24193 Thread 60 - PartitionProcessorThre...5ed-9956-e011163d7d0b-0-3 |  1388000 |   417000 |   524419707 |  17614402980 |         0 |      0 |  1637517444 | 1836598 |      0 |         0 
 24194 Thread 61 - PartitionProcessorThre...5ed-9956-e011163d7d0b-0-4 |  1504000 |   467000 |   572801562 |  19233721425 |         0 |      0 |  1493379368 |       0 |      0 |         0 
 24195 Thread 62 - PartitionProcessorThre...5ed-9956-e011163d7d0b-0-5 |  1477000 |   438000 |   556117699 |  18687332886 |         0 |      0 |  1615829281 |       0 |      0 |         0 
 24196 Thread 63 - PartitionProcessorThre...5ed-9956-e011163d7d0b-0-6 |  1444000 |   405000 |   536594692 |  18043195375 |         0 |      0 |  1735122327 |       0 |      0 |         0 
 24197 Thread 64 - PartitionProcessorThre...5ed-9956-e011163d7d0b-0-7 |  1442000 |   417000 |   541703328 |  18141265414 |         0 |      0 |  1706374071 |       0 |      0 |         0 
 24198 Thread 65 - PartitionProcessorThre...5ed-9956-e011163d7d0b-0-8 |  1427000 |   431000 |   539361121 |  18131055691 |         0 |      0 |  1694785641 |       0 |      0 |         0 
 24199 Thread 66 - PartitionProcessorThre...5ed-9956-e011163d7d0b-0-9 |  1400000 |   443000 |   536942699 |  17985356816 |         0 |      0 |  1893731408 |       0 |      0 |         0 
 24200 Thread 67 - PartitionProcessorThre...ed-9956-e011163d7d0b-0-10 |  1398000 |   439000 |   533830992 |  17926311871 |         0 |      0 |  1790761309 |       0 |      0 |         0 
 24201 Thread 68 - PartitionProcessorThre...ed-9956-e011163d7d0b-0-11 |  1365000 |   425000 |   519277383 |  17467940379 |         0 |      0 |  1509528332 |       0 |      0 |         0 
 24202 Thread 69 - PartitionProcessorThre...ed-9956-e011163d7d0b-0-12 |  1411000 |   423000 |   531746340 |  17897338175 |         0 |      0 |  1596816447 |       0 |      0 |         0 
 24203 Thread 70 - PartitionProcessorThre...ed-9956-e011163d7d0b-0-13 |  1411000 |   456000 |   541627695 |  18219403128 |         0 |      0 |  1695816494 |       0 |      0 |         0 
 24204 Thread 71 - PartitionProcessorThre...ed-9956-e011163d7d0b-0-14 |  1372000 |   428000 |   524319172 |  17565881011 |         0 |      0 |  1688396474 |       0 |      0 |         0 
 24205 Thread 72 - PartitionProcessorThre...ed-9956-e011163d7d0b-0-15 |  1404000 |   405000 |   525491399 |  17653434699 |         0 |      0 |  1660093856 |       0 |      0 |         0 
 24206 Thread 73 - PartitionProcessorThre...ed-9956-e011163d7d0b-0-16 |  1385000 |   468000 |   538526606 |  18082068644 |      1024 |      0 |  1611424062 |       0 |      0 |         0 
 24207 Thread 74 - PartitionProcessorThre...ed-9956-e011163d7d0b-0-17 |  1326000 |   415000 |   504443977 |  16989753922 |         0 |      0 |  1668106931 |       0 |      0 |         0 
 24208 Thread 75 - PartitionProcessorThre...ed-9956-e011163d7d0b-0-18 |  1384000 |   402000 |   519232262 |  17428778125 |         0 |      0 |  1652825161 |       0 |      0 |         0 
 24209 Thread 76 - PartitionProcessorThre...ed-9956-e011163d7d0b-0-19 |  1341000 |   417000 |   511300668 |  17155400480 |         0 |      0 |  1532759525 |       0 |      0 |         0 
 24477 Thread 77 - process reaper                                     |     1000 |     1000 |      616964 |     19580703 |         0 |      0 |       60600 |       0 |      0 |         0 
 24482 Thread 78 - Attach Listener                                    |   438000 |    99000 |   160692897 |   5250073065 |   5144576 | 138240 |     1986220 |       0 |      0 |         0 
