                                 Task                                 |  utime   |  stime   |     rss     |     vmem     |   read    | write  |    d:cpu    | d:bio  | d:swap | d:reclaim 
 22370 Thread 1 - main                                                |  1041000 |   151000 |    80641388 |   8326546522 |  14917632 |   1024 |    14259651 |      0 |      0 |         0 
 22377 Thread 2 - Reference Handler                                   |        0 |     1000 |       80261 |      7240492 |         0 |      0 |      511825 |      0 |      0 |         0 
 22378 Thread 3 - Finalizer                                           |        0 |        0 |           0 |            0 |      5120 |      0 |       26838 |      0 |      0 |         0 
 22379 Thread 4 - Signal Dispatcher                                   |     1000 |        0 |      351808 |      9886957 |         0 |      0 |       22587 |      0 |      0 |         0 
 22385 Thread 11 - Common-Cleaner                                     |        0 |        0 |           0 |            0 |         0 |      0 |     2199590 |      0 |      0 |         0 
 22390 Thread 13 - RMI Scheduler(0)                                   |     1000 |        0 |      352339 |      9886824 |      1024 |      0 |       84117 |      0 |      0 |         0 
 22396 Thread 14 - RMI RenewClean-[10.231.182.152:37370]              |     2000 |     1000 |      246722 |     22050511 |         0 |      0 |           0 |      0 |      0 |         0 
 22397 Thread 15 - RMI GC Daemon                                      |        0 |        0 |           0 |            0 |         0 |      0 |      150940 |      0 |      0 |         0 
 22400 Thread 16 - DecatonSubscriptionThread-decaton-benchmark        | 26373000 | 36219000 | 21568921802 | 617651247862 | 624941056 | 112640 | 14899864269 | 349483 |      0 |         0 
 22403 Thread 17 - kafka-coordinator-hear...hread | decaton-benchmark |   287000 |    35000 |   109398421 |   3165851647 |   5497856 |   6144 |    25260891 | 508375 |      0 |         0 
 22407 Thread 18 - PartitionProcessorThre...d8a-a2ce-41c0e86867b2-1-0 |  1242000 |   401000 |   558859254 |  16209470394 |         0 |      0 |   971187032 |      0 |      0 |         0 
 22408 Thread 19 - PartitionProcessorThre...d8a-a2ce-41c0e86867b2-1-1 |  1266000 |   395000 |   563974200 |  16383721702 |     36864 |      0 |   968549690 |      0 |      0 |         0 
 22409 Thread 20 - PartitionProcessorThre...d8a-a2ce-41c0e86867b2-1-2 |  1258000 |   408000 |   569692571 |  16443252741 |         0 |      0 |  1236929437 |      0 |      0 |         0 
 22410 Thread 21 - PartitionProcessorThre...d8a-a2ce-41c0e86867b2-1-3 |  1204000 |   426000 |   555619165 |  16079183050 |         0 |      0 |   992412359 |      0 |      0 |         0 
 22411 Thread 22 - PartitionProcessorThre...d8a-a2ce-41c0e86867b2-1-4 |  1236000 |   438000 |   569413696 |  16514261636 |         0 |      0 |  1038156505 |      0 |      0 |         0 
 22412 Thread 23 - PartitionProcessorThre...d8a-a2ce-41c0e86867b2-1-5 |  1221000 |   393000 |   550747399 |  15928620343 |         0 |      0 |  1165011127 |      0 |      0 |         0 
 22413 Thread 24 - PartitionProcessorThre...d8a-a2ce-41c0e86867b2-1-6 |  1210000 |   422000 |   557628516 |  16106364757 |         0 |      0 |  1121082431 |      0 |      0 |         0 
 22414 Thread 25 - PartitionProcessorThre...d8a-a2ce-41c0e86867b2-1-7 |  1232000 |   438000 |   568190575 |  16466792558 |         0 |      0 |  1119767557 |      0 |      0 |         0 
 22415 Thread 26 - PartitionProcessorThre...d8a-a2ce-41c0e86867b2-1-8 |  1185000 |   427000 |   547870040 |  15902182589 |         0 |      0 |   842234706 |      0 |      0 |         0 
 22416 Thread 27 - PartitionProcessorThre...d8a-a2ce-41c0e86867b2-1-9 |  1237000 |   448000 |   573724867 |  16623431237 |         0 |      0 |  1131352597 |      0 |      0 |         0 
 22417 Thread 28 - PartitionProcessorThre...8a-a2ce-41c0e86867b2-1-10 |  1313000 |   450000 |   599638992 |  17386328675 |         0 |      0 |  1148202879 |      0 |      0 |         0 
 22418 Thread 29 - PartitionProcessorThre...8a-a2ce-41c0e86867b2-1-11 |  1236000 |   437000 |   571964911 |  16511100917 |         0 |      0 |  1160989595 |      0 |      0 |         0 
 22419 Thread 30 - PartitionProcessorThre...8a-a2ce-41c0e86867b2-1-12 |  1304000 |   442000 |   594722852 |  17225162061 |         0 |      0 |  1153894296 |      0 |      0 |         0 
 22420 Thread 31 - PartitionProcessorThre...8a-a2ce-41c0e86867b2-1-13 |  1191000 |   424000 |   549739797 |  15932536718 |         0 |      0 |  1067803738 |      0 |      0 |         0 
 22421 Thread 32 - PartitionProcessorThre...8a-a2ce-41c0e86867b2-1-14 |  1246000 |   393000 |   557124008 |  16171017085 |      5120 |      0 |  1128814308 |      0 |      0 |         0 
 22422 Thread 33 - PartitionProcessorThre...8a-a2ce-41c0e86867b2-1-15 |  1175000 |   445000 |   551253461 |  15986867116 |         0 |      0 |  1184485290 |      0 |      0 |         0 
 22423 Thread 34 - PartitionProcessorThre...8a-a2ce-41c0e86867b2-1-16 |  1222000 |   466000 |   578844707 |  16661878108 |         0 |      0 |  1132667778 |      0 |      0 |         0 
 22424 Thread 35 - PartitionProcessorThre...8a-a2ce-41c0e86867b2-1-17 |  1239000 |   449000 |   576203379 |  16656067745 |         0 |      0 |  1208743979 |      0 |      0 |         0 
 22425 Thread 36 - PartitionProcessorThre...8a-a2ce-41c0e86867b2-1-18 |  1261000 |   431000 |   577615328 |  16696348784 |         0 |      0 |  1270660630 |      0 |      0 |         0 
 22426 Thread 37 - PartitionProcessorThre...8a-a2ce-41c0e86867b2-1-19 |  1233000 |   446000 |   573879223 |  16571177304 |         0 |      0 |  1211849983 |      0 |      0 |         0 
 22432 Thread 38 - PartitionProcessorThre...d8a-a2ce-41c0e86867b2-0-0 |  1184000 |   425000 |   555926661 |  15913220983 |         0 |      0 |  1223609880 |      0 |      0 |         0 
 22433 Thread 39 - PartitionProcessorThre...d8a-a2ce-41c0e86867b2-0-1 |  1226000 |   399000 |   561341372 |  16071321952 |         0 |      0 |  1157032213 |      0 |      0 |         0 
 22434 Thread 40 - PartitionProcessorThre...d8a-a2ce-41c0e86867b2-0-2 |  1189000 |   440000 |   562777457 |  16111248026 |      1024 |      0 |  1093573237 |      0 |      0 |         0 
 22435 Thread 41 - PartitionProcessorThre...d8a-a2ce-41c0e86867b2-0-3 |  1210000 |   426000 |   562180993 |  16179579585 |      1024 |      0 |  1119176316 |      0 |      0 |         0 
 22436 Thread 42 - PartitionProcessorThre...d8a-a2ce-41c0e86867b2-0-4 |  1214000 |   420000 |   562833883 |  16159600034 |         0 |      0 |  1149997444 |      0 |      0 |         0 
 22437 Thread 43 - PartitionProcessorThre...d8a-a2ce-41c0e86867b2-0-5 |  1238000 |   465000 |   586398145 |  16841921085 |         0 |      0 |  1214981489 |      0 |      0 |         0 
 22438 Thread 44 - PartitionProcessorThre...d8a-a2ce-41c0e86867b2-0-6 |  1208000 |   408000 |   555342989 |  15981482409 |         0 |      0 |  1121167688 |      0 |      0 |         0 
 22439 Thread 45 - PartitionProcessorThre...d8a-a2ce-41c0e86867b2-0-7 |  1232000 |   454000 |   580014434 |  16674183401 |         0 |      0 |  1196397379 |      0 |      0 |         0 
 22440 Thread 46 - PartitionProcessorThre...d8a-a2ce-41c0e86867b2-0-8 |  1273000 |   457000 |   595196450 |  17109370042 |         0 |      0 |  1253784329 |      0 |      0 |         0 
 22441 Thread 47 - PartitionProcessorThre...d8a-a2ce-41c0e86867b2-0-9 |  1278000 |   460000 |   595612215 |  17188394296 |         0 |      0 |  1063443733 |      0 |      0 |         0 
 22442 Thread 48 - PartitionProcessorThre...8a-a2ce-41c0e86867b2-0-10 |  1155000 |   423000 |   544878872 |  15606669538 |         0 |      0 |  1192860280 |      0 |      0 |         0 
 22443 Thread 49 - PartitionProcessorThre...8a-a2ce-41c0e86867b2-0-11 |  1159000 |   465000 |   560870583 |  16061626909 |         0 |      0 |  1116654490 |      0 |      0 |         0 
 22444 Thread 50 - PartitionProcessorThre...8a-a2ce-41c0e86867b2-0-12 |  1330000 |   434000 |   609642102 |  17446239889 |         0 |      0 |  1261043583 |      0 |      0 |         0 
 22445 Thread 51 - PartitionProcessorThre...8a-a2ce-41c0e86867b2-0-13 |  1231000 |   416000 |   568565813 |  16287988827 |         0 |      0 |  1144307412 |      0 |      0 |         0 
 22446 Thread 52 - PartitionProcessorThre...8a-a2ce-41c0e86867b2-0-14 |  1269000 |   399000 |   577331770 |  16496113206 |         0 |      0 |  1268176391 |      0 |      0 |         0 
 22447 Thread 53 - PartitionProcessorThre...8a-a2ce-41c0e86867b2-0-15 |  1213000 |   405000 |   559127309 |  16001254819 |         0 |      0 |  1167399239 |      0 |      0 |         0 
 22448 Thread 54 - PartitionProcessorThre...8a-a2ce-41c0e86867b2-0-16 |  1168000 |   387000 |   537553348 |  15378585300 |         0 |      0 |  1101185668 |      0 |      0 |         0 
 22449 Thread 55 - PartitionProcessorThre...8a-a2ce-41c0e86867b2-0-17 |  1276000 |   455000 |   598701797 |  17118884878 |         0 |      0 |  1184800955 |      0 |      0 |         0 
 22450 Thread 56 - PartitionProcessorThre...8a-a2ce-41c0e86867b2-0-18 |  1236000 |   441000 |   579413551 |  16584961944 |         0 |      0 |  1045836172 |      0 |      0 |         0 
 22451 Thread 57 - PartitionProcessorThre...8a-a2ce-41c0e86867b2-0-19 |  1187000 |   424000 |   555562762 |  15932519691 |         0 |      0 |  1073489857 |      0 |      0 |         0 
 22452 Thread 58 - PartitionProcessorThre...d8a-a2ce-41c0e86867b2-2-0 |  1100000 |   478000 |   547694965 |  15606208116 |         0 |      0 |   974365731 |      0 |      0 |         0 
 22453 Thread 59 - PartitionProcessorThre...d8a-a2ce-41c0e86867b2-2-1 |  1196000 |   415000 |   559859797 |  15933304218 |         0 |      0 |  1026330999 |      0 |      0 |         0 
 22454 Thread 60 - PartitionProcessorThre...d8a-a2ce-41c0e86867b2-2-2 |  1151000 |   435000 |   549134192 |  15685205273 |         0 |      0 |  1045935142 |      0 |      0 |         0 
 22455 Thread 61 - PartitionProcessorThre...d8a-a2ce-41c0e86867b2-2-3 |  1184000 |   447000 |   566107063 |  16130541362 |         0 |      0 |  1039819014 |      0 |      0 |         0 
 22456 Thread 62 - PartitionProcessorThre...d8a-a2ce-41c0e86867b2-2-4 |  1215000 |   421000 |   567407461 |  16180134050 |         0 |      0 |  1112951991 |  11383 |      0 |         0 
 22457 Thread 63 - PartitionProcessorThre...d8a-a2ce-41c0e86867b2-2-5 |  1141000 |   441000 |   550606977 |  15646472859 |         0 |      0 |  1050897266 |      0 |      0 |         0 
 22458 Thread 64 - PartitionProcessorThre...d8a-a2ce-41c0e86867b2-2-6 |  1160000 |   422000 |   550578649 |  15646699714 |         0 |      0 |  1030902769 |      0 |      0 |         0 
 22459 Thread 65 - PartitionProcessorThre...d8a-a2ce-41c0e86867b2-2-7 |  1245000 |   442000 |   584082188 |  16685015597 |         0 |      0 |  1204375499 |      0 |      0 |         0 
 22460 Thread 66 - PartitionProcessorThre...d8a-a2ce-41c0e86867b2-2-8 |  1154000 |   438000 |   551704020 |  15745184015 |         0 |      0 |  1181146394 |      0 |      0 |         0 
 22461 Thread 67 - PartitionProcessorThre...d8a-a2ce-41c0e86867b2-2-9 |  1239000 |   407000 |   571764821 |  16278942175 |         0 |      0 |  1179468237 |      0 |      0 |         0 
 22462 Thread 68 - PartitionProcessorThre...8a-a2ce-41c0e86867b2-2-10 |  1201000 |   439000 |   567303887 |  16220048722 |         0 |      0 |   981853875 |      0 |      0 |         0 
 22463 Thread 69 - PartitionProcessorThre...8a-a2ce-41c0e86867b2-2-11 |  1271000 |   451000 |   598757309 |  17030861878 |         0 |      0 |   947599701 |      0 |      0 |         0 
 22464 Thread 70 - PartitionProcessorThre...8a-a2ce-41c0e86867b2-2-12 |  1192000 |   437000 |   567028098 |  16111293651 |         0 |      0 |  1038694860 |      0 |      0 |         0 
 22465 Thread 71 - PartitionProcessorThre...8a-a2ce-41c0e86867b2-2-13 |  1167000 |   436000 |   557890629 |  15854780702 |         0 |      0 |  1065886341 |      0 |      0 |         0 
 22466 Thread 72 - PartitionProcessorThre...8a-a2ce-41c0e86867b2-2-14 |  1194000 |   460000 |   573444110 |  16358062815 |         0 |      0 |   963192861 |      0 |      0 |         0 
 22467 Thread 73 - PartitionProcessorThre...8a-a2ce-41c0e86867b2-2-15 |  1190000 |   429000 |   562922985 |  16012271827 |         0 |      0 |  1159581311 |      0 |      0 |         0 
 22468 Thread 74 - PartitionProcessorThre...8a-a2ce-41c0e86867b2-2-16 |  1193000 |   430000 |   562884028 |  16051398355 |         0 |      0 |   984560564 |      0 |      0 |         0 
 22469 Thread 75 - PartitionProcessorThre...8a-a2ce-41c0e86867b2-2-17 |  1152000 |   466000 |   561965352 |  16002331608 |         0 |      0 |   980230573 |      0 |      0 |         0 
 22470 Thread 76 - PartitionProcessorThre...8a-a2ce-41c0e86867b2-2-18 |  1070000 |   388000 |   507140239 |  14419902203 |         0 |      0 |  1177513408 |      0 |      0 |         0 
 22471 Thread 77 - PartitionProcessorThre...8a-a2ce-41c0e86867b2-2-19 |  1113000 |   426000 |   534977637 |  15220661273 |         0 |      0 |  1144022670 |      0 |      0 |         0 
 22925 Thread 78 - process reaper                                     |        0 |     3000 |     1109238 |     29749199 |      1024 |      0 |        6903 |      0 |      0 |         0 
 22927 Thread 79 - Attach Listener                                    |   119000 |    90000 |    75010343 |   2071430562 |   4657152 | 164864 |      560225 |      0 |      0 |         0 
