                                 Task                                  |  utime   |  stime   |     rss     |     vmem     |   read    | write  |    d:cpu    |  d:bio  | d:swap | d:reclaim 
 126739 Thread 1 - main                                                |  1004000 |    95000 |    74658622 |   7765988825 |  14848000 |   1024 |     8341570 |  673848 |      0 |         0 
 126746 Thread 2 - Reference Handler                                   |     1000 |     1000 |      172957 |     14750062 |         0 |      0 |     1099698 |       0 |      0 |         0 
 126747 Thread 3 - Finalizer                                           |        0 |        0 |           0 |            0 |      5120 |      0 |      127860 |       0 |      0 |         0 
 126748 Thread 4 - Signal Dispatcher                                   |     1000 |        0 |      289136 |      9886957 |         0 |      0 |       47419 |       0 |      0 |         0 
 126754 Thread 11 - Common-Cleaner                                     |        0 |        0 |           0 |            0 |         0 |      0 |      339385 |       0 |      0 |         0 
 126759 Thread 13 - RMI Scheduler(0)                                   |     2000 |     1000 |      886093 |     29660472 |      1024 |      0 |       99232 |       0 |      0 |         0 
 126765 Thread 14 - RMI RenewClean-[10.231.182.152:37510]              |        0 |     1000 |       84519 |      7437511 |         0 |      0 |      396877 |       0 |      0 |         0 
 126766 Thread 15 - RMI GC Daemon                                      |     1000 |        0 |       82707 |      7437511 |         0 |      0 |           0 |       0 |      0 |         0 
 126770 Thread 16 - DecatonSubscriptionThread-decaton-benchmark        | 23172000 | 31831000 | 15583728631 | 542471592873 | 574268416 | 108544 | 12584065747 |  184469 |      0 |         0 
 126772 Thread 17 - kafka-coordinator-hear...hread | decaton-benchmark |   204000 |    46000 |    69760276 |   2453526249 |   4927488 |   5120 |    17383444 | 1268877 |      0 |         0 
 126776 Thread 18 - PartitionProcessorThre...93e-bc8f-a532023c10a9-1-0 |  1136000 |   362000 |   419173641 |  14761098742 |      4096 |      0 |  1101567072 |       0 |      0 |         0 
 126777 Thread 19 - PartitionProcessorThre...93e-bc8f-a532023c10a9-1-1 |  1053000 |   380000 |   400725063 |  14121609320 |         0 |      0 |  1155817896 |       0 |      0 |         0 
 126778 Thread 20 - PartitionProcessorThre...93e-bc8f-a532023c10a9-1-2 |  1048000 |   349000 |   388940919 |  13763439976 |         0 |      0 |   922708165 |       0 |      0 |         0 
 126779 Thread 21 - PartitionProcessorThre...93e-bc8f-a532023c10a9-1-3 |  1049000 |   387000 |   399297677 |  14141439652 |         0 |      0 |  1345337864 |       0 |      0 |         0 
 126780 Thread 22 - PartitionProcessorThre...93e-bc8f-a532023c10a9-1-4 |  1086000 |   355000 |   400581755 |  14183579121 |     32768 |      0 |  1308781558 |       0 |      0 |         0 
 126781 Thread 23 - PartitionProcessorThre...93e-bc8f-a532023c10a9-1-5 |  1028000 |   388000 |   394196810 |  13944564125 |         0 |      0 |  1359249667 |       0 |      0 |         0 
 126782 Thread 24 - PartitionProcessorThre...93e-bc8f-a532023c10a9-1-6 |  1048000 |   337000 |   385834915 |  13646469019 |         0 |      0 |  1178087030 |       0 |      0 |         0 
 126783 Thread 25 - PartitionProcessorThre...93e-bc8f-a532023c10a9-1-7 |  1100000 |   362000 |   409769470 |  14412725011 |         0 |      0 |  1092064704 |       0 |      0 |         0 
 126784 Thread 26 - PartitionProcessorThre...93e-bc8f-a532023c10a9-1-8 |  1119000 |   356000 |   411822837 |  14538250812 |         0 |      0 |  1119751714 |       0 |      0 |         0 
 126785 Thread 27 - PartitionProcessorThre...93e-bc8f-a532023c10a9-1-9 |  1141000 |   338000 |   414452688 |  14574035027 |         0 |      0 |  1091271453 |       0 |      0 |         0 
 126786 Thread 28 - PartitionProcessorThre...3e-bc8f-a532023c10a9-1-10 |  1032000 |   355000 |   386736189 |  13668887730 |         0 |      0 |  1212773165 |       0 |      0 |         0 
 126787 Thread 29 - PartitionProcessorThre...3e-bc8f-a532023c10a9-1-11 |   977000 |   353000 |   371151474 |  13104863859 |         0 |      0 |  1169992739 |       0 |      0 |         0 
 126788 Thread 30 - PartitionProcessorThre...3e-bc8f-a532023c10a9-1-12 |  1041000 |   333000 |   384761942 |  13541410386 |         0 |      0 |  1171651291 |       0 |      0 |         0 
 126789 Thread 31 - PartitionProcessorThre...3e-bc8f-a532023c10a9-1-13 |  1022000 |   326000 |   377023251 |  13282665680 |     14336 |      0 |  1289282485 |       0 |      0 |         0 
 126790 Thread 32 - PartitionProcessorThre...3e-bc8f-a532023c10a9-1-14 |  1072000 |   316000 |   389596853 |  13681407285 |         0 |      0 |  1182160764 |       0 |      0 |         0 
 126791 Thread 33 - PartitionProcessorThre...3e-bc8f-a532023c10a9-1-15 |   991000 |   371000 |   381457618 |  13421542226 |         0 |      0 |  1256659222 |       0 |      0 |         0 
 126792 Thread 34 - PartitionProcessorThre...3e-bc8f-a532023c10a9-1-16 |  1060000 |   333000 |   388670653 |  13719367648 |         0 |      0 |  1173111254 |       0 |      0 |         0 
 126793 Thread 35 - PartitionProcessorThre...3e-bc8f-a532023c10a9-1-17 |  1002000 |   338000 |   373914896 |  13205445847 |         0 |      0 |  1196546528 |       0 |      0 |         0 
 126794 Thread 36 - PartitionProcessorThre...3e-bc8f-a532023c10a9-1-18 |  1063000 |   337000 |   388852813 |  13788432558 |         0 |      0 |  1150386967 |       0 |      0 |         0 
 126795 Thread 37 - PartitionProcessorThre...3e-bc8f-a532023c10a9-1-19 |  1041000 |   347000 |   389043747 |  13685725531 |         0 |      0 |  1176964617 |       0 |      0 |         0 
 126799 Thread 38 - PartitionProcessorThre...93e-bc8f-a532023c10a9-2-0 |   997000 |   359000 |   384704727 |  13406291570 |         0 |      0 |  1107732072 |       0 |      0 |         0 
 126800 Thread 39 - PartitionProcessorThre...93e-bc8f-a532023c10a9-2-1 |  1053000 |   383000 |   409290024 |  14198240175 |         0 |      0 |   926335313 |       0 |      0 |         0 
 126801 Thread 40 - PartitionProcessorThre...93e-bc8f-a532023c10a9-2-2 |  1082000 |   401000 |   421984266 |  14662023214 |         0 |      0 |  1068613275 |       0 |      0 |         0 
 126802 Thread 41 - PartitionProcessorThre...93e-bc8f-a532023c10a9-2-3 |  1051000 |   358000 |   401021399 |  13930438519 |         0 |      0 |   960133892 |       0 |      0 |         0 
 126803 Thread 42 - PartitionProcessorThre...93e-bc8f-a532023c10a9-2-4 |  1017000 |   354000 |   390340302 |  13555420277 |         0 |      0 |  1042757278 |       0 |      0 |         0 
 126804 Thread 43 - PartitionProcessorThre...93e-bc8f-a532023c10a9-2-5 |  1030000 |   347000 |   392136575 |  13614677476 |         0 |      0 |  1122937940 |       0 |      0 |         0 
 126805 Thread 44 - PartitionProcessorThre...93e-bc8f-a532023c10a9-2-6 |  1052000 |   340000 |   396541489 |  13763270293 |         0 |      0 |  1101202881 |       0 |      0 |         0 
 126806 Thread 45 - PartitionProcessorThre...93e-bc8f-a532023c10a9-2-7 |  1013000 |   349000 |   388207329 |  13466553812 |         0 |      0 |  1075334897 |       0 |      0 |         0 
 126807 Thread 46 - PartitionProcessorThre...93e-bc8f-a532023c10a9-2-8 |  1018000 |   349000 |   386651884 |  13515426375 |      1024 |      0 |  1016395960 |       0 |      0 |         0 
 126808 Thread 47 - PartitionProcessorThre...93e-bc8f-a532023c10a9-2-9 |  1030000 |   333000 |   386763825 |  13476071265 |         0 |      0 |  1104901310 |       0 |      0 |         0 
 126809 Thread 48 - PartitionProcessorThre...3e-bc8f-a532023c10a9-2-10 |  1068000 |   377000 |   410493950 |  14287119628 |         0 |      0 |  1056845247 |       0 |      0 |         0 
 126810 Thread 49 - PartitionProcessorThre...3e-bc8f-a532023c10a9-2-11 |  1011000 |   377000 |   395121341 |  13723310257 |         0 |      0 |  1080504346 |       0 |      0 |         0 
 126811 Thread 50 - PartitionProcessorThre...3e-bc8f-a532023c10a9-2-12 |   903000 |   380000 |   366385860 |  12685731621 |         0 |      0 |   925131668 |       0 |      0 |         0 
 126812 Thread 51 - PartitionProcessorThre...3e-bc8f-a532023c10a9-2-13 |  1033000 |   354000 |   394874364 |  13713675668 |         0 |      0 |   940199270 |       0 |      0 |         0 
 126813 Thread 52 - PartitionProcessorThre...3e-bc8f-a532023c10a9-2-14 |   974000 |   369000 |   383351669 |  13278776000 |         0 |      0 |   916268313 |       0 |      0 |         0 
 126814 Thread 53 - PartitionProcessorThre...3e-bc8f-a532023c10a9-2-15 |  1053000 |   405000 |   415830665 |  14415797421 |         0 |      0 |   945177437 |       0 |      0 |         0 
 126815 Thread 54 - PartitionProcessorThre...3e-bc8f-a532023c10a9-2-16 |  1065000 |   365000 |   406778805 |  14138748996 |         0 |      0 |  1049197054 |       0 |      0 |         0 
 126816 Thread 55 - PartitionProcessorThre...3e-bc8f-a532023c10a9-2-17 |   972000 |   377000 |   384310309 |  13337766090 |         0 |      0 |  1092665497 |       0 |      0 |         0 
 126817 Thread 56 - PartitionProcessorThre...3e-bc8f-a532023c10a9-2-18 |  1089000 |   369000 |   414826817 |  14415700425 |         0 |      0 |  1269502983 |       0 |      0 |         0 
 126818 Thread 57 - PartitionProcessorThre...3e-bc8f-a532023c10a9-2-19 |   989000 |   356000 |   382369880 |  13298379164 |         0 |      0 |   997491826 |       0 |      0 |         0 
 126820 Thread 58 - PartitionProcessorThre...93e-bc8f-a532023c10a9-0-0 |  1049000 |   398000 |   413639059 |  14307782363 |         0 |      0 |  1052867067 |       0 |      0 |         0 
 126821 Thread 59 - PartitionProcessorThre...93e-bc8f-a532023c10a9-0-1 |   943000 |   368000 |   374349204 |  12962543117 |         0 |      0 |  1189415209 |       0 |      0 |         0 
 126822 Thread 60 - PartitionProcessorThre...93e-bc8f-a532023c10a9-0-2 |   980000 |   341000 |   378011970 |  13061592293 |         0 |      0 |   922618986 |       0 |      0 |         0 
 126823 Thread 61 - PartitionProcessorThre...93e-bc8f-a532023c10a9-0-3 |  1021000 |   396000 |   405573212 |  14010568980 |         0 |      0 |  1075495842 |       0 |      0 |         0 
 126824 Thread 62 - PartitionProcessorThre...93e-bc8f-a532023c10a9-0-4 |  1002000 |   378000 |   395071306 |  13645027379 |         0 |      0 |  1027198850 |       0 |      0 |         0 
 126825 Thread 63 - PartitionProcessorThre...93e-bc8f-a532023c10a9-0-5 |   994000 |   377000 |   392348790 |  13556016164 |         0 |      0 |   948548373 |       0 |      0 |         0 
 126826 Thread 64 - PartitionProcessorThre...93e-bc8f-a532023c10a9-0-6 |  1050000 |   366000 |   405003587 |  14001013152 |         0 |      0 |   987959298 |       0 |      0 |         0 
 126827 Thread 65 - PartitionProcessorThre...93e-bc8f-a532023c10a9-0-7 |  1015000 |   342000 |   388173927 |  13417570308 |         0 |      0 |  1135518284 |       0 |      0 |         0 
 126828 Thread 66 - PartitionProcessorThre...93e-bc8f-a532023c10a9-0-8 |  1022000 |   347000 |   391690614 |  13536212203 |         0 |      0 |   956325240 |       0 |      0 |         0 
 126829 Thread 67 - PartitionProcessorThre...93e-bc8f-a532023c10a9-0-9 |   972000 |   360000 |   381422145 |  13170165761 |         0 |      0 |   799513942 |       0 |      0 |         0 
 126830 Thread 68 - PartitionProcessorThre...3e-bc8f-a532023c10a9-0-10 |   982000 |   367000 |   385368024 |  13338471832 |         0 |      0 |  1085228667 |       0 |      0 |         0 
 126831 Thread 69 - PartitionProcessorThre...3e-bc8f-a532023c10a9-0-11 |   998000 |   350000 |   385783052 |  13328735285 |         0 |      0 |  1033698418 |       0 |      0 |         0 
 126832 Thread 70 - PartitionProcessorThre...3e-bc8f-a532023c10a9-0-12 |   977000 |   356000 |   380803817 |  13180256476 |         0 |      0 |  1117134952 |       0 |      0 |         0 
 126833 Thread 71 - PartitionProcessorThre...3e-bc8f-a532023c10a9-0-13 |   989000 |   369000 |   388599329 |  13427581492 |         0 |      0 |  1200620224 |       0 |      0 |         0 
 126834 Thread 72 - PartitionProcessorThre...3e-bc8f-a532023c10a9-0-14 |  1023000 |   339000 |   390065774 |  13466858297 |         0 |      0 |   857378316 |       0 |      0 |         0 
 126835 Thread 73 - PartitionProcessorThre...3e-bc8f-a532023c10a9-0-15 |  1011000 |   368000 |   395940103 |  13635286797 |         0 |      0 |   997107200 |       0 |      0 |         0 
 126836 Thread 74 - PartitionProcessorThre...3e-bc8f-a532023c10a9-0-16 |  1036000 |   377000 |   404438661 |  13971214054 |         0 |      0 |  1108771277 |       0 |      0 |         0 
 126837 Thread 75 - PartitionProcessorThre...3e-bc8f-a532023c10a9-0-17 |   995000 |   373000 |   390696431 |  13526479527 |         0 |      0 |  1116339735 |       0 |      0 |         0 
 126838 Thread 76 - PartitionProcessorThre...3e-bc8f-a532023c10a9-0-18 |  1006000 |   347000 |   387196044 |  13377842683 |         0 |      0 |  1296347123 |       0 |      0 |         0 
 126839 Thread 77 - PartitionProcessorThre...3e-bc8f-a532023c10a9-0-19 |   982000 |   399000 |   394605560 |  13654579718 |         0 |      0 |  1059024266 |       0 |      0 |         0 
 127302 Thread 78 - process reaper                                     |     2000 |        0 |      591644 |     19803835 |      1024 |      0 |           0 |       0 |      0 |         0 
 127304 Thread 79 - Attach Listener                                    |   115000 |    94000 |    62185894 |   2071424925 |   4657152 | 155648 |      622028 |       0 |      0 |         0 
