                                 Task                                 |  utime   |  stime   |     rss     |     vmem     |   read    | write  |    d:cpu    | d:bio  | d:swap | d:reclaim 
 19706 Thread 1 - main                                                |   597000 |    79000 |    40240346 |   5122241115 |  21055488 |   1024 |     4916897 |      0 |      0 |         0 
 19728 Thread 2 - Reference Handler                                   |     5000 |     1000 |      818226 |     48554843 |         0 |      0 |      139931 |      0 |      0 |         0 
 19729 Thread 3 - Finalizer                                           |     7000 |        0 |      606964 |     53528531 |      5120 |      0 |      163668 |      0 |      0 |         0 
 19730 Thread 4 - Surrogate Locker Thread (Concurrent GC)             |        0 |     1000 |       30218 |      7227285 |         0 |      0 |           0 |      0 |      0 |         0 
 19731 Thread 5 - Signal Dispatcher                                   |        0 |        0 |           0 |            0 |         0 |      0 |           0 |      0 |      0 |         0 
 19741 Thread 11 - DecatonSubscriptionThread-decaton-benchmark        | 25644000 | 29158000 | 16447539301 | 533348971740 | 585532416 | 119808 | 18230234034 | 105472 |      0 |         0 
 19742 Thread 13 - kafka-coordinator-hear...hread | decaton-benchmark |   167000 |    57000 |    67321112 |   2182039530 |   6338560 |   4096 |    30873975 | 491565 |      0 |         0 
 19745 Thread 14 - PartitionProcessorThre...9c2-89f0-79d57c34ffc6-2-0 |  1232000 |   401000 |   487797938 |  15917273102 |     76800 |      0 |  1557826663 |      0 |      0 |         0 
 19746 Thread 15 - PartitionProcessorThre...9c2-89f0-79d57c34ffc6-2-1 |  1214000 |   408000 |   484759290 |  15799855172 |      3072 |      0 |  1434149672 |      0 |      0 |         0 
 19747 Thread 16 - PartitionProcessorThre...9c2-89f0-79d57c34ffc6-2-2 |  1294000 |   397000 |   504938110 |  16478369860 |    122880 |      0 |  1429687633 |      0 |      0 |         0 
 19748 Thread 17 - PartitionProcessorThre...9c2-89f0-79d57c34ffc6-2-3 |  1269000 |   454000 |   513233122 |  16801193282 |         0 |      0 |  1525759169 |      0 |      0 |         0 
 19749 Thread 18 - PartitionProcessorThre...9c2-89f0-79d57c34ffc6-2-4 |  1305000 |   394000 |   506910458 |  16566437528 |         0 |      0 |  1349633786 |      0 |      0 |         0 
 19750 Thread 19 - PartitionProcessorThre...9c2-89f0-79d57c34ffc6-2-5 |  1260000 |   407000 |   499130782 |  16256613786 |         0 |      0 |  1414275293 |      0 |      0 |         0 
 19751 Thread 20 - PartitionProcessorThre...9c2-89f0-79d57c34ffc6-2-6 |  1316000 |   417000 |   519608969 |  16901007161 |         0 |      0 |  1563086541 |      0 |      0 |         0 
 19752 Thread 21 - PartitionProcessorThre...9c2-89f0-79d57c34ffc6-2-7 |  1301000 |   437000 |   519148039 |  16953598270 |         0 |      0 |  1399663295 |      0 |      0 |         0 
 19753 Thread 22 - PartitionProcessorThre...9c2-89f0-79d57c34ffc6-2-8 |  1263000 |   413000 |   500847434 |  16348623211 |         0 |      0 |  1512721866 |      0 |      0 |         0 
 19754 Thread 23 - PartitionProcessorThre...9c2-89f0-79d57c34ffc6-2-9 |  1251000 |   395000 |   491724360 |  16056756719 |         0 |      0 |  1442107102 |      0 |      0 |         0 
 19755 Thread 24 - PartitionProcessorThre...c2-89f0-79d57c34ffc6-2-10 |  1175000 |   397000 |   470226677 |  15334574036 |         0 |      0 |  1515121659 |      0 |      0 |         0 
 19756 Thread 25 - PartitionProcessorThre...c2-89f0-79d57c34ffc6-2-11 |  1266000 |   409000 |   500402540 |  16337641930 |         0 |      0 |  1550792000 |      0 |      0 |         0 
 19757 Thread 26 - PartitionProcessorThre...c2-89f0-79d57c34ffc6-2-12 |  1331000 |   391000 |   514729141 |  16797467055 |         0 |      0 |  1669689989 |      0 |      0 |         0 
 19758 Thread 27 - PartitionProcessorThre...c2-89f0-79d57c34ffc6-2-13 |  1189000 |   395000 |   474295145 |  15451602563 |         0 |      0 |  1459758832 |      0 |      0 |         0 
 19759 Thread 28 - PartitionProcessorThre...c2-89f0-79d57c34ffc6-2-14 |  1304000 |   404000 |   513262684 |  16660524497 |         0 |      0 |  1439273691 |      0 |      0 |         0 
 19760 Thread 29 - PartitionProcessorThre...c2-89f0-79d57c34ffc6-2-15 |  1175000 |   422000 |   478313298 |  15577941462 |         0 |      0 |  1485958922 |      0 |      0 |         0 
 19761 Thread 30 - PartitionProcessorThre...c2-89f0-79d57c34ffc6-2-16 |  1231000 |   378000 |   482758985 |  15694529172 |         0 |      0 |  1486231204 |      0 |      0 |         0 
 19762 Thread 31 - PartitionProcessorThre...c2-89f0-79d57c34ffc6-2-17 |  1282000 |   359000 |   491764794 |  16005373926 |         0 |      0 |  1355668922 |      0 |      0 |         0 
 19763 Thread 32 - PartitionProcessorThre...c2-89f0-79d57c34ffc6-2-18 |  1263000 |   421000 |   506528286 |  16427263071 |      3072 |      0 |  1411478743 |      0 |      0 |         0 
 19764 Thread 33 - PartitionProcessorThre...c2-89f0-79d57c34ffc6-2-19 |  1242000 |   459000 |   509668391 |  16590081789 |         0 |      0 |  1500317359 |      0 |      0 |         0 
 19765 Thread 34 - PartitionProcessorThre...9c2-89f0-79d57c34ffc6-1-0 |  1232000 |   409000 |   497025661 |  16008851008 |         0 |      0 |  1345903070 |      0 |      0 |         0 
 19766 Thread 35 - PartitionProcessorThre...9c2-89f0-79d57c34ffc6-1-1 |  1193000 |   365000 |   471951575 |  15199041270 |         0 |      0 |  1500971667 |      0 |      0 |         0 
 19767 Thread 36 - PartitionProcessorThre...9c2-89f0-79d57c34ffc6-1-2 |  1168000 |   387000 |   469742063 |  15169525352 |         0 |      0 |  1444428505 |      0 |      0 |         0 
 19768 Thread 37 - PartitionProcessorThre...9c2-89f0-79d57c34ffc6-1-3 |  1168000 |   369000 |   465002470 |  14993714305 |         0 |      0 |  1512744820 |      0 |      0 |         0 
 19769 Thread 38 - PartitionProcessorThre...9c2-89f0-79d57c34ffc6-1-4 |  1227000 |   431000 |   502536661 |  16174789446 |         0 |      0 |  1471071625 |      0 |      0 |         0 
 19770 Thread 39 - PartitionProcessorThre...9c2-89f0-79d57c34ffc6-1-5 |  1130000 |   427000 |   471264173 |  15189449508 |         0 |      0 |  1422993595 |      0 |      0 |         0 
 19771 Thread 40 - PartitionProcessorThre...9c2-89f0-79d57c34ffc6-1-6 |  1187000 |   431000 |   489240434 |  15784064204 |         0 |      0 |  1414106046 |      0 |      0 |         0 
 19772 Thread 41 - PartitionProcessorThre...9c2-89f0-79d57c34ffc6-1-7 |  1171000 |   358000 |   463135571 |  14916713884 |         0 |      0 |  1558952369 |      0 |      0 |         0 
 19773 Thread 42 - PartitionProcessorThre...9c2-89f0-79d57c34ffc6-1-8 |  1181000 |   403000 |   479359716 |  15452698387 |         0 |      0 |  1353746549 |      0 |      0 |         0 
 19774 Thread 43 - PartitionProcessorThre...9c2-89f0-79d57c34ffc6-1-9 |  1206000 |   423000 |   492733895 |  15891829813 |         0 |      0 |  1268922196 |      0 |      0 |         0 
 19775 Thread 44 - PartitionProcessorThre...c2-89f0-79d57c34ffc6-1-10 |  1169000 |   444000 |   487814973 |  15735581071 |         0 |      0 |  1235009256 |      0 |      0 |         0 
 19776 Thread 45 - PartitionProcessorThre...c2-89f0-79d57c34ffc6-1-11 |  1253000 |   390000 |   496825618 |  16028001786 |         0 |      0 |  1416055016 |      0 |      0 |         0 
 19777 Thread 46 - PartitionProcessorThre...c2-89f0-79d57c34ffc6-1-12 |  1197000 |   427000 |   491109973 |  15842698864 |         0 |      0 |  1410402715 |      0 |      0 |         0 
 19778 Thread 47 - PartitionProcessorThre...c2-89f0-79d57c34ffc6-1-13 |  1198000 |   407000 |   486699786 |  15657669680 |         0 |      0 |  1513026278 |      0 |      0 |         0 
 19779 Thread 48 - PartitionProcessorThre...c2-89f0-79d57c34ffc6-1-14 |  1151000 |   421000 |   475586262 |  15335706348 |  10831872 |      0 |  1421420108 |      0 |      0 |         0 
 19780 Thread 49 - PartitionProcessorThre...c2-89f0-79d57c34ffc6-1-15 |  1141000 |   409000 |   470282091 |  15121284798 |         0 |      0 |  1669820559 |      0 |      0 |         0 
 19781 Thread 50 - PartitionProcessorThre...c2-89f0-79d57c34ffc6-1-16 |  1183000 |   459000 |   496334856 |  16018412422 |         0 |      0 |  1396891738 |      0 |      0 |         0 
 19782 Thread 51 - PartitionProcessorThre...c2-89f0-79d57c34ffc6-1-17 |  1199000 |   387000 |   480115891 |  15472565899 |         0 |      0 |  1217025101 |      0 |      0 |         0 
 19783 Thread 52 - PartitionProcessorThre...c2-89f0-79d57c34ffc6-1-18 |  1205000 |   377000 |   478953876 |  15433165575 |         0 |      0 |  1296591017 |      0 |      0 |         0 
 19784 Thread 53 - PartitionProcessorThre...c2-89f0-79d57c34ffc6-1-19 |  1236000 |   397000 |   494024798 |  15930735055 |         0 |      0 |  1475880106 |      0 |      0 |         0 
 19785 Thread 54 - PartitionProcessorThre...9c2-89f0-79d57c34ffc6-0-0 |  1222000 |   427000 |   499899137 |  16086977024 |         0 |      0 |  1455552156 |      0 |      0 |         0 
 19786 Thread 55 - PartitionProcessorThre...9c2-89f0-79d57c34ffc6-0-1 |  1299000 |   417000 |   519598684 |  16740447039 |         0 |      0 |  1284525719 |      0 |      0 |         0 
 19787 Thread 56 - PartitionProcessorThre...9c2-89f0-79d57c34ffc6-0-2 |  1202000 |   426000 |   493108047 |  15881758012 |      1024 |      0 |  1317133648 |      0 |      0 |         0 
 19788 Thread 57 - PartitionProcessorThre...9c2-89f0-79d57c34ffc6-0-3 |  1231000 |   398000 |   494105036 |  15891939024 |         0 |      0 |  1267252623 |      0 |      0 |         0 
 19789 Thread 58 - PartitionProcessorThre...9c2-89f0-79d57c34ffc6-0-4 |  1236000 |   423000 |   503339922 |  16184519911 |      9216 |      0 |  1223378334 |      0 |      0 |         0 
 19790 Thread 59 - PartitionProcessorThre...9c2-89f0-79d57c34ffc6-0-5 |  1210000 |   379000 |   482023173 |  15501853544 |         0 |      0 |  1339898575 |      0 |      0 |         0 
 19791 Thread 60 - PartitionProcessorThre...9c2-89f0-79d57c34ffc6-0-6 |  1206000 |   423000 |   494588993 |  15891924071 |         0 |      0 |  1388434186 |      0 |      0 |         0 
 19792 Thread 61 - PartitionProcessorThre...9c2-89f0-79d57c34ffc6-0-7 |  1148000 |   422000 |   475674958 |  15316100036 |         0 |      0 |  1303692357 |      0 |      0 |         0 
 19793 Thread 62 - PartitionProcessorThre...9c2-89f0-79d57c34ffc6-0-8 |  1130000 |   411000 |   468347223 |  15033535880 |         0 |      0 |  1309611732 |      0 |      0 |         0 
 19794 Thread 63 - PartitionProcessorThre...9c2-89f0-79d57c34ffc6-0-9 |  1150000 |   379000 |   464138856 |  14916501552 |         0 |      0 |  1433541656 |      0 |      0 |         0 
 19795 Thread 64 - PartitionProcessorThre...c2-89f0-79d57c34ffc6-0-10 |  1113000 |   420000 |   464656751 |  14955243876 |         0 |      0 |  1517363265 |      0 |      0 |         0 
 19796 Thread 65 - PartitionProcessorThre...c2-89f0-79d57c34ffc6-0-11 |  1219000 |   385000 |   486747379 |  15648426071 |         0 |      0 |  1309882945 |      0 |      0 |         0 
 19797 Thread 66 - PartitionProcessorThre...c2-89f0-79d57c34ffc6-0-12 |  1219000 |   404000 |   491774594 |  15833168438 |         0 |      0 |  1421650052 |      0 |      0 |         0 
 19798 Thread 67 - PartitionProcessorThre...c2-89f0-79d57c34ffc6-0-13 |  1176000 |   420000 |   484348477 |  15570393094 |         0 |      0 |  1409362817 |      0 |      0 |         0 
 19799 Thread 68 - PartitionProcessorThre...c2-89f0-79d57c34ffc6-0-14 |  1240000 |   408000 |   499906255 |  16077257622 |         0 |      0 |  1436639047 |      0 |      0 |         0 
 19800 Thread 69 - PartitionProcessorThre...c2-89f0-79d57c34ffc6-0-15 |  1161000 |   431000 |   482760563 |  15531083465 |         0 |      0 |  1382313887 |      0 |      0 |         0 
 19801 Thread 70 - PartitionProcessorThre...c2-89f0-79d57c34ffc6-0-16 |  1154000 |   385000 |   466406954 |  15013833864 |         0 |      0 |  1440948957 |      0 |      0 |         0 
 19802 Thread 71 - PartitionProcessorThre...c2-89f0-79d57c34ffc6-0-17 |  1202000 |   396000 |   484969759 |  15589433200 |         0 |      0 |  1432084479 |      0 |      0 |         0 
 19803 Thread 72 - PartitionProcessorThre...c2-89f0-79d57c34ffc6-0-18 |  1207000 |   370000 |   478080134 |  15384517751 |         0 |      0 |  1387551178 |      0 |      0 |         0 
 19804 Thread 73 - PartitionProcessorThre...c2-89f0-79d57c34ffc6-0-19 |  1152000 |   392000 |   468784907 |  15062704442 |         0 |      0 |  1268190441 |      0 |      0 |         0 
 20047 Thread 74 - process reaper                                     |     1000 |     1000 |      636812 |     19571992 |      2048 |      0 |     3934511 |      0 |      0 |         0 
 20053 Thread 75 - Attach Listener                                    |   373000 |    88000 |   143125725 |   4505000105 |   5304320 | 113664 |     1408818 |      0 |      0 |         0 
