                                 Task                                 |  utime   |  stime   |     rss     |     vmem     |   read    | write  |    d:cpu    |  d:bio  | d:swap | d:reclaim 
 22113 Thread 1 - main                                                |   561000 |    92000 |    41793971 |   4971075209 |  21055488 |   2048 |     5623963 |       0 |      0 |         0 
 22135 Thread 2 - Reference Handler                                   |    12000 |        0 |     1350234 |     94989070 |         0 |      0 |      582803 |       0 |      0 |         0 
 22136 Thread 3 - Finalizer                                           |    11000 |        0 |     1204093 |     86653054 |      5120 |      0 |      316332 |       0 |      0 |         0 
 22137 Thread 4 - Surrogate Locker Thread (Concurrent GC)             |        0 |     1000 |       31226 |      7227285 |         0 |      0 |           0 |       0 |      0 |         0 
 22138 Thread 5 - Signal Dispatcher                                   |        0 |        0 |           0 |            0 |         0 |      0 |        2002 |       0 |      0 |         0 
 22148 Thread 11 - DecatonSubscriptionThread-decaton-benchmark        | 30069000 | 32615000 | 18759893793 | 610413670453 | 636748800 | 140288 | 19802573695 |  135930 |      0 |         0 
 22149 Thread 13 - kafka-coordinator-hear...hread | decaton-benchmark |   210000 |    53000 |    78443546 |   2564076647 |   6391808 |   6144 |    36154392 | 2623902 |      0 |         0 
 22152 Thread 14 - PartitionProcessorThre...482-a10f-2e0794b42103-2-0 |  1277000 |   447000 |   516647950 |  16814960614 |      2048 |      0 |  1352027147 |       0 |      0 |         0 
 22153 Thread 15 - PartitionProcessorThre...482-a10f-2e0794b42103-2-1 |  1319000 |   437000 |   526138653 |  17120152965 |     33792 |      0 |  1524567951 |       0 |      0 |         0 
 22154 Thread 16 - PartitionProcessorThre...482-a10f-2e0794b42103-2-2 |  1340000 |   464000 |   542146333 |  17599258227 |         0 |      0 |  1608554348 |       0 |      0 |         0 
 22155 Thread 17 - PartitionProcessorThre...482-a10f-2e0794b42103-2-3 |  1347000 |   520000 |   558299965 |  18214321117 |         0 |      0 |  1248672483 |       0 |      0 |         0 
 22156 Thread 18 - PartitionProcessorThre...482-a10f-2e0794b42103-2-4 |  1275000 |   472000 |   525013825 |  17042480481 |         0 |      0 |  1544833476 |       0 |      0 |         0 
 22157 Thread 19 - PartitionProcessorThre...482-a10f-2e0794b42103-2-5 |  1252000 |   443000 |   506034825 |  16533235329 |         0 |      0 |  1373283010 |       0 |      0 |         0 
 22158 Thread 20 - PartitionProcessorThre...482-a10f-2e0794b42103-2-6 |  1353000 |   442000 |   534428708 |  17509733645 |      3072 |      0 |  1512827077 |       0 |      0 |         0 
 22159 Thread 21 - PartitionProcessorThre...482-a10f-2e0794b42103-2-7 |  1286000 |   480000 |   527400157 |  17229018325 |         0 |      0 |  1370821784 |       0 |      0 |         0 
 22160 Thread 22 - PartitionProcessorThre...482-a10f-2e0794b42103-2-8 |  1340000 |   469000 |   542474641 |  17651045727 |         0 |      0 |  1517101236 |       0 |      0 |         0 
 22161 Thread 23 - PartitionProcessorThre...482-a10f-2e0794b42103-2-9 |  1322000 |   431000 |   523498735 |  17102846403 |         0 |      0 |  1335250579 |       0 |      0 |         0 
 22162 Thread 24 - PartitionProcessorThre...82-a10f-2e0794b42103-2-10 |  1302000 |   454000 |   524289528 |  17132483188 |         0 |      0 |  1365109854 |       0 |      0 |         0 
 22163 Thread 25 - PartitionProcessorThre...82-a10f-2e0794b42103-2-11 |  1277000 |   438000 |   514243637 |  16733898957 |         0 |      0 |  1446771724 |       0 |      0 |         0 
 22164 Thread 26 - PartitionProcessorThre...82-a10f-2e0794b42103-2-12 |  1303000 |   472000 |   532554805 |  17317819489 |         0 |      0 |  1520508047 |       0 |      0 |         0 
 22165 Thread 27 - PartitionProcessorThre...82-a10f-2e0794b42103-2-13 |  1221000 |   435000 |   496385817 |  16154677778 |    118784 |      0 |  1615211391 |       0 |      0 |         0 
 22167 Thread 28 - PartitionProcessorThre...82-a10f-2e0794b42103-2-14 |  1326000 |   478000 |   541055907 |  17602295059 |         0 |      0 |  1378338898 |       0 |      0 |         0 
 22168 Thread 29 - PartitionProcessorThre...82-a10f-2e0794b42103-2-15 |  1262000 |   479000 |   521558731 |  16985398051 |     43008 |      0 |  1612693285 |       0 |      0 |         0 
 22169 Thread 30 - PartitionProcessorThre...82-a10f-2e0794b42103-2-16 |  1273000 |   420000 |   507407497 |  16518243614 |         0 |      0 |  1397909343 |       0 |      0 |         0 
 22170 Thread 31 - PartitionProcessorThre...82-a10f-2e0794b42103-2-17 |  1291000 |   494000 |   535119243 |  17415168614 |         0 |      0 |  1381956809 |       0 |      0 |         0 
 22171 Thread 32 - PartitionProcessorThre...82-a10f-2e0794b42103-2-18 |  1285000 |   470000 |   525688618 |  17123245821 |      3072 |      0 |  1494366762 |       0 |      0 |         0 
 22172 Thread 33 - PartitionProcessorThre...82-a10f-2e0794b42103-2-19 |  1246000 |   466000 |   513484798 |  16702173235 |         0 |      0 |  1322376897 |       0 |      0 |         0 
 22173 Thread 34 - PartitionProcessorThre...482-a10f-2e0794b42103-1-0 |  1293000 |   451000 |   525955044 |  17017991895 |         0 |      0 |  1385192647 |       0 |      0 |         0 
 22174 Thread 35 - PartitionProcessorThre...482-a10f-2e0794b42103-1-1 |  1238000 |   465000 |   513345012 |  16617906649 |         0 |      0 |  1316634566 |       0 |      0 |         0 
 22175 Thread 36 - PartitionProcessorThre...482-a10f-2e0794b42103-1-2 |  1259000 |   442000 |   513295415 |  16598019153 |         0 |      0 |  1157774054 |       0 |      0 |         0 
 22176 Thread 37 - PartitionProcessorThre...482-a10f-2e0794b42103-1-3 |  1296000 |   487000 |   536311005 |  17397648305 |         0 |      0 |  1323018471 |       0 |      0 |         0 
 22177 Thread 38 - PartitionProcessorThre...482-a10f-2e0794b42103-1-4 |  1283000 |   521000 |   544766333 |  17603643262 |         0 |      0 |  1459706544 |       0 |      0 |         0 
 22178 Thread 39 - PartitionProcessorThre...482-a10f-2e0794b42103-1-5 |  1261000 |   468000 |   519844243 |  16871399438 |         0 |      0 |  1520527616 |       0 |      0 |         0 
 22179 Thread 40 - PartitionProcessorThre...482-a10f-2e0794b42103-1-6 |  1270000 |   430000 |   510228512 |  16588129918 |         0 |      0 |  1355491967 |       0 |      0 |         0 
 22180 Thread 41 - PartitionProcessorThre...482-a10f-2e0794b42103-1-7 |  1284000 |   427000 |   516101243 |  16696162743 |         0 |      0 |  1329538805 |       0 |      0 |         0 
 22181 Thread 42 - PartitionProcessorThre...482-a10f-2e0794b42103-1-8 |  1289000 |   484000 |   534749758 |  17301170110 |         0 |      0 |  1433529698 |       0 |      0 |         0 
 22182 Thread 43 - PartitionProcessorThre...482-a10f-2e0794b42103-1-9 |  1175000 |   468000 |   494591040 |  16032290399 |      1024 |      0 |  1166181178 |       0 |      0 |         0 
 22183 Thread 44 - PartitionProcessorThre...82-a10f-2e0794b42103-1-10 |  1231000 |   437000 |   502269227 |  16276786208 |         0 |      0 |  1470011551 |       0 |      0 |         0 
 22184 Thread 45 - PartitionProcessorThre...82-a10f-2e0794b42103-1-11 |  1168000 |   441000 |   485470931 |  15700733758 |         0 |      0 |  1232719924 |       0 |      0 |         0 
 22185 Thread 46 - PartitionProcessorThre...82-a10f-2e0794b42103-1-12 |  1205000 |   457000 |   499657028 |  16217324489 |         0 |      0 |  1274695525 |       0 |      0 |         0 
 22186 Thread 47 - PartitionProcessorThre...82-a10f-2e0794b42103-1-13 |  1265000 |   472000 |   524133739 |  16950078844 |         0 |      0 |  1501368336 |       0 |      0 |         0 
 22187 Thread 48 - PartitionProcessorThre...82-a10f-2e0794b42103-1-14 |  1246000 |   432000 |   506030212 |  16374258684 |         0 |      0 |  1450872646 |       0 |      0 |         0 
 22188 Thread 49 - PartitionProcessorThre...82-a10f-2e0794b42103-1-15 |  1199000 |   415000 |   486144411 |  15749985622 |         0 |      0 |  1250234461 |       0 |      0 |         0 
 22189 Thread 50 - PartitionProcessorThre...82-a10f-2e0794b42103-1-16 |  1250000 |   424000 |   504433829 |  16335209969 |      1024 |      0 |  1189214653 |       0 |      0 |         0 
 22190 Thread 51 - PartitionProcessorThre...82-a10f-2e0794b42103-1-17 |  1319000 |   462000 |   536715821 |  17379877016 |         0 |      0 |  1289872482 |       0 |      0 |         0 
 22191 Thread 52 - PartitionProcessorThre...82-a10f-2e0794b42103-1-18 |  1294000 |   456000 |   527010860 |  17076806614 |         0 |      0 |  1378715027 |       0 |      0 |         0 
 22192 Thread 53 - PartitionProcessorThre...82-a10f-2e0794b42103-1-19 |  1286000 |   459000 |   525729684 |  17027731883 |         0 |      0 |  1348960509 |       0 |      0 |         0 
 22193 Thread 54 - PartitionProcessorThre...482-a10f-2e0794b42103-0-0 |  1282000 |   447000 |   520473778 |  16871651407 |         0 |      0 |  1275447882 |       0 |      0 |         0 
 22194 Thread 55 - PartitionProcessorThre...482-a10f-2e0794b42103-0-1 |  1223000 |   464000 |   508695763 |  16462238805 |         0 |      0 |  1302590500 |       0 |      0 |         0 
 22195 Thread 56 - PartitionProcessorThre...482-a10f-2e0794b42103-0-2 |  1288000 |   470000 |   529593325 |  17154518844 |         0 |      0 |  1420470564 |       0 |      0 |         0 
 22196 Thread 57 - PartitionProcessorThre...482-a10f-2e0794b42103-0-3 |  1311000 |   467000 |   534617083 |  17349545746 |         0 |      0 |  1422208860 |       0 |      0 |         0 
 22197 Thread 58 - PartitionProcessorThre...482-a10f-2e0794b42103-0-4 |  1206000 |   455000 |   500950145 |  16208358352 |         0 |      0 |  1412695625 |       0 |      0 |         0 
 22198 Thread 59 - PartitionProcessorThre...482-a10f-2e0794b42103-0-5 |  1260000 |   398000 |   497446755 |  16178309645 |         0 |      0 |  1354413899 |       0 |      0 |         0 
 22199 Thread 60 - PartitionProcessorThre...482-a10f-2e0794b42103-0-6 |  1201000 |   463000 |   499732227 |  16236936180 |         0 |      0 |  1266140608 |       0 |      0 |         0 
 22200 Thread 61 - PartitionProcessorThre...482-a10f-2e0794b42103-0-7 |  1333000 |   389000 |   516133423 |  16803463532 |         0 |      0 |  1386274309 |       0 |      0 |         0 
 22201 Thread 62 - PartitionProcessorThre...482-a10f-2e0794b42103-0-8 |  1242000 |   466000 |   513597837 |  16667234879 |         0 |      0 |  1438093589 |       0 |      0 |         0 
 22202 Thread 63 - PartitionProcessorThre...482-a10f-2e0794b42103-0-9 |  1224000 |   409000 |   489948583 |  15934760547 |         0 |      0 |  1393798526 |       0 |      0 |         0 
 22203 Thread 64 - PartitionProcessorThre...82-a10f-2e0794b42103-0-10 |  1235000 |   398000 |   490090474 |  15935297540 |         0 |      0 |  1395747631 |       0 |      0 |         0 
 22204 Thread 65 - PartitionProcessorThre...82-a10f-2e0794b42103-0-11 |  1306000 |   457000 |   530643747 |  17202756453 |         0 |      0 |  1531388531 |       0 |      0 |         0 
 22205 Thread 66 - PartitionProcessorThre...82-a10f-2e0794b42103-0-12 |  1314000 |   428000 |   524381067 |  16998419411 |         0 |      0 |  1351227323 |       0 |      0 |         0 
 22206 Thread 67 - PartitionProcessorThre...82-a10f-2e0794b42103-0-13 |  1320000 |   470000 |   538599219 |  17467189625 |         0 |      0 |  1387587221 |       0 |      0 |         0 
 22207 Thread 68 - PartitionProcessorThre...82-a10f-2e0794b42103-0-14 |  1298000 |   477000 |   535678747 |  17321396203 |         0 |      0 |  1378311328 |       0 |      0 |         0 
 22208 Thread 69 - PartitionProcessorThre...82-a10f-2e0794b42103-0-15 |  1281000 |   480000 |   530012388 |  17183767739 |         0 |      0 |  1586010937 |       0 |      0 |         0 
 22209 Thread 70 - PartitionProcessorThre...82-a10f-2e0794b42103-0-16 |  1232000 |   482000 |   516470634 |  16725675188 |         0 |      0 |  1454284394 |       0 |      0 |         0 
 22210 Thread 71 - PartitionProcessorThre...82-a10f-2e0794b42103-0-17 |  1183000 |   448000 |   490644356 |  15915547754 |         0 |      0 |  1357184049 |       0 |      0 |         0 
 22211 Thread 72 - PartitionProcessorThre...82-a10f-2e0794b42103-0-18 |  1223000 |   465000 |   507413563 |  16471195594 |         0 |      0 |  1482643813 |       0 |      0 |         0 
 22212 Thread 73 - PartitionProcessorThre...82-a10f-2e0794b42103-0-19 |  1232000 |   444000 |   505594091 |  16354865665 |         0 |      0 |  1171088801 |       0 |      0 |         0 
 22689 Thread 74 - process reaper                                     |     2000 |        0 |      617207 |     19541027 |      2048 |      0 |           0 |       0 |      0 |         0 
 22695 Thread 75 - Attach Listener                                    |   375000 |    90000 |   142904561 |   4544153991 |   5304320 | 300032 |     3712805 |       0 |      0 |         0 
