                                 Task                                  |  utime   |  stime   |     rss     |     vmem     |   read    | write  |    d:cpu    |  d:bio  | d:swap | d:reclaim 
 122487 Thread 1 - main                                                |   700000 |   115000 |    50267607 |   6222882241 |  22109184 |   1024 |    18301727 |       0 |      0 |         0 
 122509 Thread 2 - Reference Handler                                   |     8000 |     1000 |     1297492 |     78672832 |         0 |      0 |      143116 |       0 |      0 |         0 
 122510 Thread 3 - Finalizer                                           |     4000 |     1000 |      393261 |     38780179 |     13312 |      0 |      705141 |       0 |      0 |         0 
 122511 Thread 4 - Surrogate Locker Thread (Concurrent GC)             |        0 |     1000 |       26679 |      7227285 |         0 |      0 |      126601 |       0 |      0 |         0 
 122512 Thread 5 - Signal Dispatcher                                   |        0 |        0 |           0 |            0 |         0 |      0 |           0 |       0 |      0 |         0 
 122522 Thread 12 - RMI Scheduler(0)                                   |     2000 |     1000 |      682128 |     27307496 |      4096 |      0 |       34446 |       0 |      0 |         0 
 122523 Thread 13 - RMI RenewClean-[10.231.182.152:46664]              |        0 |     1000 |       82414 |      7893246 |      1024 |      0 |       14781 |       0 |      0 |         0 
 122524 Thread 14 - GC Daemon                                          |        0 |        0 |           0 |            0 |         0 |      0 |       34012 |       0 |      0 |         0 
 122526 Thread 15 - DecatonSubscriptionThread-decaton-benchmark        | 32147000 | 33822000 | 19630172729 | 642712533278 | 635873280 | 133120 | 21109670094 |  170175 |      0 |         0 
 122556 Thread 16 - kafka-coordinator-hear...hread | decaton-benchmark |   219000 |    67000 |    84303600 |   2788491058 |   6936576 |   5120 |    34011506 | 1331527 |      0 |         0 
 122560 Thread 17 - PartitionProcessorThre...f85-a0a9-acd7b7220ca2-2-0 |  1472000 |   447000 |   569796804 |  18727667012 |         0 |      0 |  1707923835 |       0 |      0 |         0 
 122561 Thread 18 - PartitionProcessorThre...f85-a0a9-acd7b7220ca2-2-1 |  1418000 |   526000 |   575058870 |  18949530774 |    159744 |      0 |  1561568849 |       0 |      0 |         0 
 122562 Thread 19 - PartitionProcessorThre...f85-a0a9-acd7b7220ca2-2-2 |  1371000 |   442000 |   539454417 |  17696250450 |      1024 |      0 |  1807512758 |       0 |      0 |         0 
 122563 Thread 20 - PartitionProcessorThre...f85-a0a9-acd7b7220ca2-2-3 |  1337000 |   451000 |   528561937 |  17450198403 |         0 |      0 |  1750356812 |       0 |      0 |         0 
 122564 Thread 21 - PartitionProcessorThre...f85-a0a9-acd7b7220ca2-2-4 |  1399000 |   448000 |   547858433 |  18027847184 |         0 |      0 |  1891110999 |       0 |      0 |         0 
 122565 Thread 22 - PartitionProcessorThre...f85-a0a9-acd7b7220ca2-2-5 |  1384000 |   464000 |   548800745 |  18035878407 |         0 |      0 |  1687934886 |       0 |      0 |         0 
 122566 Thread 23 - PartitionProcessorThre...f85-a0a9-acd7b7220ca2-2-6 |  1416000 |   425000 |   546421605 |  17968230282 |         0 |      0 |  1438531839 |       0 |      0 |         0 
 122567 Thread 24 - PartitionProcessorThre...f85-a0a9-acd7b7220ca2-2-7 |  1345000 |   464000 |   535732351 |  17653983168 |         0 |      0 |  1813574539 |       0 |      0 |         0 
 122568 Thread 25 - PartitionProcessorThre...f85-a0a9-acd7b7220ca2-2-8 |  1370000 |   497000 |   552059737 |  18217941051 |         0 |      0 |  1855764645 |       0 |      0 |         0 
 122569 Thread 26 - PartitionProcessorThre...f85-a0a9-acd7b7220ca2-2-9 |  1407000 |   499000 |   566061577 |  18603564067 |         0 |      0 |  1685085126 |       0 |      0 |         0 
 122570 Thread 27 - PartitionProcessorThre...85-a0a9-acd7b7220ca2-2-10 |  1386000 |   477000 |   551136445 |  18182165270 |         0 |      0 |  1704169877 |       0 |      0 |         0 
 122571 Thread 28 - PartitionProcessorThre...85-a0a9-acd7b7220ca2-2-11 |  1389000 |   476000 |   553227425 |  18202022746 |         0 |      0 |  1755149074 |       0 |      0 |         0 
 122572 Thread 29 - PartitionProcessorThre...85-a0a9-acd7b7220ca2-2-12 |  1403000 |   540000 |   576893085 |  18964627750 |         0 |      0 |  1582718259 |       0 |      0 |         0 
 122573 Thread 30 - PartitionProcessorThre...85-a0a9-acd7b7220ca2-2-13 |  1331000 |   474000 |   534815058 |  17616978719 |         0 |      0 |  1661443324 |       0 |      0 |         0 
 122574 Thread 31 - PartitionProcessorThre...85-a0a9-acd7b7220ca2-2-14 |  1377000 |   449000 |   543273046 |  17822404500 |         0 |      0 |  1784894377 |       0 |      0 |         0 
 122575 Thread 32 - PartitionProcessorThre...85-a0a9-acd7b7220ca2-2-15 |  1371000 |   505000 |   558630191 |  18309512508 |         0 |      0 |  1817632037 |       0 |      0 |         0 
 122576 Thread 33 - PartitionProcessorThre...85-a0a9-acd7b7220ca2-2-16 |  1437000 |   525000 |   582671878 |  19150145539 |         0 |      0 |  1943508139 |       0 |      0 |         0 
 122577 Thread 34 - PartitionProcessorThre...85-a0a9-acd7b7220ca2-2-17 |  1379000 |   419000 |   536176394 |  17549314582 |      3072 |      0 |  1813554832 |       0 |      0 |         0 
 122578 Thread 35 - PartitionProcessorThre...85-a0a9-acd7b7220ca2-2-18 |  1425000 |   498000 |   569956882 |  18767750328 |         0 |      0 |  1812470174 |       0 |      0 |         0 
 122579 Thread 36 - PartitionProcessorThre...85-a0a9-acd7b7220ca2-2-19 |  1366000 |   438000 |   534817464 |  17608488047 |         0 |      0 |  1648863985 |       0 |      0 |         0 
 122580 Thread 37 - PartitionProcessorThre...f85-a0a9-acd7b7220ca2-0-0 |  1408000 |   538000 |   582820991 |  18994173762 |         0 |      0 |  1715030805 |       0 |      0 |         0 
 122581 Thread 38 - PartitionProcessorThre...f85-a0a9-acd7b7220ca2-0-1 |  1382000 |   450000 |   548017195 |  17881587864 |         0 |      0 |  1853773384 |       0 |      0 |         0 
 122582 Thread 39 - PartitionProcessorThre...f85-a0a9-acd7b7220ca2-0-2 |  1383000 |   476000 |   555031249 |  18145105910 |         0 |      0 |  1686025644 |       0 |      0 |         0 
 122583 Thread 40 - PartitionProcessorThre...f85-a0a9-acd7b7220ca2-0-3 |  1467000 |   471000 |   579598569 |  18915512016 |         0 |      0 |  1733103867 |       0 |      0 |         0 
 122584 Thread 41 - PartitionProcessorThre...f85-a0a9-acd7b7220ca2-0-4 |  1373000 |   412000 |   533327882 |  17423174020 |         0 |      0 |  1649031956 |       0 |      0 |         0 
 122585 Thread 42 - PartitionProcessorThre...f85-a0a9-acd7b7220ca2-0-5 |  1392000 |   444000 |   549581538 |  17920954735 |         0 |      0 |  1687248521 |       0 |      0 |         0 
 122586 Thread 43 - PartitionProcessorThre...f85-a0a9-acd7b7220ca2-0-6 |  1408000 |   397000 |   540162652 |  17618801598 |         0 |      0 |  1748992039 |       0 |      0 |         0 
 122587 Thread 44 - PartitionProcessorThre...f85-a0a9-acd7b7220ca2-0-7 |  1304000 |   435000 |   520744304 |  16974495040 |         0 |      0 |  1730258729 |       0 |      0 |         0 
 122588 Thread 45 - PartitionProcessorThre...f85-a0a9-acd7b7220ca2-0-8 |  1439000 |   493000 |   579038327 |  18857839887 |         0 |      0 |  1610561970 |       0 |      0 |         0 
 122589 Thread 46 - PartitionProcessorThre...f85-a0a9-acd7b7220ca2-0-9 |  1390000 |   487000 |   561034155 |  18320236024 |         0 |      0 |  1570192718 |       0 |      0 |         0 
 122590 Thread 47 - PartitionProcessorThre...85-a0a9-acd7b7220ca2-0-10 |  1383000 |   481000 |   558146241 |  18193356918 |         0 |      0 |  1755373797 |       0 |      0 |         0 
 122591 Thread 48 - PartitionProcessorThre...85-a0a9-acd7b7220ca2-0-11 |  1362000 |   467000 |   548357265 |  17852806028 |         0 |      0 |  1641368665 |       0 |      0 |         0 
 122592 Thread 49 - PartitionProcessorThre...85-a0a9-acd7b7220ca2-0-12 |  1326000 |   451000 |   531736023 |  17344594379 |         0 |      0 |  1717804589 |       0 |      0 |         0 
 122593 Thread 50 - PartitionProcessorThre...85-a0a9-acd7b7220ca2-0-13 |  1344000 |   479000 |   544582898 |  17793880512 |         0 |      0 |  1710899561 |       0 |      0 |         0 
 122594 Thread 51 - PartitionProcessorThre...85-a0a9-acd7b7220ca2-0-14 |  1329000 |   434000 |   527356425 |  17208418106 |         0 |      0 |  1617220416 |       0 |      0 |         0 
 122595 Thread 52 - PartitionProcessorThre...85-a0a9-acd7b7220ca2-0-15 |  1432000 |   439000 |   560415503 |  18263027754 |         0 |      0 |  1732991111 |       0 |      0 |         0 
 122596 Thread 53 - PartitionProcessorThre...85-a0a9-acd7b7220ca2-0-16 |  1439000 |   464000 |   568015136 |  18574356449 |         0 |      0 |  1847145962 |       0 |      0 |         0 
 122597 Thread 54 - PartitionProcessorThre...85-a0a9-acd7b7220ca2-0-17 |  1402000 |   442000 |   552289214 |  17999367278 |         0 |      0 |  1720939911 |       0 |      0 |         0 
 122598 Thread 55 - PartitionProcessorThre...85-a0a9-acd7b7220ca2-0-18 |  1409000 |   486000 |   566695706 |  18497261614 |         0 |      0 |  1657823723 |       0 |      0 |         0 
 122599 Thread 56 - PartitionProcessorThre...85-a0a9-acd7b7220ca2-0-19 |  1369000 |   468000 |   548750616 |  17930400059 |         0 |      0 |  1782274921 |       0 |      0 |         0 
 122600 Thread 57 - PartitionProcessorThre...f85-a0a9-acd7b7220ca2-1-0 |  1333000 |   461000 |   537624867 |  17510117231 |         0 |      0 |  1749346657 |       0 |      0 |         0 
 122601 Thread 58 - PartitionProcessorThre...f85-a0a9-acd7b7220ca2-1-1 |  1348000 |   452000 |   539289812 |  17570070098 |         0 |      0 |  1899559463 |       0 |      0 |         0 
 122602 Thread 59 - PartitionProcessorThre...f85-a0a9-acd7b7220ca2-1-2 |  1383000 |   437000 |   544333031 |  17765078020 |         0 |      0 |  1778543795 |       0 |      0 |         0 
 122603 Thread 60 - PartitionProcessorThre...f85-a0a9-acd7b7220ca2-1-3 |  1322000 |   447000 |   530064796 |  17266586528 |         0 |      0 |  1708548146 |       0 |      0 |         0 
 122604 Thread 61 - PartitionProcessorThre...f85-a0a9-acd7b7220ca2-1-4 |  1390000 |   485000 |   562238347 |  18302404313 |         0 |      0 |  1781477793 |       0 |      0 |         0 
 122605 Thread 62 - PartitionProcessorThre...f85-a0a9-acd7b7220ca2-1-5 |  1413000 |   482000 |   568566870 |  18496955528 |         0 |      0 |  1786077293 |       0 |      0 |         0 
 122606 Thread 63 - PartitionProcessorThre...f85-a0a9-acd7b7220ca2-1-6 |  1412000 |   439000 |   554964347 |  18067575766 |         0 |      0 |  1644800310 |       0 |      0 |         0 
 122607 Thread 64 - PartitionProcessorThre...f85-a0a9-acd7b7220ca2-1-7 |  1382000 |   466000 |   553945284 |  18038196875 |         0 |      0 |  1678294977 |       0 |      0 |         0 
 122608 Thread 65 - PartitionProcessorThre...f85-a0a9-acd7b7220ca2-1-8 |  1406000 |   453000 |   556676714 |  18145781332 |         0 |      0 |  1527269688 |       0 |      0 |         0 
 122609 Thread 66 - PartitionProcessorThre...f85-a0a9-acd7b7220ca2-1-9 |  1382000 |   451000 |   548368769 |  17891439325 |         0 |      0 |  1557719541 |       0 |      0 |         0 
 122610 Thread 67 - PartitionProcessorThre...85-a0a9-acd7b7220ca2-1-10 |  1319000 |   466000 |   535233144 |  17422859723 |         0 |      0 |  1723466457 |       0 |      0 |         0 
 122611 Thread 68 - PartitionProcessorThre...85-a0a9-acd7b7220ca2-1-11 |  1351000 |   472000 |   545902019 |  17793645614 |         0 |      0 |  1826043341 |       0 |      0 |         0 
 122612 Thread 69 - PartitionProcessorThre...85-a0a9-acd7b7220ca2-1-12 |  1415000 |   466000 |   563444816 |  18361038848 |         0 |      0 |  1655023079 |       0 |      0 |         0 
 122613 Thread 70 - PartitionProcessorThre...85-a0a9-acd7b7220ca2-1-13 |  1345000 |   445000 |   535972945 |  17471897028 |         0 |      0 |  1895790451 |       0 |      0 |         0 
 122614 Thread 71 - PartitionProcessorThre...85-a0a9-acd7b7220ca2-1-14 |  1446000 |   497000 |   580953222 |  18964980360 |      1024 |      0 |  1435340501 |       0 |      0 |         0 
 122615 Thread 72 - PartitionProcessorThre...85-a0a9-acd7b7220ca2-1-15 |  1393000 |   463000 |   555742827 |  18116483571 |         0 |      0 |  1472767989 |       0 |      0 |         0 
 122616 Thread 73 - PartitionProcessorThre...85-a0a9-acd7b7220ca2-1-16 |  1404000 |   495000 |   568697183 |  18535841614 |         0 |      0 |  1750049853 |       0 |      0 |         0 
 122617 Thread 74 - PartitionProcessorThre...85-a0a9-acd7b7220ca2-1-17 |  1327000 |   440000 |   528395992 |  17246724926 |         0 |      0 |  1666532479 |       0 |      0 |         0 
 122618 Thread 75 - PartitionProcessorThre...85-a0a9-acd7b7220ca2-1-18 |  1308000 |   467000 |   532751952 |  17325502965 |         0 |      0 |  1787639870 |  343295 |      0 |         0 
 122619 Thread 76 - PartitionProcessorThre...85-a0a9-acd7b7220ca2-1-19 |  1389000 |   461000 |   554241515 |  18057535700 |         0 |      0 |  1726593677 |       0 |      0 |         0 
 123047 Thread 77 - process reaper                                     |     3000 |     1000 |     1230164 |     39123167 |         0 |      0 |        1236 |       0 |      0 |         0 
 123053 Thread 78 - Attach Listener                                    |   415000 |   100000 |   157227174 |   5034128124 |   5304320 | 196608 |     4028570 |       0 |      0 |         0 
