                                 Task                                  |  utime   |  stime   |     rss     |     vmem     |   read    | write  |    d:cpu    | d:bio  | d:swap | d:reclaim 
 111985 Thread 1 - main                                                |   635000 |   112000 |    43726092 |   5669451252 |  21196800 |   1024 |     4950729 |      0 |      0 |         0 
 112007 Thread 2 - Reference Handler                                   |     6000 |        0 |      564648 |     46603499 |         0 |      0 |       79249 |      0 |      0 |         0 
 112008 Thread 3 - Finalizer                                           |     6000 |        0 |      564769 |     46603499 |     13312 |      0 |      738369 |      0 |      0 |         0 
 112009 Thread 4 - Surrogate Locker Thread (Concurrent GC)             |        0 |     1000 |       26683 |      7163285 |         0 |      0 |        5420 |      0 |      0 |         0 
 112010 Thread 5 - Signal Dispatcher                                   |        0 |        0 |           0 |            0 |         0 |      0 |           0 |      0 |      0 |         0 
 112020 Thread 11 - DecatonSubscriptionThread-decaton-benchmark        | 31505000 | 34651000 | 19533598001 | 644273166792 | 636704768 | 124928 | 21028370854 | 138075 |      0 |         0 
 112021 Thread 13 - kafka-coordinator-hear...hread | decaton-benchmark |   202000 |    47000 |    72993479 |   2425945956 |   6287360 |   5120 |    26788207 | 307348 |      0 |         0 
 112027 Thread 14 - PartitionProcessorThre...a06-b250-45fb49ae5921-0-0 |  1272000 |   471000 |   512326372 |  16991074868 |     36864 |      0 |  1393540148 |      0 |      0 |         0 
 112028 Thread 15 - PartitionProcessorThre...a06-b250-45fb49ae5921-0-1 |  1317000 |   460000 |   522648852 |  17336203915 |         0 |      0 |  1577961076 |      0 |      0 |         0 
 112029 Thread 16 - PartitionProcessorThre...a06-b250-45fb49ae5921-0-2 |  1386000 |   453000 |   540070594 |  17938953610 |    122880 |      0 |  1621999367 |      0 |      0 |         0 
 112030 Thread 17 - PartitionProcessorThre...a06-b250-45fb49ae5921-0-3 |  1439000 |   533000 |   582891695 |  19240583263 |         0 |      0 |  1632293793 |      0 |      0 |         0 
 112031 Thread 18 - PartitionProcessorThre...a06-b250-45fb49ae5921-0-4 |  1370000 |   477000 |   544787282 |  18020302853 |         0 |      0 |  1605076324 |      0 |      0 |         0 
 112032 Thread 19 - PartitionProcessorThre...a06-b250-45fb49ae5921-0-5 |  1498000 |   437000 |   569680930 |  18877865036 |         0 |      0 |  1343867688 |      0 |      0 |         0 
 112033 Thread 20 - PartitionProcessorThre...a06-b250-45fb49ae5921-0-6 |  1389000 |   472000 |   548443997 |  18154175321 |         0 |      0 |  1644132544 |      0 |      0 |         0 
 112034 Thread 21 - PartitionProcessorThre...a06-b250-45fb49ae5921-0-7 |  1425000 |   456000 |   553405442 |  18350032130 |         0 |      0 |  1630745440 |      0 |      0 |         0 
 112035 Thread 22 - PartitionProcessorThre...a06-b250-45fb49ae5921-0-8 |  1395000 |   452000 |   544537625 |  18020814025 |         0 |      0 |  1542210512 |      0 |      0 |         0 
 112036 Thread 23 - PartitionProcessorThre...a06-b250-45fb49ae5921-0-9 |  1459000 |   521000 |   583769731 |  19319797419 |         0 |      0 |  1593363763 |      0 |      0 |         0 
 112037 Thread 24 - PartitionProcessorThre...06-b250-45fb49ae5921-0-10 |  1314000 |   508000 |   536506797 |  17776163450 |         0 |      0 |  1411928263 |      0 |      0 |         0 
 112038 Thread 25 - PartitionProcessorThre...06-b250-45fb49ae5921-0-11 |  1358000 |   451000 |   533682039 |  17650793650 |         0 |      0 |  1566691725 |      0 |      0 |         0 
 112039 Thread 26 - PartitionProcessorThre...06-b250-45fb49ae5921-0-12 |  1430000 |   519000 |   573459938 |  19016611505 |         0 |      0 |  1557431668 |      0 |      0 |         0 
 112040 Thread 27 - PartitionProcessorThre...06-b250-45fb49ae5921-0-13 |  1378000 |   492000 |   550247535 |  18245458478 |         0 |      0 |  1563828909 |      0 |      0 |         0 
 112041 Thread 28 - PartitionProcessorThre...06-b250-45fb49ae5921-0-14 |  1366000 |   482000 |   545139582 |  18030931735 |         0 |      0 |  1595214566 |      0 |      0 |         0 
 112042 Thread 29 - PartitionProcessorThre...06-b250-45fb49ae5921-0-15 |  1412000 |   468000 |   554905926 |  18344124142 |         0 |      0 |  1555920733 |      0 |      0 |         0 
 112043 Thread 30 - PartitionProcessorThre...06-b250-45fb49ae5921-0-16 |  1428000 |   482000 |   565061762 |  18636907427 |         0 |      0 |  1490782616 |      0 |      0 |         0 
 112044 Thread 31 - PartitionProcessorThre...06-b250-45fb49ae5921-0-17 |  1391000 |   519000 |   562687508 |  18632694630 |     43008 |      0 |  1537420573 |      0 |      0 |         0 
 112045 Thread 32 - PartitionProcessorThre...06-b250-45fb49ae5921-0-18 |  1297000 |   468000 |   519259489 |  17222596802 |         0 |      0 |  1411363433 |      0 |      0 |         0 
 112046 Thread 33 - PartitionProcessorThre...06-b250-45fb49ae5921-0-19 |  1325000 |   431000 |   517239504 |  17131656661 |         0 |      0 |  1671634439 |      0 |      0 |         0 
 112047 Thread 34 - PartitionProcessorThre...a06-b250-45fb49ae5921-2-0 |  1372000 |   485000 |   552248200 |  18120298157 |         0 |      0 |  1661878497 |      0 |      0 |         0 
 112048 Thread 35 - PartitionProcessorThre...a06-b250-45fb49ae5921-2-1 |  1388000 |   485000 |   556990946 |  18275505501 |         0 |      0 |  1488686169 |      0 |      0 |         0 
 112049 Thread 36 - PartitionProcessorThre...a06-b250-45fb49ae5921-2-2 |  1361000 |   461000 |   540745215 |  17778170345 |         0 |      0 |  1493233849 |      0 |      0 |         0 
 112050 Thread 37 - PartitionProcessorThre...a06-b250-45fb49ae5921-2-3 |  1417000 |   468000 |   558527059 |  18392452310 |         0 |      0 |  1437225337 |      0 |      0 |         0 
 112051 Thread 38 - PartitionProcessorThre...a06-b250-45fb49ae5921-2-4 |  1468000 |   472000 |   575436137 |  18930420356 |         0 |      0 |  1496968637 |      0 |      0 |         0 
 112052 Thread 39 - PartitionProcessorThre...a06-b250-45fb49ae5921-2-5 |  1358000 |   475000 |   542977555 |  17885393298 |      1024 |      0 |  1496137722 |      0 |      0 |         0 
 112053 Thread 40 - PartitionProcessorThre...a06-b250-45fb49ae5921-2-6 |  1385000 |   446000 |   543157399 |  17866460318 |         0 |      0 |  1607511705 |      0 |      0 |         0 
 112054 Thread 41 - PartitionProcessorThre...a06-b250-45fb49ae5921-2-7 |  1331000 |   542000 |   555671895 |  18276277247 |         0 |      0 |  1617681474 |      0 |      0 |         0 
 112055 Thread 42 - PartitionProcessorThre...a06-b250-45fb49ae5921-2-8 |  1354000 |   476000 |   542753180 |  17856284876 |      3072 |      0 |  1491856678 |      0 |      0 |         0 
 112056 Thread 43 - PartitionProcessorThre...a06-b250-45fb49ae5921-2-9 |  1347000 |   477000 |   540538141 |  17797891470 |         0 |      0 |  1326027738 |      0 |      0 |         0 
 112057 Thread 44 - PartitionProcessorThre...06-b250-45fb49ae5921-2-10 |  1303000 |   479000 |   529642278 |  17388996060 |         0 |      0 |  1613899738 |      0 |      0 |         0 
 112058 Thread 45 - PartitionProcessorThre...06-b250-45fb49ae5921-2-11 |  1322000 |   544000 |   555065074 |  18208221407 |         0 |      0 |  1720792854 |      0 |      0 |         0 
 112059 Thread 46 - PartitionProcessorThre...06-b250-45fb49ae5921-2-12 |  1361000 |   433000 |   532134926 |  17505675318 |         0 |      0 |  1561134145 |      0 |      0 |         0 
 112060 Thread 47 - PartitionProcessorThre...06-b250-45fb49ae5921-2-13 |  1344000 |   447000 |   531418829 |  17475309181 |         0 |      0 |  1423641629 |      0 |      0 |         0 
 112061 Thread 48 - PartitionProcessorThre...06-b250-45fb49ae5921-2-14 |  1324000 |   454000 |   526641332 |  17349412224 |      1024 |      0 |  1666092752 |      0 |      0 |         0 
 112062 Thread 49 - PartitionProcessorThre...06-b250-45fb49ae5921-2-15 |  1356000 |   468000 |   541424852 |  17797655380 |         0 |      0 |  1643152468 |      0 |      0 |         0 
 112063 Thread 50 - PartitionProcessorThre...06-b250-45fb49ae5921-2-16 |  1323000 |   463000 |   529444032 |  17427236208 |         0 |      0 |  1534507233 |      0 |      0 |         0 
 112064 Thread 51 - PartitionProcessorThre...06-b250-45fb49ae5921-2-17 |  1340000 |   448000 |   530580696 |  17447303064 |         0 |      0 |  1454931024 |      0 |      0 |         0 
 112065 Thread 52 - PartitionProcessorThre...06-b250-45fb49ae5921-2-18 |  1350000 |   465000 |   539482907 |  17710176056 |         0 |      0 |  1526890762 |      0 |      0 |         0 
 112066 Thread 53 - PartitionProcessorThre...06-b250-45fb49ae5921-2-19 |  1350000 |   488000 |   545713856 |  17934744517 |         0 |      0 |  1661882328 |      0 |      0 |         0 
 112067 Thread 54 - PartitionProcessorThre...a06-b250-45fb49ae5921-1-0 |  1354000 |   477000 |   543401512 |  17866122540 |         0 |      0 |  1545076679 |      0 |      0 |         0 
 112068 Thread 55 - PartitionProcessorThre...a06-b250-45fb49ae5921-1-1 |  1346000 |   467000 |   539285262 |  17691197622 |         0 |      0 |  1605417197 |      0 |      0 |         0 
 112069 Thread 56 - PartitionProcessorThre...a06-b250-45fb49ae5921-1-2 |  1384000 |   554000 |   577657004 |  18910715384 |         0 |      0 |  1426679503 |      0 |      0 |         0 
 112070 Thread 57 - PartitionProcessorThre...a06-b250-45fb49ae5921-1-3 |  1386000 |   495000 |   559207977 |  18354120454 |         0 |      0 |  1635625962 |      0 |      0 |         0 
 112071 Thread 58 - PartitionProcessorThre...a06-b250-45fb49ae5921-1-4 |  1318000 |   456000 |   527197860 |  17310197083 |         0 |      0 |  1414958074 | 111604 |      0 |         0 
 112072 Thread 59 - PartitionProcessorThre...a06-b250-45fb49ae5921-1-5 |  1304000 |   432000 |   516835958 |  16939895036 |         0 |      0 |  1665374115 |      0 |      0 |         0 
 112073 Thread 60 - PartitionProcessorThre...a06-b250-45fb49ae5921-1-6 |  1258000 |   471000 |   514477075 |  16871237646 |         0 |      0 |  1320135423 |      0 |      0 |         0 
 112074 Thread 61 - PartitionProcessorThre...a06-b250-45fb49ae5921-1-7 |  1402000 |   464000 |   553807313 |  18207876646 |         0 |      0 |  1521044448 |      0 |      0 |         0 
 112075 Thread 62 - PartitionProcessorThre...a06-b250-45fb49ae5921-1-8 |  1308000 |   431000 |   517363774 |  16969331876 |         0 |      0 |  1506079488 |      0 |      0 |         0 
 112076 Thread 63 - PartitionProcessorThre...a06-b250-45fb49ae5921-1-9 |  1270000 |   513000 |   530291993 |  17397585763 |         0 |      0 |  1487807484 |      0 |      0 |         0 
 112077 Thread 64 - PartitionProcessorThre...06-b250-45fb49ae5921-1-10 |  1430000 |   515000 |   578454274 |  18978616149 |         0 |      0 |  1533009526 |      0 |      0 |         0 
 112078 Thread 65 - PartitionProcessorThre...06-b250-45fb49ae5921-1-11 |  1410000 |   518000 |   572590040 |  18811822321 |         0 |      0 |  1411158894 |      0 |      0 |         0 
 112079 Thread 66 - PartitionProcessorThre...06-b250-45fb49ae5921-1-12 |  1346000 |   485000 |   544368614 |  17866249798 |         0 |      0 |  1563259774 |      0 |      0 |         0 
 112080 Thread 67 - PartitionProcessorThre...06-b250-45fb49ae5921-1-13 |  1383000 |   462000 |   549319829 |  18003533525 |         0 |      0 |  1356821681 |      0 |      0 |         0 
 112081 Thread 68 - PartitionProcessorThre...06-b250-45fb49ae5921-1-14 |  1413000 |   456000 |   555182141 |  18237146157 |         0 |      0 |  1323891868 |      0 |      0 |         0 
 112082 Thread 69 - PartitionProcessorThre...06-b250-45fb49ae5921-1-15 |  1346000 |   456000 |   535860231 |  17583742193 |         0 |      0 |  1313671618 |      0 |      0 |         0 
 112083 Thread 70 - PartitionProcessorThre...06-b250-45fb49ae5921-1-16 |  1391000 |   471000 |   554133239 |  18169691614 |         0 |      0 |  1419635243 |      0 |      0 |         0 
 112084 Thread 71 - PartitionProcessorThre...06-b250-45fb49ae5921-1-17 |  1361000 |   510000 |   556046610 |  18256393442 |         0 |      0 |  1702155719 |      0 |      0 |         0 
 112085 Thread 72 - PartitionProcessorThre...06-b250-45fb49ae5921-1-18 |  1268000 |   477000 |   519144438 |  17027371107 |         0 |      0 |  1664287637 |      0 |      0 |         0 
 112086 Thread 73 - PartitionProcessorThre...06-b250-45fb49ae5921-1-19 |  1405000 |   545000 |   580900133 |  19027669958 |         0 |      0 |  1653680275 |      0 |      0 |         0 
 112419 Thread 74 - process reaper                                     |     2000 |        0 |      609593 |     19540386 |         0 |      0 |       31690 |      0 |      0 |         0 
 112425 Thread 75 - Attach Listener                                    |   376000 |   102000 |   144589288 |   4671149006 |   5304320 | 205824 |     4152972 |      0 |      0 |         0 
