                                 Task                                 |  utime   |  stime   |     rss     |     vmem     |   read    | write  |    d:cpu    | d:bio  | d:swap | d:reclaim 
 98300 Thread 1 - main                                                |   883000 |   157000 |    70287783 |   8011463099 |  34331648 |   1024 |     9302395 |      0 |      0 |         0 
 98322 Thread 2 - Reference Handler                                   |     6000 |     1000 |      739968 |     57819949 |         0 |      0 |     2286285 |      0 |      0 |         0 
 98323 Thread 3 - Finalizer                                           |     7000 |        0 |      850281 |     56473722 |      5120 |      0 |      778418 |      0 |      0 |         0 
 98324 Thread 4 - Surrogate Locker Thread (Concurrent GC)             |     1000 |        0 |      105496 |      7966289 |         0 |      0 |           0 |      0 |      0 |         0 
 98325 Thread 5 - Signal Dispatcher                                   |     1000 |        0 |      308781 |      9757750 |         0 |      0 |       19636 |      0 |      0 |         0 
 98334 Thread 12 - RMI Scheduler(0)                                   |     3000 |        0 |      917382 |     29303792 |      4096 |      0 |      215429 |      0 |      0 |         0 
 98335 Thread 13 - RMI RenewClean-[10.231.182.152:34522]              |     1000 |        0 |       82234 |      7893250 |      1024 |      0 |           0 |      0 |      0 |         0 
 98336 Thread 14 - GC Daemon                                          |        0 |        0 |           0 |            0 |         0 |      0 |       18718 |      0 |      0 |         0 
 98339 Thread 15 - DecatonSubscriptionThread-decaton-benchmark        | 26212000 | 30322000 | 16746231869 | 550729787692 | 573452288 | 148480 | 19642357233 | 251983 |      0 |         0 
 98341 Thread 16 - kafka-coordinator-hear...hread | decaton-benchmark |   282000 |    59000 |   100824819 |   3317483498 |   6320128 |   6144 |    41426480 | 783510 |      0 |         0 
 98344 Thread 17 - PartitionProcessorThre...63e-8396-aac91c15b0dc-1-0 |  1273000 |   411000 |   495260622 |  16412192146 |     34816 |      0 |  1651760184 |      0 |      0 |         0 
 98345 Thread 18 - PartitionProcessorThre...63e-8396-aac91c15b0dc-1-1 |  1391000 |   381000 |   520561915 |  17275097325 |         0 |      0 |  1897438026 |      0 |      0 |         0 
 98346 Thread 19 - PartitionProcessorThre...63e-8396-aac91c15b0dc-1-2 |  1285000 |   426000 |   503259829 |  16682887837 |      2048 |      0 |  1576518123 |      0 |      0 |         0 
 98347 Thread 20 - PartitionProcessorThre...63e-8396-aac91c15b0dc-1-3 |  1277000 |   362000 |   484274587 |  15984221548 |         0 |      0 |  1952975558 |      0 |      0 |         0 
 98348 Thread 21 - PartitionProcessorThre...63e-8396-aac91c15b0dc-1-4 |  1379000 |   454000 |   540909934 |  17876404661 |         0 |      0 |  1813830344 |      0 |      0 |         0 
 98349 Thread 22 - PartitionProcessorThre...63e-8396-aac91c15b0dc-1-5 |  1183000 |   393000 |   465682017 |  15371335638 |         0 |      0 |  1868251243 |      0 |      0 |         0 
 98350 Thread 23 - PartitionProcessorThre...63e-8396-aac91c15b0dc-1-6 |  1355000 |   395000 |   517888399 |  17071029306 |         0 |      0 |  1649176538 |      0 |      0 |         0 
 98351 Thread 24 - PartitionProcessorThre...63e-8396-aac91c15b0dc-1-7 |  1300000 |   397000 |   499481267 |  16545354923 |      5120 |      0 |  2061320468 |      0 |      0 |         0 
 98352 Thread 25 - PartitionProcessorThre...63e-8396-aac91c15b0dc-1-8 |  1302000 |   399000 |   501183169 |  16590505025 |         0 |      0 |  1981009171 |      0 |      0 |         0 
 98353 Thread 26 - PartitionProcessorThre...63e-8396-aac91c15b0dc-1-9 |  1308000 |   435000 |   515414024 |  16999920587 |      1024 |      0 |  2058966341 |      0 |      0 |         0 
 98354 Thread 27 - PartitionProcessorThre...3e-8396-aac91c15b0dc-1-10 |  1362000 |   429000 |   526866528 |  17462024106 |         0 |      0 |  1620535240 |      0 |      0 |         0 
 98355 Thread 28 - PartitionProcessorThre...3e-8396-aac91c15b0dc-1-11 |  1341000 |   394000 |   511421778 |  16920549071 |         0 |      0 |  1911190068 |      0 |      0 |         0 
 98356 Thread 29 - PartitionProcessorThre...3e-8396-aac91c15b0dc-1-12 |  1343000 |   410000 |   517226927 |  17096206173 |         0 |      0 |  1950584903 |      0 |      0 |         0 
 98357 Thread 30 - PartitionProcessorThre...3e-8396-aac91c15b0dc-1-13 |  1345000 |   445000 |   529499415 |  17461411067 |         0 |      0 |  1866654109 |      0 |      0 |         0 
 98358 Thread 31 - PartitionProcessorThre...3e-8396-aac91c15b0dc-1-14 |  1320000 |   424000 |   512671727 |  17006999118 |         0 |      0 |  1986882254 |      0 |      0 |         0 
 98359 Thread 32 - PartitionProcessorThre...3e-8396-aac91c15b0dc-1-15 |  1327000 |   412000 |   512728063 |  16961367841 |         0 |      0 |  2074395772 |      0 |      0 |         0 
 98360 Thread 33 - PartitionProcessorThre...3e-8396-aac91c15b0dc-1-16 |  1255000 |   385000 |   481447017 |  15991108837 |         0 |      0 |  1652126981 |      0 |      0 |         0 
 98361 Thread 34 - PartitionProcessorThre...3e-8396-aac91c15b0dc-1-17 |  1312000 |   439000 |   518180462 |  17079058392 |         0 |      0 |  1818450449 |      0 |      0 |         0 
 98362 Thread 35 - PartitionProcessorThre...3e-8396-aac91c15b0dc-1-18 |  1322000 |   410000 |   511198618 |  16894121146 |         0 |      0 |  1947289602 |      0 |      0 |         0 
 98363 Thread 36 - PartitionProcessorThre...3e-8396-aac91c15b0dc-1-19 |  1293000 |   453000 |   515697345 |  17030788950 |         0 |      0 |  1994276724 |      0 |      0 |         0 
 98364 Thread 37 - PartitionProcessorThre...63e-8396-aac91c15b0dc-0-0 |  1373000 |   368000 |   514877177 |  16988587384 |         0 |      0 |  1720941493 |      0 |      0 |         0 
 98365 Thread 38 - PartitionProcessorThre...63e-8396-aac91c15b0dc-0-1 |  1274000 |   393000 |   493717059 |  16266623032 |         0 |      0 |  1622114439 |      0 |      0 |         0 
 98366 Thread 39 - PartitionProcessorThre...63e-8396-aac91c15b0dc-0-2 |  1294000 |   424000 |   508827149 |  16764228759 |         0 |      0 |  1684467477 |      0 |      0 |         0 
 98367 Thread 40 - PartitionProcessorThre...63e-8396-aac91c15b0dc-0-3 |  1303000 |   398000 |   504181770 |  16598677282 |         0 |      0 |  1640251074 |      0 |      0 |         0 
 98368 Thread 41 - PartitionProcessorThre...63e-8396-aac91c15b0dc-0-4 |  1260000 |   409000 |   495005563 |  16286507939 |         0 |      0 |  1545403913 |      0 |      0 |         0 
 98369 Thread 42 - PartitionProcessorThre...63e-8396-aac91c15b0dc-0-5 |  1279000 |   414000 |   502994106 |  16520667888 |         0 |      0 |  1604515090 |      0 |      0 |         0 
 98370 Thread 43 - PartitionProcessorThre...63e-8396-aac91c15b0dc-0-6 |  1345000 |   425000 |   525948548 |  17272081528 |         0 |      0 |  1796727331 |      0 |      0 |         0 
 98371 Thread 44 - PartitionProcessorThre...63e-8396-aac91c15b0dc-0-7 |  1270000 |   402000 |   496759524 |  16316442755 |         0 |      0 |  1851809567 |      0 |      0 |         0 
 98372 Thread 45 - PartitionProcessorThre...63e-8396-aac91c15b0dc-0-8 |  1291000 |   390000 |   499263993 |  16403965411 |         0 |      0 |  1989529351 |      0 |      0 |         0 
 98373 Thread 46 - PartitionProcessorThre...63e-8396-aac91c15b0dc-0-9 |  1310000 |   405000 |   508710653 |  16735816376 |  10831872 |      0 |  1860635623 |      0 |      0 |         0 
 98374 Thread 47 - PartitionProcessorThre...3e-8396-aac91c15b0dc-0-10 |  1290000 |   434000 |   510430731 |  16823205626 |         0 |      0 |  1737437690 |      0 |      0 |         0 
 98375 Thread 48 - PartitionProcessorThre...3e-8396-aac91c15b0dc-0-11 |  1283000 |   391000 |   493024419 |  16335017923 |         0 |      0 |  1670768258 |      0 |      0 |         0 
 98376 Thread 49 - PartitionProcessorThre...3e-8396-aac91c15b0dc-0-12 |  1230000 |   438000 |   494305481 |  16276752372 |      1024 |      0 |  1647401841 |      0 |      0 |         0 
 98377 Thread 50 - PartitionProcessorThre...3e-8396-aac91c15b0dc-0-13 |  1225000 |   422000 |   488569353 |  16071694357 |         0 |      0 |  1852732151 |      0 |      0 |         0 
 98378 Thread 51 - PartitionProcessorThre...3e-8396-aac91c15b0dc-0-14 |  1230000 |   394000 |   479862935 |  15847550615 |         0 |      0 |  1675086309 |      0 |      0 |         0 
 98379 Thread 52 - PartitionProcessorThre...3e-8396-aac91c15b0dc-0-15 |  1286000 |   433000 |   508819567 |  16773993321 |         0 |      0 |  1712366949 |      0 |      0 |         0 
 98380 Thread 53 - PartitionProcessorThre...3e-8396-aac91c15b0dc-0-16 |  1233000 |   418000 |   487764880 |  16110851892 |      1024 |      0 |  1828389982 |      0 |      0 |         0 
 98381 Thread 54 - PartitionProcessorThre...3e-8396-aac91c15b0dc-0-17 |  1194000 |   366000 |   460741626 |  15222820416 |         0 |      0 |  1739106475 |      0 |      0 |         0 
 98382 Thread 55 - PartitionProcessorThre...3e-8396-aac91c15b0dc-0-18 |  1308000 |   437000 |   516140169 |  17027831431 |         0 |      0 |  1629812886 |      0 |      0 |         0 
 98383 Thread 56 - PartitionProcessorThre...3e-8396-aac91c15b0dc-0-19 |  1254000 |   418000 |   495552216 |  16316239697 |         0 |      0 |  1787424076 |      0 |      0 |         0 
 98385 Thread 57 - PartitionProcessorThre...63e-8396-aac91c15b0dc-2-0 |  1228000 |   424000 |   491962606 |  16121185111 |         0 |      0 |  1718544797 |      0 |      0 |         0 
 98386 Thread 58 - PartitionProcessorThre...63e-8396-aac91c15b0dc-2-1 |  1340000 |   379000 |   511857266 |  16774953587 |         0 |      0 |  1592088750 |      0 |      0 |         0 
 98387 Thread 59 - PartitionProcessorThre...63e-8396-aac91c15b0dc-2-2 |  1340000 |   398000 |   517421610 |  16960703946 |         0 |      0 |  1600662098 |      0 |      0 |         0 
 98388 Thread 60 - PartitionProcessorThre...63e-8396-aac91c15b0dc-2-3 |  1335000 |   417000 |   521811036 |  17096833169 |         0 |      0 |  1910006697 |      0 |      0 |         0 
 98389 Thread 61 - PartitionProcessorThre...63e-8396-aac91c15b0dc-2-4 |  1268000 |   432000 |   507089438 |  16589157782 |         0 |      0 |  1632667643 |      0 |      0 |         0 
 98390 Thread 62 - PartitionProcessorThre...63e-8396-aac91c15b0dc-2-5 |  1303000 |   438000 |   519429141 |  16989201380 |         0 |      0 |  1687466715 |      0 |      0 |         0 
 98391 Thread 63 - PartitionProcessorThre...63e-8396-aac91c15b0dc-2-6 |  1293000 |   403000 |   503781481 |  16550257716 |         0 |      0 |  1543309673 |      0 |      0 |         0 
 98392 Thread 64 - PartitionProcessorThre...63e-8396-aac91c15b0dc-2-7 |  1312000 |   382000 |   503994017 |  16530773872 |         0 |      0 |  1804908779 |      0 |      0 |         0 
 98393 Thread 65 - PartitionProcessorThre...63e-8396-aac91c15b0dc-2-8 |  1288000 |   383000 |   497197263 |  16306455310 |         0 |      0 |  1810764452 |      0 |      0 |         0 
 98394 Thread 66 - PartitionProcessorThre...63e-8396-aac91c15b0dc-2-9 |  1242000 |   421000 |   495872224 |  16228227853 |         0 |      0 |  1770950584 |      0 |      0 |         0 
 98395 Thread 67 - PartitionProcessorThre...3e-8396-aac91c15b0dc-2-10 |  1254000 |   410000 |   495852669 |  16238016591 |         0 |      0 |  1617694109 |      0 |      0 |         0 
 98396 Thread 68 - PartitionProcessorThre...3e-8396-aac91c15b0dc-2-11 |  1302000 |   398000 |   506742013 |  16589665118 |         0 |      0 |  1701055806 |      0 |      0 |         0 
 98397 Thread 69 - PartitionProcessorThre...3e-8396-aac91c15b0dc-2-12 |  1313000 |   381000 |   505992731 |  16531030337 |         0 |      0 |  1670602434 |      0 |      0 |         0 
 98398 Thread 70 - PartitionProcessorThre...3e-8396-aac91c15b0dc-2-13 |  1275000 |   468000 |   519601595 |  17008801841 |         0 |      0 |  1896755455 |      0 |      0 |         0 
 98399 Thread 71 - PartitionProcessorThre...3e-8396-aac91c15b0dc-2-14 |  1271000 |   421000 |   504153024 |  16511234384 |         0 |      0 |  1755881359 |      0 |      0 |         0 
 98400 Thread 72 - PartitionProcessorThre...3e-8396-aac91c15b0dc-2-15 |  1354000 |   424000 |   529748864 |  17350539868 |         0 |      0 |  2145073860 |      0 |      0 |         0 
 98401 Thread 73 - PartitionProcessorThre...3e-8396-aac91c15b0dc-2-16 |  1256000 |   416000 |   498253204 |  16316054704 |         0 |      0 |  1670129499 |      0 |      0 |         0 
 98402 Thread 74 - PartitionProcessorThre...3e-8396-aac91c15b0dc-2-17 |  1340000 |   430000 |   528398345 |  17272446360 |         0 |      0 |  1652868657 |      0 |      0 |         0 
 98403 Thread 75 - PartitionProcessorThre...3e-8396-aac91c15b0dc-2-18 |  1264000 |   391000 |   494947606 |  16150361927 |         0 |      0 |  1841839358 |      0 |      0 |         0 
 98404 Thread 76 - PartitionProcessorThre...3e-8396-aac91c15b0dc-2-19 |  1267000 |   389000 |   493583208 |  16159588868 |         0 |      0 |  1881294300 |      0 |      0 |         0 
 98833 Thread 77 - process reaper                                     |     2000 |        0 |      645343 |     19576695 |         0 |      0 |        1568 |      0 |      0 |         0 
 98838 Thread 78 - Attach Listener                                    |   433000 |    99000 |   165458792 |   5200265616 |   5144576 | 163840 |     2979298 |      0 |      0 |         0 
