                                 Task                                  |  utime   |  stime   |     rss     |     vmem     |   read    | write  |    d:cpu    | d:bio  | d:swap | d:reclaim 
 122051 Thread 1 - main                                                |   936000 |   149000 |    75680970 |   8363733568 |  34516992 |   1024 |    15745146 |      0 |      0 |         0 
 122073 Thread 2 - Reference Handler                                   |     8000 |     1000 |      973765 |     75275175 |         0 |      0 |      847886 |      0 |      0 |         0 
 122074 Thread 3 - Finalizer                                           |     9000 |        0 |      951214 |     75060988 |      5120 |      0 |     2765827 |      0 |      0 |         0 
 122075 Thread 4 - Surrogate Locker Thread (Concurrent GC)             |        0 |        0 |           0 |            0 |         0 |      0 |        4482 |      0 |      0 |         0 
 122076 Thread 5 - Signal Dispatcher                                   |        0 |        0 |           0 |            0 |         0 |      0 |       16252 |      0 |      0 |         0 
 122087 Thread 12 - RMI Scheduler(0)                                   |     2000 |        0 |      377109 |     17523417 |      2048 |      0 |      263651 |      0 |      0 |         0 
 122088 Thread 13 - RMI RenewClean-[10.231.182.152:40129]              |     1000 |        0 |       82902 |      7828570 |      1024 |      0 |           0 |      0 |      0 |         0 
 122089 Thread 14 - GC Daemon                                          |     1000 |        0 |       83089 |      7893574 |         0 |      0 |           0 |      0 |      0 |         0 
 122091 Thread 15 - DecatonSubscriptionThread-decaton-benchmark        | 28694000 | 37856000 | 19289953222 | 648451912244 | 572298240 | 115712 | 19777785869 | 239365 |      0 |         0 
 122092 Thread 16 - kafka-coordinator-hear...hread | decaton-benchmark |   324000 |    66000 |   112804792 |   3803036151 |   7797760 |   6144 |    27368599 | 279330 |      0 |         0 
 122096 Thread 17 - PartitionProcessorThre...b2a-a78d-943fa03252f2-1-0 |  1408000 |   466000 |   544393679 |  18271819866 |     34816 |      0 |  1679957365 |      0 |      0 |         0 
 122097 Thread 18 - PartitionProcessorThre...b2a-a78d-943fa03252f2-1-1 |  1400000 |   468000 |   543482179 |  18224080585 |         0 |      0 |  1770789015 |      0 |      0 |         0 
 122098 Thread 19 - PartitionProcessorThre...b2a-a78d-943fa03252f2-1-2 |  1417000 |   489000 |   553838453 |  18593630401 |      4096 |      0 |  1506529628 |      0 |      0 |         0 
 122099 Thread 20 - PartitionProcessorThre...b2a-a78d-943fa03252f2-1-3 |  1418000 |   422000 |   535349945 |  17952205448 |         0 |      0 |  1794003510 |      0 |      0 |         0 
 122100 Thread 21 - PartitionProcessorThre...b2a-a78d-943fa03252f2-1-4 |  1375000 |   459000 |   532111422 |  17888174214 |         0 |      0 |  1674631262 |      0 |      0 |         0 
 122101 Thread 22 - PartitionProcessorThre...b2a-a78d-943fa03252f2-1-5 |  1421000 |   454000 |   544481922 |  18288606069 |      3072 |      0 |  1515458356 |      0 |      0 |         0 
 122102 Thread 23 - PartitionProcessorThre...b2a-a78d-943fa03252f2-1-6 |  1389000 |   477000 |   543149265 |  18209494331 |         0 |      0 |  1685223419 |      0 |      0 |         0 
 122103 Thread 24 - PartitionProcessorThre...b2a-a78d-943fa03252f2-1-7 |  1378000 |   470000 |   536524668 |  18033334261 |         0 |      0 |  1789541458 |      0 |      0 |         0 
 122104 Thread 25 - PartitionProcessorThre...b2a-a78d-943fa03252f2-1-8 |  1411000 |   431000 |   535822589 |  17976430561 |         0 |      0 |  1384941521 |      0 |      0 |         0 
 122105 Thread 26 - PartitionProcessorThre...b2a-a78d-943fa03252f2-1-9 |  1403000 |   458000 |   539954593 |  18160367077 |         0 |      0 |  1540234536 |      0 |      0 |         0 
 122106 Thread 27 - PartitionProcessorThre...2a-a78d-943fa03252f2-1-10 |  1470000 |   444000 |   556484652 |  18677685678 |         0 |      0 |  1600660954 |      0 |      0 |         0 
 122107 Thread 28 - PartitionProcessorThre...2a-a78d-943fa03252f2-1-11 |  1375000 |   413000 |   520334234 |  17450540933 |         0 |      0 |  1564603106 |      0 |      0 |         0 
 122108 Thread 29 - PartitionProcessorThre...2a-a78d-943fa03252f2-1-12 |  1393000 |   467000 |   540836847 |  18151147015 |         0 |      0 |  1554833718 |      0 |      0 |         0 
 122109 Thread 30 - PartitionProcessorThre...2a-a78d-943fa03252f2-1-13 |  1396000 |   428000 |   530264687 |  17799584386 |         0 |      0 |  1567021522 |      0 |      0 |         0 
 122110 Thread 31 - PartitionProcessorThre...2a-a78d-943fa03252f2-1-14 |  1433000 |   486000 |   559527289 |  18725594374 |         0 |      0 |  1540863166 |      0 |      0 |         0 
 122111 Thread 32 - PartitionProcessorThre...2a-a78d-943fa03252f2-1-15 |  1403000 |   436000 |   534599359 |  17944179311 |         0 |      0 |  1564974382 |      0 |      0 |         0 
 122112 Thread 33 - PartitionProcessorThre...2a-a78d-943fa03252f2-1-16 |  1343000 |   444000 |   521035125 |  17439014722 |         0 |      0 |  1374879643 |      0 |      0 |         0 
 122113 Thread 34 - PartitionProcessorThre...2a-a78d-943fa03252f2-1-17 |  1416000 |   439000 |   539968840 |  18102913429 |         0 |      0 |  1630362719 |      0 |      0 |         0 
 122114 Thread 35 - PartitionProcessorThre...2a-a78d-943fa03252f2-1-18 |  1434000 |   447000 |   548420953 |  18356713026 |         0 |      0 |  1584838851 |      0 |      0 |         0 
 122115 Thread 36 - PartitionProcessorThre...2a-a78d-943fa03252f2-1-19 |  1364000 |   475000 |   535919402 |  17948667894 |         0 |      0 |  1462581289 |      0 |      0 |         0 
 122116 Thread 37 - PartitionProcessorThre...b2a-a78d-943fa03252f2-0-0 |  1431000 |   443000 |   546145922 |  18290891936 |         0 |      0 |  1696372813 |      0 |      0 |         0 
 122117 Thread 38 - PartitionProcessorThre...b2a-a78d-943fa03252f2-0-1 |  1468000 |   448000 |   558374746 |  18701136003 |         0 |      0 |  1630162046 |      0 |      0 |         0 
 122118 Thread 39 - PartitionProcessorThre...b2a-a78d-943fa03252f2-0-2 |  1428000 |   436000 |   543271359 |  18193780573 |         0 |      0 |  1745114631 |      0 |      0 |         0 
 122119 Thread 40 - PartitionProcessorThre...b2a-a78d-943fa03252f2-0-3 |  1405000 |   465000 |   546073773 |  18252299612 |         0 |      0 |  1658610250 |      0 |      0 |         0 
 122120 Thread 41 - PartitionProcessorThre...b2a-a78d-943fa03252f2-0-4 |  1483000 |   477000 |   571122187 |  19130989061 |         0 |      0 |  1691400616 |      0 |      0 |         0 
 122121 Thread 42 - PartitionProcessorThre...b2a-a78d-943fa03252f2-0-5 |  1393000 |   430000 |   530549008 |  17793416890 |         0 |      0 |  1722383465 |      0 |      0 |         0 
 122122 Thread 43 - PartitionProcessorThre...b2a-a78d-943fa03252f2-0-6 |  1414000 |   419000 |   534530094 |  17891199440 |         0 |      0 |  1744467813 |      0 |      0 |         0 
 122123 Thread 44 - PartitionProcessorThre...b2a-a78d-943fa03252f2-0-7 |  1344000 |   457000 |   524966472 |  17578911843 |         0 |      0 |  1553176848 |      0 |      0 |         0 
 122124 Thread 45 - PartitionProcessorThre...b2a-a78d-943fa03252f2-0-8 |  1421000 |   471000 |   551109773 |  18466904468 |         0 |      0 |  1680128806 |      0 |      0 |         0 
 122125 Thread 46 - PartitionProcessorThre...b2a-a78d-943fa03252f2-0-9 |  1424000 |   446000 |   544291589 |  18252095194 |         0 |      0 |  1685178830 |      0 |      0 |         0 
 122126 Thread 47 - PartitionProcessorThre...2a-a78d-943fa03252f2-0-10 |  1398000 |   430000 |   533592492 |  17842637011 |         0 |      0 |  1442591872 |      0 |      0 |         0 
 122127 Thread 48 - PartitionProcessorThre...2a-a78d-943fa03252f2-0-11 |  1494000 |   512000 |   585206999 |  19579889303 |         0 |      0 |  1433572238 |      0 |      0 |         0 
 122128 Thread 49 - PartitionProcessorThre...2a-a78d-943fa03252f2-0-12 |  1431000 |   463000 |   553069078 |  18486247452 |         0 |      0 |  1582117703 |      0 |      0 |         0 
 122129 Thread 50 - PartitionProcessorThre...2a-a78d-943fa03252f2-0-13 |  1494000 |   466000 |   571623183 |  19130652034 |         0 |      0 |  1521742628 |      0 |      0 |         0 
 122130 Thread 51 - PartitionProcessorThre...2a-a78d-943fa03252f2-0-14 |  1409000 |   457000 |   543934078 |  18213275675 |         0 |      0 |  1671930526 |      0 |      0 |         0 
 122131 Thread 52 - PartitionProcessorThre...2a-a78d-943fa03252f2-0-15 |  1411000 |   437000 |   537584875 |  18037737104 |         0 |      0 |  1596381325 |      0 |      0 |         0 
 122132 Thread 53 - PartitionProcessorThre...2a-a78d-943fa03252f2-0-16 |  1499000 |   478000 |   577077457 |  19296539581 |         0 |      0 |  1556501452 |      0 |      0 |         0 
 122133 Thread 54 - PartitionProcessorThre...2a-a78d-943fa03252f2-0-17 |  1457000 |   485000 |   567474515 |  18955739940 |  10831872 |      0 |  1637100765 |      0 |      0 |         0 
 122134 Thread 55 - PartitionProcessorThre...2a-a78d-943fa03252f2-0-18 |  1435000 |   421000 |   541788410 |  18115852870 |         0 |      0 |  1528533539 |      0 |      0 |         0 
 122135 Thread 56 - PartitionProcessorThre...2a-a78d-943fa03252f2-0-19 |  1319000 |   442000 |   513998308 |  17188556566 |         0 |      0 |  1529542335 |      0 |      0 |         0 
 122136 Thread 57 - PartitionProcessorThre...b2a-a78d-943fa03252f2-2-0 |  1364000 |   453000 |   524875156 |  17735464394 |         0 |      0 |  1456569055 |      0 |      0 |         0 
 122137 Thread 58 - PartitionProcessorThre...b2a-a78d-943fa03252f2-2-1 |  1445000 |   448000 |   545928269 |  18476834706 |         0 |      0 |  1617886885 |      0 |      0 |         0 
 122138 Thread 59 - PartitionProcessorThre...b2a-a78d-943fa03252f2-2-2 |  1509000 |   488000 |   577467460 |  19491925588 |         0 |      0 |  1724139629 |      0 |      0 |         0 
 122139 Thread 60 - PartitionProcessorThre...b2a-a78d-943fa03252f2-2-3 |  1459000 |   476000 |   560129351 |  18886781635 |         0 |      0 |  1530908579 |      0 |      0 |         0 
 122140 Thread 61 - PartitionProcessorThre...b2a-a78d-943fa03252f2-2-4 |  1483000 |   446000 |   558570738 |  18828501471 |         0 |      0 |  1468820557 |      0 |      0 |         0 
 122141 Thread 62 - PartitionProcessorThre...b2a-a78d-943fa03252f2-2-5 |  1431000 |   485000 |   553605281 |  18701454296 |         0 |      0 |  1659799633 |      0 |      0 |         0 
 122142 Thread 63 - PartitionProcessorThre...b2a-a78d-943fa03252f2-2-6 |  1385000 |   454000 |   532597613 |  17949272136 |         0 |      0 |  1486056783 |      0 |      0 |         0 
 122143 Thread 64 - PartitionProcessorThre...b2a-a78d-943fa03252f2-2-7 |  1375000 |   477000 |   534544734 |  18076649581 |         0 |      0 |  1530221719 |      0 |      0 |         0 
 122144 Thread 65 - PartitionProcessorThre...b2a-a78d-943fa03252f2-2-8 |  1404000 |   441000 |   535041476 |  18008488600 |         0 |      0 |  1414173903 |      0 |      0 |         0 
 122145 Thread 66 - PartitionProcessorThre...b2a-a78d-943fa03252f2-2-9 |  1361000 |   445000 |   522459859 |  17627666343 |         0 |      0 |  1478818430 |      0 |      0 |         0 
 122146 Thread 67 - PartitionProcessorThre...2a-a78d-943fa03252f2-2-10 |  1400000 |   481000 |   544036722 |  18359895721 |         0 |      0 |  1699024824 |      0 |      0 |         0 
 122147 Thread 68 - PartitionProcessorThre...2a-a78d-943fa03252f2-2-11 |  1464000 |   457000 |   554785124 |  18750501233 |         0 |      0 |  1589566583 |      0 |      0 |         0 
 122148 Thread 69 - PartitionProcessorThre...2a-a78d-943fa03252f2-2-12 |  1394000 |   442000 |   530680172 |  17920422507 |         0 |      0 |  1633645428 |      0 |      0 |         0 
 122149 Thread 70 - PartitionProcessorThre...2a-a78d-943fa03252f2-2-13 |  1500000 |   454000 |   565981335 |  19072532870 |      1024 |      0 |  1683879695 |      0 |      0 |         0 
 122150 Thread 71 - PartitionProcessorThre...2a-a78d-943fa03252f2-2-14 |  1412000 |   470000 |   545682711 |  18369261737 |         0 |      0 |  1719655005 |      0 |      0 |         0 
 122151 Thread 72 - PartitionProcessorThre...2a-a78d-943fa03252f2-2-15 |  1410000 |   504000 |   552417417 |  18681479479 |         0 |      0 |  1637510025 |      0 |      0 |         0 
 122152 Thread 73 - PartitionProcessorThre...2a-a78d-943fa03252f2-2-16 |  1394000 |   508000 |   549297968 |  18564392471 |         0 |      0 |  1634475943 |      0 |      0 |         0 
 122153 Thread 74 - PartitionProcessorThre...2a-a78d-943fa03252f2-2-17 |  1407000 |   426000 |   531790734 |  17891495226 |         0 |      0 |  1594342583 |      0 |      0 |         0 
 122154 Thread 75 - PartitionProcessorThre...2a-a78d-943fa03252f2-2-18 |  1451000 |   439000 |   545464402 |  18447525866 |         0 |      0 |  1437210892 |      0 |      0 |         0 
 122155 Thread 76 - PartitionProcessorThre...2a-a78d-943fa03252f2-2-19 |  1414000 |   450000 |   540285484 |  18193555147 |         0 |      0 |  1615920844 |      0 |      0 |         0 
 122669 Thread 77 - process reaper                                     |     1000 |     2000 |      917722 |     29372406 |         0 |      0 |     1253447 |      0 |      0 |         0 
 122674 Thread 78 - Attach Listener                                    |   492000 |   111000 |   179795936 |   5895386573 |   4931584 | 123904 |     8202176 |      0 |      0 |         0 
