                                 Task                                  |  utime   |  stime   |     rss     |     vmem     |   read    | write  |    d:cpu    | d:bio  | d:swap | d:reclaim 
 125049 Thread 1 - main                                                |   884000 |   148000 |    70593802 |   7942750431 |  34516992 |   1024 |     5060957 |      0 |      0 |         0 
 125072 Thread 2 - Reference Handler                                   |    10000 |        0 |     1217261 |     84151050 |         0 |      0 |      119177 |      0 |      0 |         0 
 125073 Thread 3 - Finalizer                                           |     9000 |     1000 |     1031128 |     81295371 |      5120 |      0 |     1622642 |      0 |      0 |         0 
 125074 Thread 4 - Surrogate Locker Thread (Concurrent GC)             |        0 |        0 |           0 |            0 |         0 |      0 |        4137 |      0 |      0 |         0 
 125075 Thread 5 - Signal Dispatcher                                   |     1000 |        0 |      306593 |      9760074 |         0 |      0 |        1250 |      0 |      0 |         0 
 125084 Thread 12 - RMI Scheduler(0)                                   |     3000 |        0 |      689246 |     27283269 |      2048 |      0 |      213173 |      0 |      0 |         0 
 125085 Thread 13 - RMI RenewClean-[10.231.182.152:46776]              |        0 |        0 |           0 |            0 |      1024 |      0 |           0 |      0 |      0 |         0 
 125086 Thread 14 - GC Daemon                                          |        0 |     1000 |       82125 |      7893574 |         0 |      0 |        3482 |      0 |      0 |         0 
 125088 Thread 15 - DecatonSubscriptionThread-decaton-benchmark        | 30903000 | 41781000 | 21954384946 | 708424072340 | 624289792 | 105472 | 20986980169 | 243689 |      0 |         0 
 125091 Thread 16 - kafka-coordinator-hear...hread | decaton-benchmark |   305000 |    55000 |   106010694 |   3497114874 |   7110656 |   5120 |    28661131 | 308489 |      0 |         0 
 125094 Thread 17 - PartitionProcessorThre...311-83ac-a57d739b9bee-2-0 |  1587000 |   545000 |   637475823 |  20783235054 |     33792 |      0 |  1675223654 |      0 |      0 |         0 
 125095 Thread 18 - PartitionProcessorThre...311-83ac-a57d739b9bee-2-1 |  1543000 |   542000 |   624898659 |  20330633026 |         0 |      0 |  1646485185 |      0 |      0 |         0 
 125096 Thread 19 - PartitionProcessorThre...311-83ac-a57d739b9bee-2-2 |  1584000 |   480000 |   621204104 |  20133480847 |         0 |      0 |  1766754901 |      0 |      0 |         0 
 125097 Thread 20 - PartitionProcessorThre...311-83ac-a57d739b9bee-2-3 |  1519000 |   540000 |   618185846 |  20080943268 |         0 |      0 |  1937035146 |      0 |      0 |         0 
 125098 Thread 21 - PartitionProcessorThre...311-83ac-a57d739b9bee-2-4 |  1573000 |   537000 |   634151010 |  20579733003 |      1024 |      0 |  2023675466 |      0 |      0 |         0 
 125099 Thread 22 - PartitionProcessorThre...311-83ac-a57d739b9bee-2-5 |  1549000 |   528000 |   624280694 |  20259523378 |         0 |      0 |  1931911404 |      0 |      0 |         0 
 125100 Thread 23 - PartitionProcessorThre...311-83ac-a57d739b9bee-2-6 |  1519000 |   549000 |   621996057 |  20170468011 |         0 |      0 |  1952851237 |      0 |      0 |         0 
 125101 Thread 24 - PartitionProcessorThre...311-83ac-a57d739b9bee-2-7 |  1567000 |   581000 |   645401151 |  20949570546 |      1024 |      0 |  1803175027 |      0 |      0 |         0 
 125102 Thread 25 - PartitionProcessorThre...311-83ac-a57d739b9bee-2-8 |  1522000 |   497000 |   604819343 |  19688019245 |         0 |      0 |  1871902497 |      0 |      0 |         0 
 125103 Thread 26 - PartitionProcessorThre...311-83ac-a57d739b9bee-2-9 |  1597000 |   497000 |   628831424 |  20421766706 |         0 |      0 |  1685189440 |      0 |      0 |         0 
 125104 Thread 27 - PartitionProcessorThre...11-83ac-a57d739b9bee-2-10 |  1498000 |   565000 |   620355710 |  20121303530 |         0 |      0 |  1884877603 |      0 |      0 |         0 
 125105 Thread 28 - PartitionProcessorThre...11-83ac-a57d739b9bee-2-11 |  1612000 |   534000 |   643177772 |  20926376717 |      4096 |      0 |  1955473771 |      0 |      0 |         0 
 125106 Thread 29 - PartitionProcessorThre...11-83ac-a57d739b9bee-2-12 |  1544000 |   489000 |   610574085 |  19827086140 |      3072 |      0 |  1841028269 |      0 |      0 |         0 
 125107 Thread 30 - PartitionProcessorThre...11-83ac-a57d739b9bee-2-13 |  1594000 |   513000 |   630463233 |  20544175143 |         0 |      0 |  1566623698 |      0 |      0 |         0 
 125108 Thread 31 - PartitionProcessorThre...11-83ac-a57d739b9bee-2-14 |  1631000 |   494000 |   637965678 |  20726125635 |         0 |      0 |  1728046756 |      0 |      0 |         0 
 125109 Thread 32 - PartitionProcessorThre...11-83ac-a57d739b9bee-2-15 |  1567000 |   507000 |   623420202 |  20230210886 |      1024 |      0 |  1765640247 |      0 |      0 |         0 
 125110 Thread 33 - PartitionProcessorThre...11-83ac-a57d739b9bee-2-16 |  1602000 |   541000 |   644676131 |  20903884714 |         0 |      0 |  1650411007 |      0 |      0 |         0 
 125111 Thread 34 - PartitionProcessorThre...11-83ac-a57d739b9bee-2-17 |  1610000 |   538000 |   644135741 |  20946745975 |         0 |      0 |  1685875920 |      0 |      0 |         0 
 125112 Thread 35 - PartitionProcessorThre...11-83ac-a57d739b9bee-2-18 |  1568000 |   475000 |   615031624 |  19928803112 |         0 |      0 |  1754878408 |      0 |      0 |         0 
 125113 Thread 36 - PartitionProcessorThre...11-83ac-a57d739b9bee-2-19 |  1614000 |   543000 |   649687537 |  21044349167 |         0 |      0 |  1690586344 |      0 |      0 |         0 
 125114 Thread 37 - PartitionProcessorThre...311-83ac-a57d739b9bee-1-0 |  1527000 |   518000 |   622138901 |  19966253179 |         0 |      0 |  1700514013 |      0 |      0 |         0 
 125115 Thread 38 - PartitionProcessorThre...311-83ac-a57d739b9bee-1-1 |  1516000 |   533000 |   622746366 |  20005704401 |         0 |      0 |  1263745889 |      0 |      0 |         0 
 125116 Thread 39 - PartitionProcessorThre...311-83ac-a57d739b9bee-1-2 |  1523000 |   525000 |   621565776 |  19995403222 |         0 |      0 |  1679338007 |      0 |      0 |         0 
 125117 Thread 40 - PartitionProcessorThre...311-83ac-a57d739b9bee-1-3 |  1549000 |   535000 |   632667850 |  20345416983 |         0 |      0 |  1756034437 |      0 |      0 |         0 
 125118 Thread 41 - PartitionProcessorThre...311-83ac-a57d739b9bee-1-4 |  1517000 |   513000 |   617539569 |  19819587054 |         0 |      0 |  1519529666 |      0 |      0 |         0 
 125119 Thread 42 - PartitionProcessorThre...311-83ac-a57d739b9bee-1-5 |  1443000 |   518000 |   595696319 |  19145640019 |         0 |      0 |  1468416311 |      0 |      0 |         0 
 125120 Thread 43 - PartitionProcessorThre...311-83ac-a57d739b9bee-1-6 |  1521000 |   481000 |   609247549 |  19546212366 |         0 |      0 |  1802792546 |      0 |      0 |         0 
 125121 Thread 44 - PartitionProcessorThre...311-83ac-a57d739b9bee-1-7 |  1525000 |   539000 |   627782088 |  20150577202 |         0 |      0 |  1669009837 |      0 |      0 |         0 
 125122 Thread 45 - PartitionProcessorThre...311-83ac-a57d739b9bee-1-8 |  1501000 |   538000 |   619499307 |  19906397128 |         0 |      0 |  1773164830 |      0 |      0 |         0 
 125123 Thread 46 - PartitionProcessorThre...311-83ac-a57d739b9bee-1-9 |  1523000 |   503000 |   615956893 |  19779879573 |         0 |      0 |  1810384471 |      0 |      0 |         0 
 125124 Thread 47 - PartitionProcessorThre...11-83ac-a57d739b9bee-1-10 |  1519000 |   508000 |   617165753 |  19790764327 |         0 |      0 |  1744824540 |      0 |      0 |         0 
 125125 Thread 48 - PartitionProcessorThre...11-83ac-a57d739b9bee-1-11 |  1489000 |   512000 |   608419839 |  19535599640 |         0 |      0 |  1624679741 |      0 |      0 |         0 
 125126 Thread 49 - PartitionProcessorThre...11-83ac-a57d739b9bee-1-12 |  1543000 |   507000 |   622571143 |  20014518979 |         0 |      0 |  1750639105 |      0 |      0 |         0 
 125127 Thread 50 - PartitionProcessorThre...11-83ac-a57d739b9bee-1-13 |  1605000 |   518000 |   645285713 |  20727754901 |         0 |      0 |  1545069414 |      0 |      0 |         0 
 125128 Thread 51 - PartitionProcessorThre...11-83ac-a57d739b9bee-1-14 |  1575000 |   476000 |   622888432 |  20023733089 |         0 |      0 |  1548936673 |      0 |      0 |         0 
 125129 Thread 52 - PartitionProcessorThre...11-83ac-a57d739b9bee-1-15 |  1550000 |   489000 |   619097596 |  19908185589 |         0 |      0 |  1601809085 |      0 |      0 |         0 
 125130 Thread 53 - PartitionProcessorThre...11-83ac-a57d739b9bee-1-16 |  1580000 |   536000 |   643259061 |  20658899190 |         0 |      0 |  1491937506 |      0 |      0 |         0 
 125131 Thread 54 - PartitionProcessorThre...11-83ac-a57d739b9bee-1-17 |  1455000 |   505000 |   596683304 |  19136254983 |         0 |      0 |  1724674824 |      0 |      0 |         0 
 125132 Thread 55 - PartitionProcessorThre...11-83ac-a57d739b9bee-1-18 |  1522000 |   484000 |   609830491 |  19584015979 |         0 |      0 |  1848014905 |      0 |      0 |         0 
 125133 Thread 56 - PartitionProcessorThre...11-83ac-a57d739b9bee-1-19 |  1524000 |   475000 |   608584905 |  19517401901 |         0 |      0 |  1449049295 |      0 |      0 |         0 
 125135 Thread 57 - PartitionProcessorThre...311-83ac-a57d739b9bee-0-0 |  1509000 |   509000 |   613983186 |  19703105327 |         0 |      0 |  1662826835 |      0 |      0 |         0 
 125136 Thread 58 - PartitionProcessorThre...311-83ac-a57d739b9bee-0-1 |  1536000 |   531000 |   628739639 |  20181138304 |         0 |      0 |  1593917849 |      0 |      0 |         0 
 125137 Thread 59 - PartitionProcessorThre...311-83ac-a57d739b9bee-0-2 |  1579000 |   517000 |   637952671 |  20464642163 |         0 |      0 |  1638952642 |      0 |      0 |         0 
 125138 Thread 60 - PartitionProcessorThre...311-83ac-a57d739b9bee-0-3 |  1522000 |   512000 |   618964335 |  19859064975 |         0 |      0 |  1739882835 |      0 |      0 |         0 
 125139 Thread 61 - PartitionProcessorThre...311-83ac-a57d739b9bee-0-4 |  1591000 |   489000 |   632251624 |  20307628905 |         0 |      0 |  1684058102 |      0 |      0 |         0 
 125140 Thread 62 - PartitionProcessorThre...311-83ac-a57d739b9bee-0-5 |  1488000 |   510000 |   607574585 |  19506356944 |         0 |      0 |  1606224170 |      0 |      0 |         0 
 125141 Thread 63 - PartitionProcessorThre...311-83ac-a57d739b9bee-0-6 |  1576000 |   508000 |   634284335 |  20346088311 |      1024 |      0 |  1660683612 |      0 |      0 |         0 
 125142 Thread 64 - PartitionProcessorThre...311-83ac-a57d739b9bee-0-7 |  1454000 |   496000 |   593014686 |  19038422597 |         0 |      0 |  1588805634 |      0 |      0 |         0 
 125143 Thread 65 - PartitionProcessorThre...311-83ac-a57d739b9bee-0-8 |  1584000 |   494000 |   631959600 |  20288241335 |         0 |      0 |  1612208619 |      0 |      0 |         0 
 125144 Thread 66 - PartitionProcessorThre...311-83ac-a57d739b9bee-0-9 |  1596000 |   537000 |   649446405 |  20824912342 |         0 |      0 |  1507790559 |      0 |      0 |         0 
 125145 Thread 67 - PartitionProcessorThre...11-83ac-a57d739b9bee-0-10 |  1556000 |   515000 |   630822026 |  20219676542 |         0 |      0 |  1740344982 |      0 |      0 |         0 
 125146 Thread 68 - PartitionProcessorThre...11-83ac-a57d739b9bee-0-11 |  1526000 |   518000 |   622267620 |  19956627214 |         0 |      0 |  1720234784 |      0 |      0 |         0 
 125147 Thread 69 - PartitionProcessorThre...11-83ac-a57d739b9bee-0-12 |  1577000 |   507000 |   634993444 |  20346245999 |         0 |      0 |  1678497265 |      0 |      0 |         0 
 125148 Thread 70 - PartitionProcessorThre...11-83ac-a57d739b9bee-0-13 |  1503000 |   532000 |   619478385 |  19868224136 |         0 |      0 |  1633707198 |      0 |      0 |         0 
 125149 Thread 71 - PartitionProcessorThre...11-83ac-a57d739b9bee-0-14 |  1505000 |   526000 |   618501022 |  19829067472 |         0 |      0 |  1637978164 |      0 |      0 |         0 
 125150 Thread 72 - PartitionProcessorThre...11-83ac-a57d739b9bee-0-15 |  1569000 |   505000 |   631614471 |  20249053225 |         0 |      0 |  1548167742 |      0 |      0 |         0 
 125151 Thread 73 - PartitionProcessorThre...11-83ac-a57d739b9bee-0-16 |  1530000 |   500000 |   618043233 |  19818960991 |         0 |      0 |  1667206332 |      0 |      0 |         0 
 125152 Thread 74 - PartitionProcessorThre...11-83ac-a57d739b9bee-0-17 |  1554000 |   536000 |   635644538 |  20405365202 |         0 |      0 |  1697189067 |      0 |      0 |         0 
 125153 Thread 75 - PartitionProcessorThre...11-83ac-a57d739b9bee-0-18 |  1543000 |   523000 |   629534628 |  20171999378 |         0 |      0 |  1764604031 |      0 |      0 |         0 
 125154 Thread 76 - PartitionProcessorThre...11-83ac-a57d739b9bee-0-19 |  1569000 |   532000 |   638959100 |  20513099803 |         0 |      0 |  1770025018 |      0 |      0 |         0 
 125643 Thread 77 - process reaper                                     |     2000 |        0 |      625742 |     19582125 |         0 |      0 |     1887164 |      0 |      0 |         0 
 125648 Thread 78 - Attach Listener                                    |   484000 |   105000 |   181784803 |   5758579760 |   4931584 | 199680 |     5960715 |      0 |      0 |         0 
