                                 Task                                 |  utime   |  stime   |     rss     |     vmem     |   read    | write  |    d:cpu    |  d:bio  | d:swap | d:reclaim 
 27563 Thread 1 - main                                                |   571000 |    86000 |    39808205 |   4969977283 |  21055488 |   1024 |    10451404 |       0 |      0 |         0 
 27585 Thread 2 - Reference Handler                                   |     5000 |        0 |      489664 |     38768847 |         0 |      0 |       30250 |       0 |      0 |         0 
 27586 Thread 3 - Finalizer                                           |     3000 |     1000 |      316234 |     30358824 |      5120 |      0 |     3599548 |       0 |      0 |         0 
 27588 Thread 4 - Surrogate Locker Thread (Concurrent GC)             |        0 |        0 |           0 |            0 |         0 |      0 |        4761 |       0 |      0 |         0 
 27589 Thread 5 - Signal Dispatcher                                   |        0 |        0 |           0 |            0 |         0 |      0 |           0 |       0 |      0 |         0 
 27597 Thread 11 - DecatonSubscriptionThread-decaton-benchmark        | 29390000 | 32967000 | 18251662186 | 607251169602 | 636600320 | 129024 | 19782699743 |  588411 |      0 |         0 
 27598 Thread 13 - kafka-coordinator-hear...hread | decaton-benchmark |   160000 |    44000 |    59218046 |   1986872304 |   6524928 |   4096 |    25507288 |  236453 |      0 |         0 
 27602 Thread 14 - PartitionProcessorThre...22c-97f8-6d11d64b05e4-1-0 |  1270000 |   454000 |   505147919 |  16818167594 |      7168 |      0 |  1507485617 |       0 |      0 |         0 
 27603 Thread 15 - PartitionProcessorThre...22c-97f8-6d11d64b05e4-1-1 |  1248000 |   466000 |   503370763 |  16722107157 |         0 |      0 |  1523311463 |       0 |      0 |         0 
 27604 Thread 16 - PartitionProcessorThre...22c-97f8-6d11d64b05e4-1-2 |  1266000 |   490000 |   515101067 |  17131524270 |      2048 |      0 |  1339817903 |       0 |      0 |         0 
 27605 Thread 17 - PartitionProcessorThre...22c-97f8-6d11d64b05e4-1-3 |  1234000 |   372000 |   470142751 |  15664814301 |    117760 |      0 |  1512313052 |       0 |      0 |         0 
 27606 Thread 18 - PartitionProcessorThre...22c-97f8-6d11d64b05e4-1-4 |  1329000 |   430000 |   516624896 |  17157831360 |     28672 |      0 |  1504773802 |       0 |      0 |         0 
 27607 Thread 19 - PartitionProcessorThre...22c-97f8-6d11d64b05e4-1-5 |  1312000 |   420000 |   507497524 |  16899640559 |      3072 |      0 |  1312211280 |       0 |      0 |         0 
 27608 Thread 20 - PartitionProcessorThre...22c-97f8-6d11d64b05e4-1-6 |  1307000 |   449000 |   515191396 |  17133829039 |         0 |      0 |  1469691296 |       0 |      0 |         0 
 27609 Thread 21 - PartitionProcessorThre...22c-97f8-6d11d64b05e4-1-7 |  1223000 |   466000 |   493783954 |  16475168586 |         0 |      0 |  1487078389 |       0 |      0 |         0 
 27610 Thread 22 - PartitionProcessorThre...22c-97f8-6d11d64b05e4-1-8 |  1212000 |   415000 |   477118044 |  15871626329 |         0 |      0 |  1402298509 |       0 |      0 |         0 
 27611 Thread 23 - PartitionProcessorThre...22c-97f8-6d11d64b05e4-1-9 |  1202000 |   449000 |   483823735 |  16105990754 |         0 |      0 |  1613506264 |       0 |      0 |         0 
 27612 Thread 24 - PartitionProcessorThre...2c-97f8-6d11d64b05e4-1-10 |  1217000 |   412000 |   477693865 |  15892235028 |         0 |      0 |  1265683869 |       0 |      0 |         0 
 27613 Thread 25 - PartitionProcessorThre...2c-97f8-6d11d64b05e4-1-11 |  1241000 |   440000 |   493614282 |  16399507809 |      2048 |      0 |  1401599502 |       0 |      0 |         0 
 27614 Thread 26 - PartitionProcessorThre...2c-97f8-6d11d64b05e4-1-12 |  1204000 |   417000 |   476310341 |  15817897622 |         0 |      0 |  1499713414 |       0 |      0 |         0 
 27615 Thread 27 - PartitionProcessorThre...2c-97f8-6d11d64b05e4-1-13 |  1302000 |   434000 |   510125204 |  16938545196 |         0 |      0 |  1450893493 |       0 |      0 |         0 
 27616 Thread 28 - PartitionProcessorThre...2c-97f8-6d11d64b05e4-1-14 |  1345000 |   463000 |   529844661 |  17641523207 |         0 |      0 |  1514048351 |       0 |      0 |         0 
 27617 Thread 29 - PartitionProcessorThre...2c-97f8-6d11d64b05e4-1-15 |  1291000 |   445000 |   509919669 |  16939252832 |         0 |      0 |  1532056890 |       0 |      0 |         0 
 27618 Thread 30 - PartitionProcessorThre...2c-97f8-6d11d64b05e4-1-16 |  1239000 |   457000 |   498088193 |  16548661415 |         0 |      0 |  1733988861 |       0 |      0 |         0 
 27619 Thread 31 - PartitionProcessorThre...2c-97f8-6d11d64b05e4-1-17 |  1292000 |   418000 |   501720661 |  16683613633 |     43008 |      0 |  1545116648 |       0 |      0 |         0 
 27620 Thread 32 - PartitionProcessorThre...2c-97f8-6d11d64b05e4-1-18 |  1324000 |   508000 |   536650075 |  17875564274 |         0 |      0 |  1556493112 |       0 |      0 |         0 
 27621 Thread 33 - PartitionProcessorThre...2c-97f8-6d11d64b05e4-1-19 |  1321000 |   435000 |   515999224 |  17134390192 |      1024 |      0 |  1482143674 |       0 |      0 |         0 
 27622 Thread 34 - PartitionProcessorThre...22c-97f8-6d11d64b05e4-0-0 |  1312000 |   409000 |   506914251 |  16793757121 |         0 |      0 |  1590828670 |       0 |      0 |         0 
 27623 Thread 35 - PartitionProcessorThre...22c-97f8-6d11d64b05e4-0-1 |  1304000 |   451000 |   516121317 |  17125422094 |         0 |      0 |  1441421252 |       0 |      0 |         0 
 27624 Thread 36 - PartitionProcessorThre...22c-97f8-6d11d64b05e4-0-2 |  1240000 |   438000 |   493287642 |  16373073305 |         0 |      0 |  1413651091 |       0 |      0 |         0 
 27625 Thread 37 - PartitionProcessorThre...22c-97f8-6d11d64b05e4-0-3 |  1266000 |   424000 |   496480634 |  16490597852 |         0 |      0 |  1324855229 |       0 |      0 |         0 
 27626 Thread 38 - PartitionProcessorThre...22c-97f8-6d11d64b05e4-0-4 |  1311000 |   431000 |   512013708 |  16998456493 |         0 |      0 |  1448377244 |       0 |      0 |         0 
 27627 Thread 39 - PartitionProcessorThre...22c-97f8-6d11d64b05e4-0-5 |  1276000 |   466000 |   512304083 |  16998473953 |         0 |      0 |  1450883902 |       0 |      0 |         0 
 27628 Thread 40 - PartitionProcessorThre...22c-97f8-6d11d64b05e4-0-6 |  1290000 |   442000 |   510415669 |  16901193875 |         0 |      0 |  1590493939 |       0 |      0 |         0 
 27629 Thread 41 - PartitionProcessorThre...22c-97f8-6d11d64b05e4-0-7 |  1266000 |   416000 |   495559622 |  16413068379 |         0 |      0 |  1569715635 |       0 |      0 |         0 
 27630 Thread 42 - PartitionProcessorThre...22c-97f8-6d11d64b05e4-0-8 |  1268000 |   451000 |   505041177 |  16773907633 |         0 |      0 |  1489059430 |       0 |      0 |         0 
 27631 Thread 43 - PartitionProcessorThre...22c-97f8-6d11d64b05e4-0-9 |  1340000 |   459000 |   529086372 |  17554054352 |         0 |      0 |  1612580747 |       0 |      0 |         0 
 27632 Thread 44 - PartitionProcessorThre...2c-97f8-6d11d64b05e4-0-10 |  1237000 |   463000 |   499231341 |  16588836184 |         0 |      0 |  1449879272 |       0 |      0 |         0 
 27633 Thread 45 - PartitionProcessorThre...2c-97f8-6d11d64b05e4-0-11 |  1276000 |   446000 |   507317653 |  16803253250 |         0 |      0 |  1431583798 |       0 |      0 |         0 
 27634 Thread 46 - PartitionProcessorThre...2c-97f8-6d11d64b05e4-0-12 |  1319000 |   472000 |   526950298 |  17476552465 |         0 |      0 |  1591579824 |       0 |      0 |         0 
 27635 Thread 47 - PartitionProcessorThre...2c-97f8-6d11d64b05e4-0-13 |  1300000 |   431000 |   509334232 |  16890743832 |         0 |      0 |  1441272231 |       0 |      0 |         0 
 27636 Thread 48 - PartitionProcessorThre...2c-97f8-6d11d64b05e4-0-14 |  1284000 |   440000 |   506843853 |  16822852719 |         0 |      0 |  1410137248 |       0 |      0 |         0 
 27637 Thread 49 - PartitionProcessorThre...2c-97f8-6d11d64b05e4-0-15 |  1298000 |   462000 |   518178833 |  17174537024 |         0 |      0 |  1385544103 | 5421816 |      0 |         0 
 27638 Thread 50 - PartitionProcessorThre...2c-97f8-6d11d64b05e4-0-16 |  1232000 |   430000 |   488500372 |  16217693598 |         0 |      0 |  1414406788 |       0 |      0 |         0 
 27639 Thread 51 - PartitionProcessorThre...2c-97f8-6d11d64b05e4-0-17 |  1206000 |   460000 |   490179259 |  16256678133 |         0 |      0 |  1383106999 |       0 |      0 |         0 
 27640 Thread 52 - PartitionProcessorThre...2c-97f8-6d11d64b05e4-0-18 |  1230000 |   441000 |   491810767 |  16305852290 |         0 |      0 |  1434331286 |       0 |      0 |         0 
 27641 Thread 53 - PartitionProcessorThre...2c-97f8-6d11d64b05e4-0-19 |  1227000 |   415000 |   483406571 |  16022608317 |         0 |      0 |  1527482537 |       0 |      0 |         0 
 27642 Thread 54 - PartitionProcessorThre...22c-97f8-6d11d64b05e4-2-0 |  1296000 |   451000 |   514047403 |  17046798536 |         0 |      0 |  1495399826 |       0 |      0 |         0 
 27643 Thread 55 - PartitionProcessorThre...22c-97f8-6d11d64b05e4-2-1 |  1274000 |   456000 |   509626153 |  16881926539 |         0 |      0 |  1536189273 |       0 |      0 |         0 
 27644 Thread 56 - PartitionProcessorThre...22c-97f8-6d11d64b05e4-2-2 |  1238000 |   442000 |   494721615 |  16393090711 |         0 |      0 |  1449589114 |       0 |      0 |         0 
 27645 Thread 57 - PartitionProcessorThre...22c-97f8-6d11d64b05e4-2-3 |  1202000 |   461000 |   489794251 |  16228240782 |         0 |      0 |  1309373438 |       0 |      0 |         0 
 27646 Thread 58 - PartitionProcessorThre...22c-97f8-6d11d64b05e4-2-4 |  1268000 |   451000 |   505198923 |  16773879340 |         0 |      0 |  1439077540 |       0 |      0 |         0 
 27647 Thread 59 - PartitionProcessorThre...22c-97f8-6d11d64b05e4-2-5 |  1263000 |   431000 |   497712130 |  16530003606 |         0 |      0 |  1248980203 |       0 |      0 |         0 
 27648 Thread 60 - PartitionProcessorThre...22c-97f8-6d11d64b05e4-2-6 |  1265000 |   402000 |   490312681 |  16266182043 |         0 |      0 |  1472427592 |       0 |      0 |         0 
 27649 Thread 61 - PartitionProcessorThre...22c-97f8-6d11d64b05e4-2-7 |  1265000 |   474000 |   512437915 |  16969224063 |         0 |      0 |  1548692944 |       0 |      0 |         0 
 27650 Thread 62 - PartitionProcessorThre...22c-97f8-6d11d64b05e4-2-8 |  1237000 |   430000 |   490438228 |  16266687446 |      1024 |      0 |  1485463921 |       0 |      0 |         0 
 27651 Thread 63 - PartitionProcessorThre...22c-97f8-6d11d64b05e4-2-9 |  1270000 |   462000 |   510442111 |  16900967793 |         0 |      0 |  1443854058 |       0 |      0 |         0 
 27652 Thread 64 - PartitionProcessorThre...2c-97f8-6d11d64b05e4-2-10 |  1303000 |   455000 |   517678189 |  17154676379 |         0 |      0 |  1609478344 |       0 |      0 |         0 
 27653 Thread 65 - PartitionProcessorThre...2c-97f8-6d11d64b05e4-2-11 |  1220000 |   446000 |   490888364 |  16256787016 |         0 |      0 |  1363953054 |       0 |      0 |         0 
 27654 Thread 66 - PartitionProcessorThre...2c-97f8-6d11d64b05e4-2-12 |  1293000 |   438000 |   509509825 |  16891142594 |         0 |      0 |  1388974922 |       0 |      0 |         0 
 27655 Thread 67 - PartitionProcessorThre...2c-97f8-6d11d64b05e4-2-13 |  1243000 |   467000 |   503352864 |  16686291680 |         0 |      0 |  1275549437 |       0 |      0 |         0 
 27656 Thread 68 - PartitionProcessorThre...2c-97f8-6d11d64b05e4-2-14 |  1245000 |   469000 |   503912376 |  16724651082 |         0 |      0 |  1399342185 |       0 |      0 |         0 
 27657 Thread 69 - PartitionProcessorThre...2c-97f8-6d11d64b05e4-2-15 |  1210000 |   442000 |   486282228 |  16120144465 |         0 |      0 |  1473244865 |       0 |      0 |         0 
 27658 Thread 70 - PartitionProcessorThre...2c-97f8-6d11d64b05e4-2-16 |  1300000 |   447000 |   512963224 |  17046444653 |         0 |      0 |  1484271319 |       0 |      0 |         0 
 27659 Thread 71 - PartitionProcessorThre...2c-97f8-6d11d64b05e4-2-17 |  1245000 |   471000 |   504575626 |  16744475032 |         0 |      0 |  1459135005 |       0 |      0 |         0 
 27660 Thread 72 - PartitionProcessorThre...2c-97f8-6d11d64b05e4-2-18 |  1276000 |   418000 |   499163282 |  16529700118 |         0 |      0 |  1401976086 |       0 |      0 |         0 
 27661 Thread 73 - PartitionProcessorThre...2c-97f8-6d11d64b05e4-2-19 |  1266000 |   466000 |   509781025 |  16900433219 |         0 |      0 |  1325853314 |       0 |      0 |         0 
 28079 Thread 74 - process reaper                                     |     1000 |     1000 |      614960 |     19571234 |      2048 |      0 |       18923 |       0 |      0 |         0 
 28085 Thread 75 - Attach Listener                                    |   373000 |    89000 |   139062206 |   4514816374 |   5304320 | 166912 |     1287456 |       0 |      0 |         0 
