                                 Task                                 |  utime   |  stime   |     rss     |     vmem     |   read    | write  |    d:cpu    | d:bio  | d:swap | d:reclaim 
 83935 Thread 1 - main                                                |   710000 |   130000 |    49447475 |   6380492861 |  21196800 |   1024 |     6399678 |      0 |      0 |         0 
 83957 Thread 2 - Reference Handler                                   |     7000 |        0 |      676367 |     54439753 |         0 |      0 |      182076 |      0 |      0 |         0 
 83958 Thread 3 - Finalizer                                           |     4000 |        0 |      267046 |     30155855 |     13312 |      0 |      551175 |      0 |      0 |         0 
 83959 Thread 4 - Surrogate Locker Thread (Concurrent GC)             |        0 |        0 |           0 |            0 |         0 |      0 |           0 |      0 |      0 |         0 
 83960 Thread 5 - Signal Dispatcher                                   |        0 |     1000 |      283527 |      9754710 |         0 |      0 |           0 |      0 |      0 |         0 
 83970 Thread 11 - DecatonSubscriptionThread-decaton-benchmark        | 27745000 | 30702000 | 16240971488 | 568935301482 | 584649728 | 128000 | 18825859476 | 216122 |      0 |         0 
 83971 Thread 13 - kafka-coordinator-hear...hread | decaton-benchmark |   201000 |    53000 |    71163569 |   2476522667 |   7030784 |   5120 |    33686744 | 386368 |      0 |         0 
 83975 Thread 14 - PartitionProcessorThre...35f-ac41-4424f96a8d32-0-0 |  1268000 |   444000 |   475223896 |  16689248611 |     33792 |      0 |  1789624128 |      0 |      0 |         0 
 83976 Thread 15 - PartitionProcessorThre...35f-ac41-4424f96a8d32-0-1 |  1302000 |   443000 |   482825708 |  17012262310 |      3072 |      0 |  1534958888 |      0 |      0 |         0 
 83977 Thread 16 - PartitionProcessorThre...35f-ac41-4424f96a8d32-0-2 |  1254000 |   450000 |   474461181 |  16620251806 |         0 |      0 |  1662614526 |      0 |      0 |         0 
 83978 Thread 17 - PartitionProcessorThre...35f-ac41-4424f96a8d32-0-3 |  1322000 |   452000 |   492872829 |  17293688150 |    121856 |      0 |  1718198177 |      0 |      0 |         0 
 83979 Thread 18 - PartitionProcessorThre...35f-ac41-4424f96a8d32-0-4 |  1266000 |   406000 |   464693404 |  16308366712 |         0 |      0 |  1555477454 |      0 |      0 |         0 
 83980 Thread 19 - PartitionProcessorThre...35f-ac41-4424f96a8d32-0-5 |  1308000 |   376000 |   469428212 |  16424571880 |         0 |      0 |  1768108332 |      0 |      0 |         0 
 83981 Thread 20 - PartitionProcessorThre...35f-ac41-4424f96a8d32-0-6 |  1258000 |   416000 |   465620263 |  16328927572 |         0 |      0 |  1667995245 |      0 |      0 |         0 
 83982 Thread 21 - PartitionProcessorThre...35f-ac41-4424f96a8d32-0-7 |  1261000 |   396000 |   459115087 |  16161396044 |         0 |      0 |  1727534119 |      0 |      0 |         0 
 83983 Thread 22 - PartitionProcessorThre...35f-ac41-4424f96a8d32-0-8 |  1247000 |   376000 |   450108021 |  15831687165 |         0 |      0 |  1700712559 |      0 |      0 |         0 
 83984 Thread 23 - PartitionProcessorThre...35f-ac41-4424f96a8d32-0-9 |  1260000 |   371000 |   452078290 |  15906192283 |         0 |      0 |  1623882095 |      0 |      0 |         0 
 83985 Thread 24 - PartitionProcessorThre...5f-ac41-4424f96a8d32-0-10 |  1273000 |   397000 |   463870786 |  16288767798 |      1024 |      0 |  1685915317 |      0 |      0 |         0 
 83986 Thread 25 - PartitionProcessorThre...5f-ac41-4424f96a8d32-0-11 |  1272000 |   420000 |   471478806 |  16504398353 |      1024 |      0 |  1673054292 |      0 |      0 |         0 
 83987 Thread 26 - PartitionProcessorThre...5f-ac41-4424f96a8d32-0-12 |  1247000 |   429000 |   465468400 |  16345968111 |         0 |      0 |  1745193918 |      0 |      0 |         0 
 83988 Thread 27 - PartitionProcessorThre...5f-ac41-4424f96a8d32-0-13 |  1316000 |   382000 |   472517474 |  16561821161 |         0 |      0 |  1856793538 |      0 |      0 |         0 
 83989 Thread 28 - PartitionProcessorThre...5f-ac41-4424f96a8d32-0-14 |  1294000 |   441000 |   482500943 |  16923567697 |         0 |      0 |  1688827090 |      0 |      0 |         0 
 83990 Thread 29 - PartitionProcessorThre...5f-ac41-4424f96a8d32-0-15 |  1296000 |   441000 |   483150138 |  16941154693 |      5120 |      0 |  1542616061 |      0 |      0 |         0 
 83991 Thread 30 - PartitionProcessorThre...5f-ac41-4424f96a8d32-0-16 |  1297000 |   470000 |   490593818 |  17232877025 |     36864 |      0 |  1686031245 |      0 |      0 |         0 
 83992 Thread 31 - PartitionProcessorThre...5f-ac41-4424f96a8d32-0-17 |  1398000 |   401000 |   499581552 |  17546877474 |         0 |      0 |  1684964262 |      0 |      0 |         0 
 83993 Thread 32 - PartitionProcessorThre...5f-ac41-4424f96a8d32-0-18 |  1350000 |   428000 |   496796071 |  17343857974 |      3072 |      0 |  1794558786 |      0 |      0 |         0 
 83994 Thread 33 - PartitionProcessorThre...5f-ac41-4424f96a8d32-0-19 |  1247000 |   412000 |   461524056 |  16182731994 |         0 |      0 |  1593107877 |      0 |      0 |         0 
 83995 Thread 34 - PartitionProcessorThre...35f-ac41-4424f96a8d32-2-0 |  1210000 |   390000 |   446954665 |  15608841669 |         0 |      0 |  1698811371 |      0 |      0 |         0 
 83996 Thread 35 - PartitionProcessorThre...35f-ac41-4424f96a8d32-2-1 |  1218000 |   365000 |   443399298 |  15442609853 |         0 |      0 |  1688648374 |      0 |      0 |         0 
 83997 Thread 36 - PartitionProcessorThre...35f-ac41-4424f96a8d32-2-2 |  1236000 |   417000 |   463214810 |  16124971884 |         0 |      0 |  1663621280 |      0 |      0 |         0 
 83998 Thread 37 - PartitionProcessorThre...35f-ac41-4424f96a8d32-2-3 |  1210000 |   386000 |   445603017 |  15568967498 |         0 |      0 |  1562983808 |      0 |      0 |         0 
 83999 Thread 38 - PartitionProcessorThre...35f-ac41-4424f96a8d32-2-4 |  1248000 |   398000 |   460079032 |  16056720841 |         0 |      0 |  1682286818 |      0 |      0 |         0 
 84000 Thread 39 - PartitionProcessorThre...35f-ac41-4424f96a8d32-2-5 |  1169000 |   407000 |   440594458 |  15373163603 |         0 |      0 |  1462899159 |      0 |      0 |         0 
 84001 Thread 40 - PartitionProcessorThre...35f-ac41-4424f96a8d32-2-6 |  1253000 |   389000 |   458260505 |  16017906794 |         0 |      0 |  1691652816 |      0 |      0 |         0 
 84002 Thread 41 - PartitionProcessorThre...35f-ac41-4424f96a8d32-2-7 |  1247000 |   411000 |   463167638 |  16174229400 |         0 |      0 |  1821121658 |      0 |      0 |         0 
 84003 Thread 42 - PartitionProcessorThre...35f-ac41-4424f96a8d32-2-8 |  1279000 |   422000 |   475531513 |  16593591353 |         0 |      0 |  1695720894 |      0 |      0 |         0 
 84004 Thread 43 - PartitionProcessorThre...35f-ac41-4424f96a8d32-2-9 |  1205000 |   460000 |   465504013 |  16242346333 |         0 |      0 |  1673067764 |      0 |      0 |         0 
 84005 Thread 44 - PartitionProcessorThre...5f-ac41-4424f96a8d32-2-10 |  1293000 |   423000 |   480745743 |  16740308908 |         0 |      0 |  1655614888 |      0 |      0 |         0 
 84006 Thread 45 - PartitionProcessorThre...5f-ac41-4424f96a8d32-2-11 |  1368000 |   426000 |   501801032 |  17500931685 |         0 |      0 |  1620050556 |      0 |      0 |         0 
 84007 Thread 46 - PartitionProcessorThre...5f-ac41-4424f96a8d32-2-12 |  1244000 |   389000 |   456366138 |  15930278111 |         0 |      0 |  1719529656 |      0 |      0 |         0 
 84008 Thread 47 - PartitionProcessorThre...5f-ac41-4424f96a8d32-2-13 |  1234000 |   388000 |   454802837 |  15823143427 |         0 |      0 |  1626061438 |      0 |      0 |         0 
 84009 Thread 48 - PartitionProcessorThre...5f-ac41-4424f96a8d32-2-14 |  1291000 |   394000 |   471272419 |  16437675298 |         0 |      0 |  1729567441 |      0 |      0 |         0 
 84010 Thread 49 - PartitionProcessorThre...5f-ac41-4424f96a8d32-2-15 |  1239000 |   406000 |   460844419 |  16047648736 |         0 |      0 |  1743157097 |      0 |      0 |         0 
 84011 Thread 50 - PartitionProcessorThre...5f-ac41-4424f96a8d32-2-16 |  1245000 |   411000 |   463675036 |  16154721681 |         0 |      0 |  1671758301 |      0 |      0 |         0 
 84012 Thread 51 - PartitionProcessorThre...5f-ac41-4424f96a8d32-2-17 |  1216000 |   399000 |   452126326 |  15754789634 |         0 |      0 |  1638632751 |      0 |      0 |         0 
 84013 Thread 52 - PartitionProcessorThre...5f-ac41-4424f96a8d32-2-18 |  1158000 |   383000 |   431004603 |  15032682955 |         0 |      0 |  1663173460 |      0 |      0 |         0 
 84014 Thread 53 - PartitionProcessorThre...5f-ac41-4424f96a8d32-2-19 |  1230000 |   388000 |   452934822 |  15784481888 |  10831872 |      0 |  1616104139 |      0 |      0 |         0 
 84015 Thread 54 - PartitionProcessorThre...35f-ac41-4424f96a8d32-1-0 |  1301000 |   453000 |   491750704 |  17110693618 |         0 |      0 |  1681948530 |      0 |      0 |         0 
 84016 Thread 55 - PartitionProcessorThre...35f-ac41-4424f96a8d32-1-1 |  1271000 |   435000 |   478400622 |  16642282943 |         0 |      0 |  1563442048 |      0 |      0 |         0 
 84017 Thread 56 - PartitionProcessorThre...35f-ac41-4424f96a8d32-1-2 |  1264000 |   416000 |   470656986 |  16389180435 |         0 |      0 |  1864395566 |      0 |      0 |         0 
 84018 Thread 57 - PartitionProcessorThre...35f-ac41-4424f96a8d32-1-3 |  1336000 |   384000 |   482671946 |  16778943341 |         0 |      0 |  1557216603 |      0 |      0 |         0 
 84019 Thread 58 - PartitionProcessorThre...35f-ac41-4424f96a8d32-1-4 |  1305000 |   384000 |   472897181 |  16476433591 |         0 |      0 |  1667557568 |      0 |      0 |         0 
 84020 Thread 59 - PartitionProcessorThre...35f-ac41-4424f96a8d32-1-5 |  1297000 |   421000 |   481796939 |  16759296564 |         0 |      0 |  1766119326 |      0 |      0 |         0 
 84021 Thread 60 - PartitionProcessorThre...35f-ac41-4424f96a8d32-1-6 |  1168000 |   375000 |   432058685 |  15052166603 |         0 |      0 |  1619743387 |      0 |      0 |         0 
 84022 Thread 61 - PartitionProcessorThre...35f-ac41-4424f96a8d32-1-7 |  1192000 |   436000 |   456589130 |  15881333294 |         0 |      0 |  1651574165 |      0 |      0 |         0 
 84023 Thread 62 - PartitionProcessorThre...35f-ac41-4424f96a8d32-1-8 |  1189000 |   435000 |   455757450 |  15842294154 |         0 |      0 |  1593138507 |      0 |      0 |         0 
 84024 Thread 63 - PartitionProcessorThre...35f-ac41-4424f96a8d32-1-9 |  1272000 |   407000 |   470765876 |  16379050661 |         0 |      0 |  1636755053 |      0 |      0 |         0 
 84025 Thread 64 - PartitionProcessorThre...5f-ac41-4424f96a8d32-1-10 |  1275000 |   419000 |   474662751 |  16525247236 |         0 |      0 |  1730223291 |      0 |      0 |         0 
 84026 Thread 65 - PartitionProcessorThre...5f-ac41-4424f96a8d32-1-11 |  1178000 |   404000 |   443389466 |  15432630833 |         0 |      0 |  1653846221 |      0 |      0 |         0 
 84027 Thread 66 - PartitionProcessorThre...5f-ac41-4424f96a8d32-1-12 |  1297000 |   409000 |   478578728 |  16642282943 |         0 |      0 |  1811317208 |      0 |      0 |         0 
 84028 Thread 67 - PartitionProcessorThre...5f-ac41-4424f96a8d32-1-13 |  1217000 |   421000 |   459153575 |  15979006912 |         0 |      0 |  1809010611 |      0 |      0 |         0 
 84029 Thread 68 - PartitionProcessorThre...5f-ac41-4424f96a8d32-1-14 |  1303000 |   392000 |   475094572 |  16535067118 |         0 |      0 |  1764292431 |      0 |      0 |         0 
 84030 Thread 69 - PartitionProcessorThre...5f-ac41-4424f96a8d32-1-15 |  1260000 |   392000 |   463693236 |  16115762888 |         0 |      0 |  1774252234 |      0 |      0 |         0 
 84031 Thread 70 - PartitionProcessorThre...5f-ac41-4424f96a8d32-1-16 |  1239000 |   455000 |   475055165 |  16525443396 |         0 |      0 |  1946145846 |      0 |      0 |         0 
 84032 Thread 71 - PartitionProcessorThre...5f-ac41-4424f96a8d32-1-17 |  1284000 |   378000 |   466756372 |  16213465708 |         0 |      0 |  1568472270 |      0 |      0 |         0 
 84033 Thread 72 - PartitionProcessorThre...5f-ac41-4424f96a8d32-1-18 |  1304000 |   440000 |   489685360 |  17013206997 |         0 |      0 |  1648387611 |      0 |      0 |         0 
 84034 Thread 73 - PartitionProcessorThre...5f-ac41-4424f96a8d32-1-19 |  1201000 |   410000 |   452307052 |  15715700119 |         0 |      0 |  1587929430 |      0 |      0 |         0 
 84439 Thread 74 - process reaper                                     |     3000 |     1000 |     1181207 |     39110980 |         0 |      0 |           0 |      0 |      0 |         0 
 84445 Thread 75 - Attach Listener                                    |   368000 |   105000 |   135720741 |   4622235721 |   5304320 | 135168 |     2202095 |      0 |      0 |         0 
