                                 Task                                 |  utime   |  stime   |     rss     |     vmem     |   read    | write  |    d:cpu    |  d:bio   | d:swap | d:reclaim 
 86742 Thread 1 - main                                                |   631000 |   115000 |    44409447 |   5670669545 |  21204992 |   2048 |     6429264 |        0 |      0 |         0 
 86764 Thread 2 - Reference Handler                                   |     6000 |     1000 |      788746 |     55791863 |         0 |      0 |     1202573 |        0 |      0 |         0 
 86765 Thread 3 - Finalizer                                           |     6000 |        0 |      711570 |     48519734 |      5120 |      0 |     2019659 |        0 |      0 |         0 
 86766 Thread 4 - Surrogate Locker Thread (Concurrent GC)             |        0 |        0 |           0 |            0 |         0 |      0 |           0 |        0 |      0 |         0 
 86767 Thread 5 - Signal Dispatcher                                   |        0 |        0 |           0 |            0 |         0 |      0 |           0 |        0 |      0 |         0 
 86777 Thread 11 - DecatonSubscriptionThread-decaton-benchmark        | 31850000 | 34236000 | 19389920512 | 643550672027 | 636250112 | 144384 | 21241392958 |   148865 |      0 |         0 
 86778 Thread 13 - kafka-coordinator-hear...hread | decaton-benchmark |   275000 |    64000 |    99026397 |   3305357925 |   6819840 |   6144 |    53918282 |   473981 |      0 |         0 
 86783 Thread 14 - PartitionProcessorThre...026-a31c-43d1238bc744-0-0 |  1355000 |   485000 |   538046202 |  17926198271 |     39936 |      0 |  1676611950 |        0 |      0 |         0 
 86784 Thread 15 - PartitionProcessorThre...026-a31c-43d1238bc744-0-1 |  1460000 |   462000 |   563012690 |  18753312837 |         0 |      0 |  1674105715 |        0 |      0 |         0 
 86785 Thread 16 - PartitionProcessorThre...026-a31c-43d1238bc744-0-2 |  1396000 |   515000 |   558296269 |  18636365653 |    118784 |      0 |  1717046458 |        0 |      0 |         0 
 86786 Thread 17 - PartitionProcessorThre...026-a31c-43d1238bc744-0-3 |  1335000 |   433000 |   519363976 |  17249816763 |         0 |      0 |  1705738235 |        0 |      0 |         0 
 86787 Thread 18 - PartitionProcessorThre...026-a31c-43d1238bc744-0-4 |  1423000 |   459000 |   549785226 |  18357836423 |     18432 |      0 |  1599901596 |        0 |      0 |         0 
 86788 Thread 19 - PartitionProcessorThre...026-a31c-43d1238bc744-0-5 |  1358000 |   493000 |   543100886 |  18058443806 |         0 |      0 |  1409537627 |        0 |      0 |         0 
 86789 Thread 20 - PartitionProcessorThre...026-a31c-43d1238bc744-0-6 |  1379000 |   463000 |   540481261 |  17968377931 |      1024 |      0 |  1493484710 |        0 |      0 |         0 
 86790 Thread 21 - PartitionProcessorThre...026-a31c-43d1238bc744-0-7 |  1393000 |   469000 |   543947780 |  18165201837 |         0 |      0 |  1677268999 |        0 |      0 |         0 
 86791 Thread 22 - PartitionProcessorThre...026-a31c-43d1238bc744-0-8 |  1383000 |   463000 |   539467499 |  18009737880 |         0 |      0 |  1604811523 |        0 |      0 |         0 
 86792 Thread 23 - PartitionProcessorThre...026-a31c-43d1238bc744-0-9 |  1318000 |   466000 |   522622995 |  17405531298 |         0 |      0 |  1479569522 |        0 |      0 |         0 
 86793 Thread 24 - PartitionProcessorThre...26-a31c-43d1238bc744-0-10 |  1362000 |   454000 |   531306988 |  17718206462 |      3072 |      0 |  1481063423 |        0 |      0 |         0 
 86794 Thread 25 - PartitionProcessorThre...26-a31c-43d1238bc744-0-11 |  1388000 |   477000 |   548476116 |  18194885095 |         0 |      0 |  1726620764 |        0 |      0 |         0 
 86795 Thread 26 - PartitionProcessorThre...26-a31c-43d1238bc744-0-12 |  1391000 |   499000 |   552699608 |  18440362337 |         0 |      0 |  1614800748 |        0 |      0 |         0 
 86796 Thread 27 - PartitionProcessorThre...26-a31c-43d1238bc744-0-13 |  1369000 |   485000 |   541188327 |  18088019419 |         0 |      0 |  1701712114 |        0 |      0 |         0 
 86797 Thread 28 - PartitionProcessorThre...26-a31c-43d1238bc744-0-14 |  1446000 |   498000 |   569010694 |  18966638345 |         0 |      0 |  1401998142 |        0 |      0 |         0 
 86798 Thread 29 - PartitionProcessorThre...26-a31c-43d1238bc744-0-15 |  1369000 |   491000 |   542911112 |  18147667278 |         0 |      0 |  1407957688 |        0 |      0 |         0 
 86799 Thread 30 - PartitionProcessorThre...26-a31c-43d1238bc744-0-16 |  1374000 |   470000 |   539752027 |  17990520333 |         0 |      0 |  1442076836 |        0 |      0 |         0 
 86800 Thread 31 - PartitionProcessorThre...26-a31c-43d1238bc744-0-17 |  1322000 |   470000 |   525138800 |  17481688806 |     24576 |      0 |  1548581805 |        0 |      0 |         0 
 86801 Thread 32 - PartitionProcessorThre...26-a31c-43d1238bc744-0-18 |  1378000 |   483000 |   542638652 |  18156168403 |         0 |      0 |  1552362599 |        0 |      0 |         0 
 86802 Thread 33 - PartitionProcessorThre...26-a31c-43d1238bc744-0-19 |  1398000 |   452000 |   542528152 |  18049412181 |         0 |      0 |  1582633354 |        0 |      0 |         0 
 86803 Thread 34 - PartitionProcessorThre...026-a31c-43d1238bc744-2-0 |  1352000 |   489000 |   541955835 |  17961923079 |      1024 |      0 |  1635107720 |        0 |      0 |         0 
 86804 Thread 35 - PartitionProcessorThre...026-a31c-43d1238bc744-2-1 |  1367000 |   469000 |   542491726 |  17914603872 |         0 |      0 |  1633801848 |        0 |      0 |         0 
 86805 Thread 36 - PartitionProcessorThre...026-a31c-43d1238bc744-2-2 |  1373000 |   424000 |   529617546 |  17533683064 |         0 |      0 |  1481663564 |        0 |      0 |         0 
 86806 Thread 37 - PartitionProcessorThre...026-a31c-43d1238bc744-2-3 |  1335000 |   427000 |   520240585 |  17192589689 |         0 |      0 |  1497473738 |        0 |      0 |         0 
 86807 Thread 38 - PartitionProcessorThre...026-a31c-43d1238bc744-2-4 |  1368000 |   480000 |   544901913 |  18031244857 |         0 |      0 |  1658298335 |        0 |      0 |         0 
 86808 Thread 39 - PartitionProcessorThre...026-a31c-43d1238bc744-2-5 |  1305000 |   433000 |   512922117 |  16958900271 |         0 |      0 |  1530527477 |        0 |      0 |         0 
 86809 Thread 40 - PartitionProcessorThre...026-a31c-43d1238bc744-2-6 |  1352000 |   452000 |   533006480 |  17602793919 |         0 |      0 |  1487498947 |        0 |      0 |         0 
 86810 Thread 41 - PartitionProcessorThre...026-a31c-43d1238bc744-2-7 |  1309000 |   464000 |   525540991 |  17300918771 |         0 |      0 |  1636087003 |        0 |      0 |         0 
 86811 Thread 42 - PartitionProcessorThre...026-a31c-43d1238bc744-2-8 |  1281000 |   468000 |   515449992 |  17065831954 |         0 |      0 |  1687563545 |        0 |      0 |         0 
 86812 Thread 43 - PartitionProcessorThre...026-a31c-43d1238bc744-2-9 |  1365000 |   429000 |   528560878 |  17504961599 |         0 |      0 |  1685097692 |        0 |      0 |         0 
 86813 Thread 44 - PartitionProcessorThre...26-a31c-43d1238bc744-2-10 |  1279000 |   467000 |   516026878 |  17036798282 |         0 |      0 |  1685419475 |        0 |      0 |         0 
 86814 Thread 45 - PartitionProcessorThre...26-a31c-43d1238bc744-2-11 |  1313000 |   423000 |   512767296 |  16939312923 |         0 |      0 |  1667948859 |        0 |      0 |         0 
 86815 Thread 46 - PartitionProcessorThre...26-a31c-43d1238bc744-2-12 |  1321000 |   463000 |   527698714 |  17408169486 |         0 |      0 |  1641791827 |        0 |      0 |         0 
 86816 Thread 47 - PartitionProcessorThre...26-a31c-43d1238bc744-2-13 |  1294000 |   435000 |   511377179 |  16870745622 |         0 |      0 |  1566380837 |  1111836 |      0 |         0 
 86817 Thread 48 - PartitionProcessorThre...26-a31c-43d1238bc744-2-14 |  1340000 |   508000 |   547372163 |  18032128728 |         0 |      0 |  1758598421 |        0 |      0 |         0 
 86818 Thread 49 - PartitionProcessorThre...26-a31c-43d1238bc744-2-15 |  1364000 |   476000 |   543804745 |  17953935060 |         0 |      0 |  1473291101 |        0 |      0 |         0 
 86819 Thread 50 - PartitionProcessorThre...26-a31c-43d1238bc744-2-16 |  1408000 |   458000 |   551443159 |  18207420837 |         0 |      0 |  1736400157 |        0 |      0 |         0 
 86820 Thread 51 - PartitionProcessorThre...26-a31c-43d1238bc744-2-17 |  1313000 |   445000 |   519055839 |  17153128224 |         0 |      0 |  1578979708 |        0 |      0 |         0 
 86821 Thread 52 - PartitionProcessorThre...26-a31c-43d1238bc744-2-18 |  1349000 |   498000 |   546475687 |  18021750423 |         0 |      0 |  1520464451 |        0 |      0 |         0 
 86822 Thread 53 - PartitionProcessorThre...26-a31c-43d1238bc744-2-19 |  1387000 |   444000 |   539716198 |  17865342720 |         0 |      0 |  1590022106 |        0 |      0 |         0 
 86823 Thread 54 - PartitionProcessorThre...026-a31c-43d1238bc744-1-0 |  1285000 |   520000 |   534981445 |  17612282763 |         0 |      0 |  1445499187 |        0 |      0 |         0 
 86824 Thread 55 - PartitionProcessorThre...026-a31c-43d1238bc744-1-1 |  1325000 |   455000 |   526602925 |  17368294036 |         0 |      0 |  1526383207 |        0 |      0 |         0 
 86825 Thread 56 - PartitionProcessorThre...026-a31c-43d1238bc744-1-2 |  1405000 |   441000 |   546871968 |  18012559860 |         0 |      0 |  1412376719 |        0 |      0 |         0 
 86826 Thread 57 - PartitionProcessorThre...026-a31c-43d1238bc744-1-3 |  1331000 |   463000 |   532666492 |  17505810661 |         0 |      0 |  1493070627 |        0 |      0 |         0 
 86827 Thread 58 - PartitionProcessorThre...026-a31c-43d1238bc744-1-4 |  1310000 |   470000 |   528361949 |  17369366411 |         0 |      0 |  1571557076 |        0 |      0 |         0 
 86828 Thread 59 - PartitionProcessorThre...026-a31c-43d1238bc744-1-5 |  1241000 |   505000 |   516399339 |  17036904693 |         0 |      0 |  1401306046 |        0 |      0 |         0 
 86829 Thread 60 - PartitionProcessorThre...026-a31c-43d1238bc744-1-6 |  1383000 |   470000 |   550053468 |  18081441677 |         0 |      0 |  1481010036 |        0 |      0 |         0 
 86830 Thread 61 - PartitionProcessorThre...026-a31c-43d1238bc744-1-7 |  1322000 |   465000 |   528873952 |  17436833724 |         0 |      0 |  1574452404 |        0 |      0 |         0 
 86831 Thread 62 - PartitionProcessorThre...026-a31c-43d1238bc744-1-8 |  1341000 |   466000 |   534623281 |  17631738907 |         0 |      0 |  1241858862 |        0 |      0 |         0 
 86832 Thread 63 - PartitionProcessorThre...026-a31c-43d1238bc744-1-9 |  1306000 |   466000 |   524499089 |  17290012794 |         0 |      0 |  1329010897 | 38689535 |      0 |         0 
 86833 Thread 64 - PartitionProcessorThre...26-a31c-43d1238bc744-1-10 |  1337000 |   469000 |   534263085 |  17622141361 |         0 |      0 |  1567247202 |        0 |      0 |         0 
 86834 Thread 65 - PartitionProcessorThre...26-a31c-43d1238bc744-1-11 |  1410000 |   459000 |   554422093 |  18237847095 |         0 |      0 |  1659479934 |        0 |      0 |         0 
 86835 Thread 66 - PartitionProcessorThre...26-a31c-43d1238bc744-1-12 |  1315000 |   479000 |   530397449 |  17504513958 |         0 |      0 |  1619215450 |        0 |      0 |         0 
 86836 Thread 67 - PartitionProcessorThre...26-a31c-43d1238bc744-1-13 |  1411000 |   497000 |   564929913 |  18617646208 |         0 |      0 |  1606113422 |        0 |      0 |         0 
 86837 Thread 68 - PartitionProcessorThre...26-a31c-43d1238bc744-1-14 |  1360000 |   505000 |   553539347 |  18198527364 |         0 |      0 |  1786983417 |        0 |      0 |         0 
 86838 Thread 69 - PartitionProcessorThre...26-a31c-43d1238bc744-1-15 |  1430000 |   496000 |   569300495 |  18792594919 |         0 |      0 |  1560636925 |        0 |      0 |         0 
 86839 Thread 70 - PartitionProcessorThre...26-a31c-43d1238bc744-1-16 |  1394000 |   481000 |   556248995 |  18295965681 |         0 |      0 |  1614611229 |        0 |      0 |         0 
 86840 Thread 71 - PartitionProcessorThre...26-a31c-43d1238bc744-1-17 |  1427000 |   468000 |   561150651 |  18490899411 |         0 |      0 |  1675612092 |        0 |      0 |         0 
 86841 Thread 72 - PartitionProcessorThre...26-a31c-43d1238bc744-1-18 |  1370000 |   452000 |   539636300 |  17778050919 |         0 |      0 |  1566939946 |        0 |      0 |         0 
 86842 Thread 73 - PartitionProcessorThre...26-a31c-43d1238bc744-1-19 |  1435000 |   461000 |   563206140 |  18501364052 |         0 |      0 |  1643671848 |        0 |      0 |         0 
 87284 Thread 74 - process reaper                                     |     1000 |        0 |      308890 |      9785675 |         0 |      0 |      410142 |        0 |      0 |         0 
 87289 Thread 75 - Attach Listener                                    |   389000 |   108000 |   149808671 |   4857010330 |   5304320 | 377856 |     1631372 |        0 |      0 |         0 
