                                 Task                                 |  utime   |  stime   |     rss     |     vmem     |   read    | write  |    d:cpu    | d:bio | d:swap | d:reclaim 
 36316 Thread 1 - main                                                |  1018000 |   105000 |    76141599 |   7854014174 |  14848000 |   1024 |    10851744 |     0 |      0 |         0 
 36323 Thread 2 - Reference Handler                                   |        0 |     1000 |       16886 |      6147683 |         0 |      0 |      729307 |     0 |      0 |         0 
 36324 Thread 3 - Finalizer                                           |        0 |        0 |           0 |            0 |      5120 |      0 |       71633 |     0 |      0 |         0 
 36325 Thread 4 - Signal Dispatcher                                   |        0 |        0 |           0 |            0 |         0 |      0 |           0 |     0 |      0 |         0 
 36331 Thread 11 - Common-Cleaner                                     |        0 |        0 |           0 |            0 |         0 |      0 |      267647 |     0 |      0 |         0 
 36335 Thread 13 - RMI Scheduler(0)                                   |     2000 |        0 |      436464 |     16802277 |      1024 |      0 |        9621 |     0 |      0 |         0 
 36341 Thread 14 - RMI RenewClean-[10.231.182.152:41944]              |     2000 |     1000 |      249976 |     22050511 |         0 |      0 |       19331 |     0 |      0 |         0 
 36342 Thread 15 - RMI GC Daemon                                      |        0 |        0 |           0 |            0 |         0 |      0 |           0 |     0 |      0 |         0 
 36357 Thread 16 - DecatonSubscriptionThread-decaton-benchmark        | 25140000 | 35071000 | 21584158371 | 594010741348 | 625487872 |  99328 | 13985233761 | 78079 |      0 |         0 
 36364 Thread 17 - kafka-coordinator-hear...hread | decaton-benchmark |   234000 |    37000 |    95676065 |   2668586397 |   4940800 |   5120 |    17262584 | 68355 |      0 |         0 
 36367 Thread 18 - PartitionProcessorThre...78f-9979-5a988fa0cce1-2-0 |  1199000 |   441000 |   580724270 |  16176411038 |     41984 |      0 |  1120007725 |     0 |      0 |         0 
 36368 Thread 19 - PartitionProcessorThre...78f-9979-5a988fa0cce1-2-1 |  1241000 |   414000 |   583940504 |  16326637390 |         0 |      0 |  1014695080 |     0 |      0 |         0 
 36369 Thread 20 - PartitionProcessorThre...78f-9979-5a988fa0cce1-2-2 |  1141000 |   442000 |   560452575 |  15621868249 |         0 |      0 |  1038595375 |     0 |      0 |         0 
 36370 Thread 21 - PartitionProcessorThre...78f-9979-5a988fa0cce1-2-3 |  1213000 |   415000 |   578587289 |  16075388753 |         0 |      0 |  1052330468 |     0 |      0 |         0 
 36371 Thread 22 - PartitionProcessorThre...78f-9979-5a988fa0cce1-2-4 |  1182000 |   414000 |   563631160 |  15743455164 |         0 |      0 |  1159548168 |     0 |      0 |         0 
 36372 Thread 23 - PartitionProcessorThre...78f-9979-5a988fa0cce1-2-5 |  1186000 |   415000 |   564799360 |  15794716164 |         0 |      0 |  1020701948 |     0 |      0 |         0 
 36373 Thread 24 - PartitionProcessorThre...78f-9979-5a988fa0cce1-2-6 |  1212000 |   411000 |   572835153 |  16012053554 |         0 |      0 |  1094001675 |     0 |      0 |         0 
 36374 Thread 25 - PartitionProcessorThre...78f-9979-5a988fa0cce1-2-7 |  1202000 |   423000 |   573682207 |  16029884995 |         0 |      0 |  1031851795 |     0 |      0 |         0 
 36375 Thread 26 - PartitionProcessorThre...78f-9979-5a988fa0cce1-2-8 |  1217000 |   451000 |   590725301 |  16463090874 |         0 |      0 |  1028934005 |     0 |      0 |         0 
 36376 Thread 27 - PartitionProcessorThre...78f-9979-5a988fa0cce1-2-9 |  1202000 |   433000 |   578155461 |  16137607058 |         0 |      0 |  1218676118 |     0 |      0 |         0 
 36377 Thread 28 - PartitionProcessorThre...8f-9979-5a988fa0cce1-2-10 |  1228000 |   448000 |   593456426 |  16540353574 |         0 |      0 |  1058963130 |     0 |      0 |         0 
 36378 Thread 29 - PartitionProcessorThre...8f-9979-5a988fa0cce1-2-11 |  1202000 |   408000 |   572316071 |  15889772781 |         0 |      0 |  1011675494 |     0 |      0 |         0 
 36379 Thread 30 - PartitionProcessorThre...8f-9979-5a988fa0cce1-2-12 |  1195000 |   411000 |   569324188 |  15854932820 |      1024 |      0 |   985577429 |     0 |      0 |         0 
 36380 Thread 31 - PartitionProcessorThre...8f-9979-5a988fa0cce1-2-13 |  1140000 |   406000 |   553314125 |  15264329816 |         0 |      0 |  1146732724 |     0 |      0 |         0 
 36381 Thread 32 - PartitionProcessorThre...8f-9979-5a988fa0cce1-2-14 |  1111000 |   426000 |   547583383 |  15174156890 |      1024 |      0 |  1048635650 |     0 |      0 |         0 
 36382 Thread 33 - PartitionProcessorThre...8f-9979-5a988fa0cce1-2-15 |  1086000 |   415000 |   534931422 |  14817841859 |      2048 |      0 |  1087752733 |     0 |      0 |         0 
 36383 Thread 34 - PartitionProcessorThre...8f-9979-5a988fa0cce1-2-16 |  1070000 |   400000 |   519288004 |  14500737406 |         0 |      0 |   937990042 |     0 |      0 |         0 
 36384 Thread 35 - PartitionProcessorThre...8f-9979-5a988fa0cce1-2-17 |  1091000 |   362000 |   513822161 |  14340206515 |         0 |      0 |  1063917493 |     0 |      0 |         0 
 36385 Thread 36 - PartitionProcessorThre...8f-9979-5a988fa0cce1-2-18 |  1177000 |   388000 |   557326250 |  15445847242 |      1024 |      0 |   932878316 |     0 |      0 |         0 
 36386 Thread 37 - PartitionProcessorThre...8f-9979-5a988fa0cce1-2-19 |  1131000 |   420000 |   551174633 |  15311043265 |      5120 |      0 |  1071172256 |     0 |      0 |         0 
 36392 Thread 38 - PartitionProcessorThre...78f-9979-5a988fa0cce1-0-0 |  1173000 |   399000 |   564543790 |  15547007449 |         0 |      0 |  1025405619 |     0 |      0 |         0 
 36393 Thread 39 - PartitionProcessorThre...78f-9979-5a988fa0cce1-0-1 |  1205000 |   382000 |   568611997 |  15695298003 |         0 |      0 |   946544639 |     0 |      0 |         0 
 36394 Thread 40 - PartitionProcessorThre...78f-9979-5a988fa0cce1-0-2 |  1129000 |   381000 |   541763790 |  14933827191 |         0 |      0 |  1005732230 |     0 |      0 |         0 
 36395 Thread 41 - PartitionProcessorThre...78f-9979-5a988fa0cce1-0-3 |  1130000 |   395000 |   548260520 |  15082555234 |         0 |      0 |  1022787062 |     0 |      0 |         0 
 36396 Thread 42 - PartitionProcessorThre...78f-9979-5a988fa0cce1-0-4 |  1122000 |   384000 |   539508840 |  14894580593 |         0 |      0 |   925288043 |     0 |      0 |         0 
 36397 Thread 43 - PartitionProcessorThre...78f-9979-5a988fa0cce1-0-5 |  1136000 |   400000 |   549353629 |  15190819992 |         0 |      0 |  1107685913 |     0 |      0 |         0 
 36398 Thread 44 - PartitionProcessorThre...78f-9979-5a988fa0cce1-0-6 |  1090000 |   401000 |   536573708 |  14745561629 |         0 |      0 |  1022573989 |     0 |      0 |         0 
 36399 Thread 45 - PartitionProcessorThre...78f-9979-5a988fa0cce1-0-7 |  1131000 |   419000 |   554980551 |  15329727718 |         0 |      0 |   972833746 |     0 |      0 |         0 
 36400 Thread 46 - PartitionProcessorThre...78f-9979-5a988fa0cce1-0-8 |  1098000 |   456000 |   557479043 |  15369618476 |         0 |      0 |  1004099555 |     0 |      0 |         0 
 36401 Thread 47 - PartitionProcessorThre...78f-9979-5a988fa0cce1-0-9 |  1147000 |   390000 |   553394161 |  15201670086 |         0 |      0 |   989053464 |     0 |      0 |         0 
 36402 Thread 48 - PartitionProcessorThre...8f-9979-5a988fa0cce1-0-10 |  1206000 |   379000 |   568459086 |  15675878199 |         0 |      0 |  1039693166 |     0 |      0 |         0 
 36403 Thread 49 - PartitionProcessorThre...8f-9979-5a988fa0cce1-0-11 |  1146000 |   420000 |   562190102 |  15487636343 |         0 |      0 |  1009451424 |     0 |      0 |         0 
 36404 Thread 50 - PartitionProcessorThre...8f-9979-5a988fa0cce1-0-12 |  1154000 |   407000 |   560325352 |  15438497722 |         0 |      0 |  1082001392 |     0 |      0 |         0 
 36405 Thread 51 - PartitionProcessorThre...8f-9979-5a988fa0cce1-0-13 |  1088000 |   399000 |   535936032 |  14707104863 |         0 |      0 |  1021868655 |     0 |      0 |         0 
 36406 Thread 52 - PartitionProcessorThre...8f-9979-5a988fa0cce1-0-14 |  1161000 |   412000 |   564338606 |  15557430812 |         0 |      0 |   975000191 |     0 |      0 |         0 
 36407 Thread 53 - PartitionProcessorThre...8f-9979-5a988fa0cce1-0-15 |  1134000 |   443000 |   566020071 |  15596919437 |         0 |      0 |  1044798186 |     0 |      0 |         0 
 36408 Thread 54 - PartitionProcessorThre...8f-9979-5a988fa0cce1-0-16 |  1203000 |   422000 |   584784410 |  16071496839 |         0 |      0 |  1132196930 |     0 |      0 |         0 
 36409 Thread 55 - PartitionProcessorThre...8f-9979-5a988fa0cce1-0-17 |  1096000 |   407000 |   539273380 |  14864625847 |         0 |      0 |  1125012147 |     0 |      0 |         0 
 36410 Thread 56 - PartitionProcessorThre...8f-9979-5a988fa0cce1-0-18 |  1199000 |   418000 |   578804086 |  15992353249 |         0 |      0 |  1115246540 |     0 |      0 |         0 
 36411 Thread 57 - PartitionProcessorThre...8f-9979-5a988fa0cce1-0-19 |  1174000 |   400000 |   563562114 |  15566931187 |         0 |      0 |  1007816922 |     0 |      0 |         0 
 36412 Thread 58 - PartitionProcessorThre...78f-9979-5a988fa0cce1-1-0 |  1083000 |   410000 |   539492496 |  14766354828 |         0 |      0 |  1007333825 |     0 |      0 |         0 
 36413 Thread 59 - PartitionProcessorThre...78f-9979-5a988fa0cce1-1-1 |  1087000 |   400000 |   536120614 |  14706603656 |         0 |      0 |   969387525 |     0 |      0 |         0 
 36414 Thread 60 - PartitionProcessorThre...78f-9979-5a988fa0cce1-1-2 |  1115000 |   389000 |   540567840 |  14873699589 |         0 |      0 |  1120220668 |     0 |      0 |         0 
 36415 Thread 61 - PartitionProcessorThre...78f-9979-5a988fa0cce1-1-3 |  1106000 |   407000 |   545447422 |  14963033121 |         0 |      0 |  1153702667 |     0 |      0 |         0 
 36416 Thread 62 - PartitionProcessorThre...78f-9979-5a988fa0cce1-1-4 |  1146000 |   445000 |   573835930 |  15734424308 |         0 |      0 |   984723295 |     0 |      0 |         0 
 36417 Thread 63 - PartitionProcessorThre...78f-9979-5a988fa0cce1-1-5 |  1159000 |   405000 |   562934625 |  15467101632 |         0 |      0 |   979451057 |     0 |      0 |         0 
 36418 Thread 64 - PartitionProcessorThre...78f-9979-5a988fa0cce1-1-6 |  1132000 |   403000 |   551822938 |  15181180843 |         0 |      0 |  1027507212 |     0 |      0 |         0 
 36419 Thread 65 - PartitionProcessorThre...78f-9979-5a988fa0cce1-1-7 |  1079000 |   408000 |   535225403 |  14706597414 |         0 |      0 |  1050237950 |     0 |      0 |         0 
 36420 Thread 66 - PartitionProcessorThre...78f-9979-5a988fa0cce1-1-8 |  1176000 |   419000 |   574312250 |  15774430019 |         0 |      0 |  1142463831 |     0 |      0 |         0 
 36421 Thread 67 - PartitionProcessorThre...78f-9979-5a988fa0cce1-1-9 |  1210000 |   400000 |   579889512 |  15923322714 |         0 |      0 |  1007331721 |     0 |      0 |         0 
 36422 Thread 68 - PartitionProcessorThre...8f-9979-5a988fa0cce1-1-10 |  1123000 |   424000 |   560314176 |  15300505632 |         0 |      0 |  1045874195 |     0 |      0 |         0 
 36423 Thread 69 - PartitionProcessorThre...8f-9979-5a988fa0cce1-1-11 |  1140000 |   358000 |   541942004 |  14815790359 |         0 |      0 |  1051989109 |     0 |      0 |         0 
 36424 Thread 70 - PartitionProcessorThre...8f-9979-5a988fa0cce1-1-12 |  1129000 |   396000 |   552172129 |  15083004562 |         0 |      0 |  1121651826 |     0 |      0 |         0 
 36425 Thread 71 - PartitionProcessorThre...8f-9979-5a988fa0cce1-1-13 |  1118000 |   388000 |   545148700 |  14894927086 |         0 |      0 |  1176239664 |     0 |      0 |         0 
 36426 Thread 72 - PartitionProcessorThre...8f-9979-5a988fa0cce1-1-14 |  1155000 |   404000 |   562656715 |  15418946152 |         0 |      0 |  1277536406 |     0 |      0 |         0 
 36427 Thread 73 - PartitionProcessorThre...8f-9979-5a988fa0cce1-1-15 |  1107000 |   446000 |   560352243 |  15359654324 |         0 |      0 |  1073957981 |     0 |      0 |         0 
 36428 Thread 74 - PartitionProcessorThre...8f-9979-5a988fa0cce1-1-16 |  1067000 |   421000 |   537661809 |  14716150668 |         0 |      0 |  1132487217 |     0 |      0 |         0 
 36429 Thread 75 - PartitionProcessorThre...8f-9979-5a988fa0cce1-1-17 |  1073000 |   423000 |   540253543 |  14795569578 |         0 |      0 |   999628183 |     0 |      0 |         0 
 36430 Thread 76 - PartitionProcessorThre...8f-9979-5a988fa0cce1-1-18 |  1098000 |   379000 |   533895227 |  14607692586 |         0 |      0 |  1152672747 |     0 |      0 |         0 
 36431 Thread 77 - PartitionProcessorThre...8f-9979-5a988fa0cce1-1-19 |  1110000 |   397000 |   545016200 |  14904920976 |         0 |      0 |  1081796087 |     0 |      0 |         0 
 36758 Thread 78 - process reaper                                     |     1000 |     2000 |     1149460 |     29720999 |      1024 |      0 |     1002978 |     0 |      0 |         0 
 36760 Thread 79 - Attach Listener                                    |   114000 |   101000 |    80973077 |   2130898519 |   4657152 | 305152 |      699139 |     0 |      0 |         0 
