                                 Task                                 |  utime   |  stime   |     rss     |     vmem     |   read    | write  |    d:cpu    |  d:bio  | d:swap | d:reclaim 
 20061 Thread 1 - main                                                |   860000 |   123000 |    69469814 |   7543496748 |  34139136 |   1024 |    21494666 |       0 |      0 |         0 
 20083 Thread 2 - Reference Handler                                   |     5000 |        0 |      524277 |     41403546 |         0 |      0 |     1036744 |       0 |      0 |         0 
 20084 Thread 3 - Finalizer                                           |     4000 |     1000 |      372316 |     38707140 |      5120 |      0 |     6557632 |       0 |      0 |         0 
 20085 Thread 4 - Surrogate Locker Thread (Concurrent GC)             |        0 |        0 |           0 |            0 |         0 |      0 |           0 |       0 |      0 |         0 
 20086 Thread 5 - Signal Dispatcher                                   |     1000 |        0 |      548082 |      9757746 |         0 |      0 |           0 |       0 |      0 |         0 
 20099 Thread 12 - RMI Scheduler(0)                                   |     3000 |        0 |     1192925 |     27307496 |      4096 |      0 |      726217 |       0 |      0 |         0 
 20100 Thread 13 - RMI RenewClean-[10.231.182.152:36903]              |        0 |        0 |           0 |            0 |      1024 |      0 |           0 |       0 |      0 |         0 
 20101 Thread 14 - GC Daemon                                          |        0 |     1000 |       75871 |      7893246 |         0 |      0 |           0 |       0 |      0 |         0 
 20103 Thread 15 - DecatonSubscriptionThread-decaton-benchmark        | 29954000 | 30659000 | 31489075526 | 590589982568 | 572480512 | 158720 | 23716822140 |  628078 |      0 | 141605200 
 20104 Thread 16 - kafka-coordinator-hear...hread | decaton-benchmark |   243000 |    87000 |   163472249 |   3213819667 |   7169024 |   5120 |    55135359 |  653065 |      0 |  28859914 
 20107 Thread 17 - PartitionProcessorThre...5f8-bbb7-6a053e59eac3-1-0 |  1268000 |   411000 |   880497614 |  16381819454 |     33792 |      0 |  2242131220 |       0 |      0 |   5162151 
 20108 Thread 18 - PartitionProcessorThre...5f8-bbb7-6a053e59eac3-1-1 |  1260000 |   483000 |   905854274 |  17006631337 |         0 |      0 |  2491344808 |       0 |      0 |  21615528 
 20109 Thread 19 - PartitionProcessorThre...5f8-bbb7-6a053e59eac3-1-2 |  1309000 |   402000 |   889155208 |  16693963024 |      2048 |      0 |  2272722197 |       0 |      0 |         0 
 20110 Thread 20 - PartitionProcessorThre...5f8-bbb7-6a053e59eac3-1-3 |  1210000 |   416000 |   854217837 |  15866617696 |         0 |      0 |  2308408055 |       0 |      0 |   4975469 
 20111 Thread 21 - PartitionProcessorThre...5f8-bbb7-6a053e59eac3-1-4 |  1339000 |   396000 |   913794883 |  16931030895 |         0 |      0 |  2409313585 |       0 |      0 |         0 
 20112 Thread 22 - PartitionProcessorThre...5f8-bbb7-6a053e59eac3-1-5 |  1299000 |   450000 |   910930520 |  17067269329 |         0 |      0 |  2462093823 |       0 |      0 |   9494504 
 20113 Thread 23 - PartitionProcessorThre...5f8-bbb7-6a053e59eac3-1-6 |  1299000 |   400000 |   890593532 |  16579298610 |         0 |      0 |  2302807551 |       0 |      0 |         0 
 20114 Thread 24 - PartitionProcessorThre...5f8-bbb7-6a053e59eac3-1-7 |  1185000 |   391000 |   819298880 |  15379012294 |      1024 |      0 |  2123524214 |       0 |      0 |         0 
 20115 Thread 25 - PartitionProcessorThre...5f8-bbb7-6a053e59eac3-1-8 |  1223000 |   392000 |   843425266 |  15758387325 |    117760 |      0 |  2592053046 |       0 |      0 |         0 
 20116 Thread 26 - PartitionProcessorThre...5f8-bbb7-6a053e59eac3-1-9 |  1317000 |   393000 |   895042024 |  16686082130 |         0 |      0 |  2191783956 |       0 |      0 |         0 
 20117 Thread 27 - PartitionProcessorThre...f8-bbb7-6a053e59eac3-1-10 |  1308000 |   439000 |   907445083 |  17047777946 |         0 |      0 |  2256037654 |       0 |      0 |  21475859 
 20118 Thread 28 - PartitionProcessorThre...f8-bbb7-6a053e59eac3-1-11 |  1281000 |   446000 |   906456004 |  16852731239 |         0 |      0 |  2327326708 |       0 |      0 |         0 
 20119 Thread 29 - PartitionProcessorThre...f8-bbb7-6a053e59eac3-1-12 |  1285000 |   382000 |   863584731 |  16266244790 |         0 |      0 |  2248008856 |       0 |      0 |         0 
 20120 Thread 30 - PartitionProcessorThre...f8-bbb7-6a053e59eac3-1-13 |  1249000 |   437000 |   873291997 |  16452437001 |         0 |      0 |  2302975098 |       0 |      0 |         0 
 20121 Thread 31 - PartitionProcessorThre...f8-bbb7-6a053e59eac3-1-14 |  1293000 |   402000 |   882983876 |  16539951157 |         0 |      0 |  2549766702 |       0 |      0 |   4734045 
 20122 Thread 32 - PartitionProcessorThre...f8-bbb7-6a053e59eac3-1-15 |  1216000 |   415000 |   846292778 |  15915188610 |      6144 |      0 |  2201784393 |       0 |      0 |         0 
 20123 Thread 33 - PartitionProcessorThre...f8-bbb7-6a053e59eac3-1-16 |  1230000 |   435000 |   870074723 |  16247512286 |         0 |      0 |  2171350583 |       0 |      0 |         0 
 20124 Thread 34 - PartitionProcessorThre...f8-bbb7-6a053e59eac3-1-17 |  1314000 |   398000 |   892356145 |  16706071341 |         0 |      0 |  2044113908 |       0 |      0 |   4878529 
 20125 Thread 35 - PartitionProcessorThre...f8-bbb7-6a053e59eac3-1-18 |  1289000 |   455000 |   918638622 |  17018734895 |         0 |      0 |  2257235257 |       0 |      0 |         0 
 20126 Thread 36 - PartitionProcessorThre...f8-bbb7-6a053e59eac3-1-19 |  1316000 |   436000 |   915259571 |  17096228876 |         0 |      0 |  2368093163 |       0 |      0 |         0 
 20127 Thread 37 - PartitionProcessorThre...5f8-bbb7-6a053e59eac3-0-0 |  1270000 |   430000 |   878375364 |  16588535673 |         0 |      0 |  2351711543 |       0 |      0 |         0 
 20128 Thread 38 - PartitionProcessorThre...5f8-bbb7-6a053e59eac3-0-1 |  1262000 |   399000 |   868293282 |  16208599720 |         0 |      0 |  2630711733 |       0 |      0 |         0 
 20129 Thread 39 - PartitionProcessorThre...5f8-bbb7-6a053e59eac3-0-2 |  1226000 |   414000 |   857120837 |  16003768524 |      1024 |      0 |  2143815293 |       0 |      0 |         0 
 20130 Thread 40 - PartitionProcessorThre...5f8-bbb7-6a053e59eac3-0-3 |  1325000 |   436000 |   901375094 |  17184373071 |         0 |      0 |  2237471940 |       0 |      0 |  62170803 
 20131 Thread 41 - PartitionProcessorThre...5f8-bbb7-6a053e59eac3-0-4 |  1341000 |   416000 |   916620188 |  17145431091 |         0 |      0 |  2312230144 |       0 |      0 |   8174958 
 20132 Thread 42 - PartitionProcessorThre...5f8-bbb7-6a053e59eac3-0-5 |  1287000 |   432000 |   898495344 |  16774782845 |         0 |      0 |  2554016808 |       0 |      0 |         0 
 20133 Thread 43 - PartitionProcessorThre...5f8-bbb7-6a053e59eac3-0-6 |  1301000 |   402000 |   887557079 |  16619215966 |         0 |      0 |  2240328223 |       0 |      0 |         0 
 20134 Thread 44 - PartitionProcessorThre...5f8-bbb7-6a053e59eac3-0-7 |  1327000 |   435000 |   920282086 |  17194421606 |         0 |      0 |  2172051272 |       0 |      0 |         0 
 20135 Thread 45 - PartitionProcessorThre...5f8-bbb7-6a053e59eac3-0-8 |  1385000 |   388000 |   923173387 |  17301704169 |         0 |      0 |  2281527042 |       0 |      0 |         0 
 20136 Thread 46 - PartitionProcessorThre...5f8-bbb7-6a053e59eac3-0-9 |  1280000 |   436000 |   895054446 |  16745389536 |         0 |      0 |  2599961106 |       0 |      0 |         0 
 20137 Thread 47 - PartitionProcessorThre...f8-bbb7-6a053e59eac3-0-10 |  1278000 |   393000 |   874457305 |  16306333016 |         0 |      0 |  2288862167 |       0 |      0 |   4419016 
 20138 Thread 48 - PartitionProcessorThre...f8-bbb7-6a053e59eac3-0-11 |  1264000 |   386000 |   863415673 |  16101586099 |         0 |      0 |  2378826496 |       0 |      0 |         0 
 20139 Thread 49 - PartitionProcessorThre...f8-bbb7-6a053e59eac3-0-12 |  1329000 |   423000 |   908361290 |  17096507157 |         0 |      0 |  2223213147 |       0 |      0 |  17373983 
 20140 Thread 50 - PartitionProcessorThre...f8-bbb7-6a053e59eac3-0-13 |  1324000 |   440000 |   918870255 |  17214121915 |         0 |      0 |  2157689523 |       0 |      0 |  14874849 
 20141 Thread 51 - PartitionProcessorThre...f8-bbb7-6a053e59eac3-0-14 |  1276000 |   444000 |   898964622 |  16784407403 |         0 |      0 |  2458096029 |       0 |      0 |         0 
 20142 Thread 52 - PartitionProcessorThre...f8-bbb7-6a053e59eac3-0-15 |  1321000 |   452000 |   923354430 |  17301609442 |         0 |      0 |  2650970873 |       0 |      0 |  38315711 
 20143 Thread 53 - PartitionProcessorThre...f8-bbb7-6a053e59eac3-0-16 |  1290000 |   437000 |   890430024 |  16852576098 |         0 |      0 |  2327239397 |       0 |      0 |  19814374 
 20144 Thread 54 - PartitionProcessorThre...f8-bbb7-6a053e59eac3-0-17 |  1184000 |   444000 |   843675149 |  15887277044 |         0 |      0 |  2410733221 |       0 |      0 |   5738347 
 20145 Thread 55 - PartitionProcessorThre...f8-bbb7-6a053e59eac3-0-18 |  1286000 |   398000 |   876788227 |  16433461809 |         0 |      0 |  2602061955 |       0 |      0 |         0 
 20146 Thread 56 - PartitionProcessorThre...f8-bbb7-6a053e59eac3-0-19 |  1316000 |   436000 |   916112134 |  17097044770 |         0 |      0 |  2407883650 |       0 |      0 |   8514234 
 20148 Thread 57 - PartitionProcessorThre...5f8-bbb7-6a053e59eac3-2-0 |  1200000 |   421000 |   845694938 |  15817959102 |         0 |      0 |  2796607911 |       0 |      0 |         0 
 20149 Thread 58 - PartitionProcessorThre...5f8-bbb7-6a053e59eac3-2-1 |  1238000 |   397000 |   853635903 |  15954906028 |         0 |      0 |  2282298783 |       0 |      0 |   4687349 
 20150 Thread 59 - PartitionProcessorThre...5f8-bbb7-6a053e59eac3-2-2 |  1227000 |   455000 |   878185231 |  16413903958 |         0 |      0 |  2322041827 |       0 |      0 |         0 
 20151 Thread 60 - PartitionProcessorThre...5f8-bbb7-6a053e59eac3-2-3 |  1349000 |   417000 |   918881645 |  17233535926 |         0 |      0 |  2120467111 |       0 |      0 |         0 
 20152 Thread 61 - PartitionProcessorThre...5f8-bbb7-6a053e59eac3-2-4 |  1349000 |   438000 |   935463110 |  17437930485 |         0 |      0 |  2195443588 |       0 |      0 |   5494559 
 20153 Thread 62 - PartitionProcessorThre...5f8-bbb7-6a053e59eac3-2-5 |  1343000 |   444000 |   943207090 |  17437720325 |         0 |      0 |  2366961222 |       0 |      0 |         0 
 20154 Thread 63 - PartitionProcessorThre...5f8-bbb7-6a053e59eac3-2-6 |  1356000 |   425000 |   931548039 |  17379736981 |         0 |      0 |  2347040443 |       0 |      0 |  14141420 
 20155 Thread 64 - PartitionProcessorThre...5f8-bbb7-6a053e59eac3-2-7 |  1278000 |   416000 |   889701520 |  16530450888 |         0 |      0 |  2430112399 |       0 |      0 |         0 
 20156 Thread 65 - PartitionProcessorThre...5f8-bbb7-6a053e59eac3-2-8 |  1282000 |   429000 |   891110071 |  16696861145 |  10831872 |      0 |  2329192298 | 3023578 |      0 |         0 
 20157 Thread 66 - PartitionProcessorThre...5f8-bbb7-6a053e59eac3-2-9 |  1319000 |   468000 |   930608965 |  17437977528 |         0 |      0 |  2706437557 |       0 |      0 |         0 
 20158 Thread 67 - PartitionProcessorThre...f8-bbb7-6a053e59eac3-2-10 |  1419000 |   442000 |   968603918 |  18159907669 |         0 |      0 |  2277212149 |       0 |      0 |         0 
 20159 Thread 68 - PartitionProcessorThre...f8-bbb7-6a053e59eac3-2-11 |  1303000 |   417000 |   897996043 |  16784875387 |         0 |      0 |  2418501466 |       0 |      0 |   7310323 
 20160 Thread 69 - PartitionProcessorThre...f8-bbb7-6a053e59eac3-2-12 |  1319000 |   414000 |   900554004 |  16911439743 |         0 |      0 |  2500177378 |       0 |      0 |  31950095 
 20161 Thread 70 - PartitionProcessorThre...f8-bbb7-6a053e59eac3-2-13 |  1305000 |   447000 |   903414192 |  17096457696 |         0 |      0 |  2424938212 |       0 |      0 |  52038011 
 20162 Thread 71 - PartitionProcessorThre...f8-bbb7-6a053e59eac3-2-14 |  1341000 |   429000 |   919178454 |  17272720348 |         0 |      0 |  2283845782 |       0 |      0 |   7389814 
 20163 Thread 72 - PartitionProcessorThre...f8-bbb7-6a053e59eac3-2-15 |  1284000 |   409000 |   880549114 |  16520830970 |         0 |      0 |  2410177881 |       0 |      0 |   4244818 
 20164 Thread 73 - PartitionProcessorThre...f8-bbb7-6a053e59eac3-2-16 |  1238000 |   398000 |   848068641 |  15964650411 |         0 |      0 |  2230553344 |       0 |      0 |   4170932 
 20165 Thread 74 - PartitionProcessorThre...f8-bbb7-6a053e59eac3-2-17 |  1256000 |   389000 |   855097286 |  16052280856 |         0 |      0 |  2500784535 |       0 |      0 |   7827023 
 20166 Thread 75 - PartitionProcessorThre...f8-bbb7-6a053e59eac3-2-18 |  1277000 |   417000 |   886058864 |  16530586770 |         0 |      0 |  2278315924 |       0 |      0 |  23316142 
 20167 Thread 76 - PartitionProcessorThre...f8-bbb7-6a053e59eac3-2-19 |  1259000 |   429000 |   882771458 |  16472228895 |         0 |      0 |  2437513530 |       0 |      0 |   6136879 
 20565 Thread 77 - process reaper                                     |        0 |     1000 |      548082 |      9757746 |         0 |      0 |       58483 |       0 |      0 |         0 
 20571 Thread 78 - Attach Listener                                    |   440000 |   129000 |   313157612 |   5562058038 |   5304320 | 155648 |    14554709 | 5179584 |      0 |  18759842 
