                                 Task                                  |  utime   |  stime   |     rss     |     vmem     |   read    | write  |    d:cpu    |  d:bio  | d:swap | d:reclaim 
 157231 Thread 1 - main                                                |   859000 |   169000 |    68015830 |   7881421986 |  34336768 |   1024 |    16861132 |       0 |      0 |         0 
 157253 Thread 2 - Reference Handler                                   |     8000 |        0 |      966406 |     65475289 |         0 |      0 |     9486183 |       0 |      0 |         0 
 157254 Thread 3 - Finalizer                                           |     7000 |        0 |      634472 |     55537363 |      5120 |      0 |     1259979 |       0 |      0 |         0 
 157255 Thread 4 - Surrogate Locker Thread (Concurrent GC)             |        0 |        0 |           0 |            0 |         0 |      0 |       61554 |       0 |      0 |         0 
 157256 Thread 5 - Signal Dispatcher                                   |     1000 |        0 |      291390 |      9757753 |         0 |      0 |           0 |       0 |      0 |         0 
 157265 Thread 12 - RMI Scheduler(0)                                   |     3000 |     1000 |      944128 |     37035839 |      4096 |      0 |       18528 |       0 |      0 |         0 
 157266 Thread 13 - RMI RenewClean-[10.231.182.152:46120]              |     1000 |     1000 |      167550 |     15721503 |      1024 |      0 |       11967 |       0 |      0 |         0 
 157267 Thread 14 - GC Daemon                                          |        0 |     1000 |       83855 |      7893253 |         0 |      0 |           0 |       0 |      0 |         0 
 157270 Thread 15 - DecatonSubscriptionThread-decaton-benchmark        | 25701000 | 30003000 | 15840117365 | 542574593685 | 573430784 | 147456 | 19117147381 |  259805 |      0 |         0 
 157273 Thread 16 - kafka-coordinator-hear...hread | decaton-benchmark |   230000 |    47000 |    78326097 |   2699924198 |   6424576 |   6144 |    34517667 | 1012301 |      0 |         0 
 157276 Thread 17 - PartitionProcessorThre...f89-9286-ba99d47003ae-2-0 |  1395000 |   424000 |   513379339 |  17723446293 |     40960 |      0 |  1964404737 |       0 |      0 |         0 
 157277 Thread 18 - PartitionProcessorThre...f89-9286-ba99d47003ae-2-1 |  1402000 |   413000 |   515946866 |  17703443195 |         0 |      0 |  1623524595 |       0 |      0 |         0 
 157278 Thread 19 - PartitionProcessorThre...f89-9286-ba99d47003ae-2-2 |  1436000 |   445000 |   533472155 |  18348637886 |         0 |      0 |  1755081534 |       0 |      0 |         0 
 157279 Thread 20 - PartitionProcessorThre...f89-9286-ba99d47003ae-2-3 |  1383000 |   458000 |   523315507 |  17956367715 |         0 |      0 |  1781426475 |       0 |      0 |         0 
 157280 Thread 21 - PartitionProcessorThre...f89-9286-ba99d47003ae-2-4 |  1416000 |   401000 |   516423132 |  17721267808 |      1024 |      0 |  1893704462 |       0 |      0 |         0 
 157281 Thread 22 - PartitionProcessorThre...f89-9286-ba99d47003ae-2-5 |  1451000 |   446000 |   540441561 |  18508147218 |         0 |      0 |  2087741214 |       0 |      0 |         0 
 157282 Thread 23 - PartitionProcessorThre...f89-9286-ba99d47003ae-2-6 |  1381000 |   431000 |   514991956 |  17673586215 |         0 |      0 |  1815316269 |       0 |      0 |         0 
 157283 Thread 24 - PartitionProcessorThre...f89-9286-ba99d47003ae-2-7 |  1482000 |   414000 |   537257585 |  18489533437 |         0 |      0 |  1867445864 |       0 |      0 |         0 
 157284 Thread 25 - PartitionProcessorThre...f89-9286-ba99d47003ae-2-8 |  1363000 |   449000 |   513637917 |  17669399726 |         0 |      0 |  2156870883 | 1103019 |      0 |         0 
 157285 Thread 26 - PartitionProcessorThre...f89-9286-ba99d47003ae-2-9 |  1307000 |   442000 |   497172452 |  17060640156 |         0 |      0 |  1875438374 |       0 |      0 |         0 
 157286 Thread 27 - PartitionProcessorThre...89-9286-ba99d47003ae-2-10 |  1372000 |   388000 |   499745804 |  17167754574 |         0 |      0 |  1934231561 |       0 |      0 |         0 
 157287 Thread 28 - PartitionProcessorThre...89-9286-ba99d47003ae-2-11 |  1376000 |   421000 |   511282823 |  17529772183 |         0 |      0 |  1769927674 |       0 |      0 |         0 
 157288 Thread 29 - PartitionProcessorThre...89-9286-ba99d47003ae-2-12 |  1351000 |   409000 |   499129406 |  17167129707 |         0 |      0 |  1776447632 |       0 |      0 |         0 
 157289 Thread 30 - PartitionProcessorThre...89-9286-ba99d47003ae-2-13 |  1356000 |   433000 |   506711523 |  17447197426 |         0 |      0 |  1919863767 |       0 |      0 |         0 
 157290 Thread 31 - PartitionProcessorThre...89-9286-ba99d47003ae-2-14 |  1350000 |   429000 |   504123593 |  17352940347 |         0 |      0 |  1961875998 |       0 |      0 |         0 
 157291 Thread 32 - PartitionProcessorThre...89-9286-ba99d47003ae-2-15 |  1344000 |   421000 |   501518179 |  17216401172 |         0 |      0 |  1646528987 |       0 |      0 |         0 
 157292 Thread 33 - PartitionProcessorThre...89-9286-ba99d47003ae-2-16 |  1386000 |   421000 |   513838815 |  17628193308 |         0 |      0 |  1861669803 |       0 |      0 |         0 
 157293 Thread 34 - PartitionProcessorThre...89-9286-ba99d47003ae-2-17 |  1315000 |   469000 |   507423023 |  17404345887 |         0 |      0 |  1846851149 |       0 |      0 |         0 
 157294 Thread 35 - PartitionProcessorThre...89-9286-ba99d47003ae-2-18 |  1310000 |   423000 |   493880546 |  16907296738 |         0 |      0 |  1698965637 |       0 |      0 |         0 
 157295 Thread 36 - PartitionProcessorThre...89-9286-ba99d47003ae-2-19 |  1418000 |   403000 |   518427815 |  17765695386 |         0 |      0 |  1715619076 |       0 |      0 |         0 
 157296 Thread 37 - PartitionProcessorThre...f89-9286-ba99d47003ae-1-0 |  1316000 |   413000 |   494636827 |  16871883566 |         0 |      0 |  1730102252 |       0 |      0 |         0 
 157297 Thread 38 - PartitionProcessorThre...f89-9286-ba99d47003ae-1-1 |  1369000 |   374000 |   498474359 |  17008683965 |         0 |      0 |  1808136888 |       0 |      0 |         0 
 157298 Thread 39 - PartitionProcessorThre...f89-9286-ba99d47003ae-1-2 |  1341000 |   428000 |   505636663 |  17262487629 |         0 |      0 |  1917878496 |       0 |      0 |         0 
 157299 Thread 40 - PartitionProcessorThre...f89-9286-ba99d47003ae-1-3 |  1335000 |   419000 |   501027632 |  17116285707 |         0 |      0 |  1927325217 |       0 |      0 |         0 
 157300 Thread 41 - PartitionProcessorThre...f89-9286-ba99d47003ae-1-4 |  1353000 |   411000 |   503182757 |  17213493605 |         0 |      0 |  1886699877 |       0 |      0 |         0 
 157301 Thread 42 - PartitionProcessorThre...f89-9286-ba99d47003ae-1-5 |  1268000 |   397000 |   475958980 |  16247659895 |         0 |      0 |  1814773003 |       0 |      0 |         0 
 157302 Thread 43 - PartitionProcessorThre...f89-9286-ba99d47003ae-1-6 |  1334000 |   459000 |   512600331 |  17496599035 |         0 |      0 |  1854451740 |       0 |      0 |         0 
 157303 Thread 44 - PartitionProcessorThre...f89-9286-ba99d47003ae-1-7 |  1268000 |   416000 |   480355019 |  16432657855 |         0 |      0 |  1670175906 |       0 |      0 |         0 
 157304 Thread 45 - PartitionProcessorThre...f89-9286-ba99d47003ae-1-8 |  1296000 |   449000 |   496113644 |  17027804871 |         0 |      0 |  1613829392 |       0 |      0 |         0 
 157305 Thread 46 - PartitionProcessorThre...f89-9286-ba99d47003ae-1-9 |  1358000 |   424000 |   509558441 |  17389490129 |         0 |      0 |  1757756815 |       0 |      0 |         0 
 157306 Thread 47 - PartitionProcessorThre...89-9286-ba99d47003ae-1-10 |  1385000 |   390000 |   505742702 |  17321124496 |         0 |      0 |  1739574360 |       0 |      0 |         0 
 157307 Thread 48 - PartitionProcessorThre...89-9286-ba99d47003ae-1-11 |  1355000 |   437000 |   510481495 |  17486503394 |         0 |      0 |  1567963182 |       0 |      0 |         0 
 157308 Thread 49 - PartitionProcessorThre...89-9286-ba99d47003ae-1-12 |  1341000 |   416000 |   502182972 |  17145392144 |         0 |      0 |  1797902296 |       0 |      0 |         0 
 157309 Thread 50 - PartitionProcessorThre...89-9286-ba99d47003ae-1-13 |  1376000 |   465000 |   526167304 |  17965115465 |         0 |      0 |  1777054395 |       0 |      0 |         0 
 157310 Thread 51 - PartitionProcessorThre...89-9286-ba99d47003ae-1-14 |  1490000 |   440000 |   550342815 |  18833281648 |         0 |      0 |  1754529083 |       0 |      0 |         0 
 157312 Thread 52 - PartitionProcessorThre...89-9286-ba99d47003ae-1-15 |  1401000 |   414000 |   518194448 |  17711219269 |         0 |      0 |  1828110156 |       0 |      0 |         0 
 157313 Thread 53 - PartitionProcessorThre...89-9286-ba99d47003ae-1-16 |  1412000 |   419000 |   523360519 |  17867613527 |         0 |      0 |  1856884291 |       0 |      0 |         0 
 157314 Thread 54 - PartitionProcessorThre...89-9286-ba99d47003ae-1-17 |  1380000 |   434000 |   517240753 |  17701425472 |         0 |      0 |  1746774045 |       0 |      0 |         0 
 157315 Thread 55 - PartitionProcessorThre...89-9286-ba99d47003ae-1-18 |  1415000 |   392000 |   516308487 |  17633399465 |      1024 |      0 |  1916845181 |       0 |      0 |         0 
 157316 Thread 56 - PartitionProcessorThre...89-9286-ba99d47003ae-1-19 |  1298000 |   394000 |   483647617 |  16511112293 |         0 |      0 |  1875116621 |       0 |      0 |         0 
 157317 Thread 57 - PartitionProcessorThre...f89-9286-ba99d47003ae-0-0 |  1305000 |   397000 |   488115929 |  16609274992 |         0 |      0 |  1658762904 |       0 |      0 |         0 
 157318 Thread 58 - PartitionProcessorThre...f89-9286-ba99d47003ae-0-1 |  1418000 |   469000 |   541322222 |  18414730375 |         0 |      0 |  1743428593 |       0 |      0 |         0 
 157319 Thread 59 - PartitionProcessorThre...f89-9286-ba99d47003ae-0-2 |  1331000 |   418000 |   502207413 |  17067723121 |         0 |      0 |  1697014606 |       0 |      0 |         0 
 157320 Thread 60 - PartitionProcessorThre...f89-9286-ba99d47003ae-0-3 |  1352000 |   413000 |   505633179 |  17223933047 |         0 |      0 |  1944067929 |       0 |      0 |         0 
 157321 Thread 61 - PartitionProcessorThre...f89-9286-ba99d47003ae-0-4 |  1318000 |   440000 |   505146531 |  17155776176 |         0 |      0 |  1762373994 |       0 |      0 |         0 
 157322 Thread 62 - PartitionProcessorThre...f89-9286-ba99d47003ae-0-5 |  1382000 |   430000 |   520908659 |  17683040230 |         0 |      0 |  1865381416 |       0 |      0 |         0 
 157323 Thread 63 - PartitionProcessorThre...f89-9286-ba99d47003ae-0-6 |  1379000 |   393000 |   508071152 |  17292365660 |         0 |      0 |  1818095180 |       0 |      0 |         0 
 157324 Thread 64 - PartitionProcessorThre...f89-9286-ba99d47003ae-0-7 |  1349000 |   413000 |   505231613 |  17194769090 |         0 |      0 |  1831909289 |       0 |      0 |         0 
 157325 Thread 65 - PartitionProcessorThre...f89-9286-ba99d47003ae-0-8 |  1398000 |   475000 |   537713823 |  18277759472 |         0 |      0 |  1823075010 |       0 |      0 |         0 
 157326 Thread 66 - PartitionProcessorThre...f89-9286-ba99d47003ae-0-9 |  1388000 |   440000 |   525137534 |  17838759164 |         0 |      0 |  1881433072 |       0 |      0 |         0 
 157327 Thread 67 - PartitionProcessorThre...89-9286-ba99d47003ae-0-10 |  1344000 |   428000 |   509455402 |  17292448082 |         0 |      0 |  1798512718 |       0 |      0 |         0 
 157328 Thread 68 - PartitionProcessorThre...89-9286-ba99d47003ae-0-11 |  1382000 |   395000 |   509869742 |  17340878418 |         0 |      0 |  1654096538 |       0 |      0 |         0 
 157329 Thread 69 - PartitionProcessorThre...89-9286-ba99d47003ae-0-12 |  1393000 |   429000 |   523841249 |  17780320644 |         0 |      0 |  1551287500 |       0 |      0 |         0 
 157330 Thread 70 - PartitionProcessorThre...89-9286-ba99d47003ae-0-13 |  1432000 |   453000 |   541946312 |  18395328039 |  10831872 |      0 |  1748922358 |       0 |      0 |         0 
 157331 Thread 71 - PartitionProcessorThre...89-9286-ba99d47003ae-0-14 |  1313000 |   441000 |   503186097 |  17116472394 |         0 |      0 |  1697487511 |       0 |      0 |         0 
 157332 Thread 72 - PartitionProcessorThre...89-9286-ba99d47003ae-0-15 |  1423000 |   437000 |   532898644 |  18150735511 |         0 |      0 |  1881143367 |       0 |      0 |         0 
 157333 Thread 73 - PartitionProcessorThre...89-9286-ba99d47003ae-0-16 |  1410000 |   463000 |   538215440 |  18278134003 |         0 |      0 |  1816691000 |       0 |      0 |         0 
 157334 Thread 74 - PartitionProcessorThre...89-9286-ba99d47003ae-0-17 |  1338000 |   428000 |   506636671 |  17233570777 |         0 |      0 |  1804228762 |       0 |      0 |         0 
 157335 Thread 75 - PartitionProcessorThre...89-9286-ba99d47003ae-0-18 |  1355000 |   394000 |   502766081 |  17067249801 |         0 |      0 |  1578863592 |       0 |      0 |         0 
 157336 Thread 76 - PartitionProcessorThre...89-9286-ba99d47003ae-0-19 |  1332000 |   486000 |   521788386 |  17740650300 |         0 |      0 |  1634959508 |       0 |      0 |         0 
 157652 Thread 77 - process reaper                                     |     3000 |        0 |      903292 |     29367445 |         0 |      0 |       31456 |       0 |      0 |         0 
 157657 Thread 78 - Attach Listener                                    |   434000 |   104000 |   157908484 |   5258846569 |   5144576 | 104448 |     3227673 |       0 |      0 |         0 
