                                Task                                 |  utime   |  stime   |     rss     |     vmem     |   read    | write  |    d:cpu    | d:bio  | d:swap | d:reclaim 
 4737 Thread 1 - main                                                |   586000 |    87000 |    41777596 |   5100495904 |  21203968 |   1024 |     6106164 |      0 |      0 |         0 
 4759 Thread 2 - Reference Handler                                   |     7000 |        0 |      637660 |     53537582 |         0 |      0 |       24875 |      0 |      0 |         0 
 4760 Thread 3 - Finalizer                                           |     5000 |        0 |      493597 |     38768886 |      5120 |      0 |      217082 |      0 |      0 |         0 
 4761 Thread 4 - Surrogate Locker Thread (Concurrent GC)             |        0 |        0 |           0 |            0 |         0 |      0 |           0 |      0 |      0 |         0 
 4762 Thread 5 - Signal Dispatcher                                   |        0 |        0 |           0 |            0 |         0 |      0 |           0 |      0 |      0 |         0 
 4771 Thread 11 - DecatonSubscriptionThread-decaton-benchmark        | 27747000 | 29331000 | 17074802514 | 555599936645 | 586598400 | 133120 | 17039665410 |  42636 |      0 |         0 
 4772 Thread 13 - kafka-coordinator-hear...hread | decaton-benchmark |   182000 |    49000 |    68646565 |   2243564991 |   5087232 |   5120 |    29307430 | 431364 |      0 |         0 
 4775 Thread 14 - PartitionProcessorThre...c86-895a-e54b0505c666-0-0 |  1188000 |   392000 |   472904402 |  15411425965 |         0 |      0 |  1355242996 |      0 |      0 |         0 
 4776 Thread 15 - PartitionProcessorThre...c86-895a-e54b0505c666-0-1 |  1242000 |   394000 |   483824527 |  15934659535 |    158720 |      0 |  1398233637 |      0 |      0 |         0 
 4777 Thread 16 - PartitionProcessorThre...c86-895a-e54b0505c666-0-2 |  1238000 |   415000 |   495300797 |  16121352941 |         0 |      0 |  1386080428 |      0 |      0 |         0 
 4778 Thread 17 - PartitionProcessorThre...c86-895a-e54b0505c666-0-3 |  1263000 |   386000 |   489271750 |  16082625074 |         0 |      0 |  1398554933 |      0 |      0 |         0 
 4779 Thread 18 - PartitionProcessorThre...c86-895a-e54b0505c666-0-4 |  1229000 |   416000 |   488906937 |  16044711023 |         0 |      0 |  1645265370 |      0 |      0 |         0 
 4780 Thread 19 - PartitionProcessorThre...c86-895a-e54b0505c666-0-5 |  1188000 |   414000 |   476914297 |  15625345871 |      3072 |      0 |  1398389171 |      0 |      0 |         0 
 4781 Thread 20 - PartitionProcessorThre...c86-895a-e54b0505c666-0-6 |  1196000 |   406000 |   477724836 |  15625607754 |         0 |      0 |  1539614486 |      0 |      0 |         0 
 4782 Thread 21 - PartitionProcessorThre...c86-895a-e54b0505c666-0-7 |  1162000 |   418000 |   469769133 |  15407240055 |         0 |      0 |  1513965773 |      0 |      0 |         0 
 4783 Thread 22 - PartitionProcessorThre...c86-895a-e54b0505c666-0-8 |  1228000 |   404000 |   486370508 |  15917178867 |         0 |      0 |  1320731349 |      0 |      0 |         0 
 4784 Thread 23 - PartitionProcessorThre...c86-895a-e54b0505c666-0-9 |  1216000 |   468000 |   502438719 |  16424270777 |         0 |      0 |  1454600430 |      0 |      0 |         0 
 4785 Thread 24 - PartitionProcessorThre...86-895a-e54b0505c666-0-10 |  1266000 |   430000 |   508698250 |  16543820363 |         0 |      0 |  1465671871 |      0 |      0 |         0 
 4786 Thread 25 - PartitionProcessorThre...86-895a-e54b0505c666-0-11 |  1234000 |   430000 |   497943383 |  16229806703 |      6144 |      0 |  1373522310 |      0 |      0 |         0 
 4787 Thread 26 - PartitionProcessorThre...86-895a-e54b0505c666-0-12 |  1284000 |   433000 |   512230148 |  16745834464 |         0 |      0 |  1381656550 |      0 |      0 |         0 
 4788 Thread 27 - PartitionProcessorThre...86-895a-e54b0505c666-0-13 |  1225000 |   390000 |   483646367 |  15752093644 |         0 |      0 |  1311762123 |      0 |      0 |         0 
 4789 Thread 28 - PartitionProcessorThre...86-895a-e54b0505c666-0-14 |  1227000 |   401000 |   486705844 |  15879096164 |  10831872 |      0 |  1367136505 |      0 |      0 |         0 
 4790 Thread 29 - PartitionProcessorThre...86-895a-e54b0505c666-0-15 |  1277000 |   365000 |   490193516 |  16013827480 |     35840 |      0 |  1375435772 |      0 |      0 |         0 
 4791 Thread 30 - PartitionProcessorThre...86-895a-e54b0505c666-0-16 |  1179000 |   425000 |   480723090 |  15646374086 |         0 |      0 |  1490355560 |      0 |      0 |         0 
 4792 Thread 31 - PartitionProcessorThre...86-895a-e54b0505c666-0-17 |  1214000 |   419000 |   487491668 |  15927664676 |         0 |      0 |  1294669898 |      0 |      0 |         0 
 4793 Thread 32 - PartitionProcessorThre...86-895a-e54b0505c666-0-18 |  1303000 |   445000 |   523316465 |  17050162378 |         0 |      0 |  1260582522 |      0 |      0 |         0 
 4794 Thread 33 - PartitionProcessorThre...86-895a-e54b0505c666-0-19 |  1273000 |   379000 |   493988063 |  16112804410 |         0 |      0 |  1379120352 |      0 |      0 |         0 
 4795 Thread 34 - PartitionProcessorThre...c86-895a-e54b0505c666-1-0 |  1187000 |   420000 |   484572277 |  15677060773 |         0 |      0 |  1208492146 |      0 |      0 |         0 
 4796 Thread 35 - PartitionProcessorThre...c86-895a-e54b0505c666-1-1 |  1185000 |   420000 |   483940656 |  15657252133 |         0 |      0 |  1430157258 |      0 |      0 |         0 
 4797 Thread 36 - PartitionProcessorThre...c86-895a-e54b0505c666-1-2 |  1201000 |   455000 |   498856254 |  16154980164 |         0 |      0 |  1566185661 |      0 |      0 |         0 
 4798 Thread 37 - PartitionProcessorThre...c86-895a-e54b0505c666-1-3 |  1150000 |   397000 |   466678961 |  15092120723 |         0 |      0 |  1567633189 |      0 |      0 |         0 
 4799 Thread 38 - PartitionProcessorThre...c86-895a-e54b0505c666-1-4 |  1188000 |   439000 |   489723590 |  15872043929 |         0 |      0 |  1345393225 |      0 |      0 |         0 
 4800 Thread 39 - PartitionProcessorThre...c86-895a-e54b0505c666-1-5 |  1134000 |   403000 |   464596035 |  14994002203 |         0 |      0 |  1536378171 |      0 |      0 |         0 
 4801 Thread 40 - PartitionProcessorThre...c86-895a-e54b0505c666-1-6 |  1248000 |   418000 |   503060543 |  16252854191 |         0 |      0 |  1451002382 |      0 |      0 |         0 
 4802 Thread 41 - PartitionProcessorThre...c86-895a-e54b0505c666-1-7 |  1170000 |   424000 |   480314613 |  15550161430 |         0 |      0 |  1336900417 |      0 |      0 |         0 
 4803 Thread 42 - PartitionProcessorThre...c86-895a-e54b0505c666-1-8 |  1202000 |   409000 |   485814508 |  15716097832 |         0 |      0 |  1283346760 |      0 |      0 |         0 
 4804 Thread 43 - PartitionProcessorThre...c86-895a-e54b0505c666-1-9 |  1221000 |   407000 |   491302641 |  15881982023 |         0 |      0 |  1363260306 |      0 |      0 |         0 
 4805 Thread 44 - PartitionProcessorThre...86-895a-e54b0505c666-1-10 |  1204000 |   458000 |   501946051 |  16213677968 |         0 |      0 |  1536323904 |      0 |      0 |         0 
 4806 Thread 45 - PartitionProcessorThre...86-895a-e54b0505c666-1-11 |  1115000 |   377000 |   450622254 |  14555096606 |         0 |      0 |  1434754338 |      0 |      0 |         0 
 4807 Thread 46 - PartitionProcessorThre...86-895a-e54b0505c666-1-12 |  1162000 |   459000 |   488518754 |  15813314226 |         0 |      0 |  1386574792 | 675919 |      0 |         0 
 4808 Thread 47 - PartitionProcessorThre...86-895a-e54b0505c666-1-13 |  1301000 |   389000 |   509741840 |  16486610535 |         0 |      0 |  1474672554 |      0 |      0 |         0 
 4809 Thread 48 - PartitionProcessorThre...86-895a-e54b0505c666-1-14 |  1136000 |   416000 |   467941875 |  15140359559 |         0 |      0 |  1537989272 |      0 |      0 |         0 
 4810 Thread 49 - PartitionProcessorThre...86-895a-e54b0505c666-1-15 |  1194000 |   406000 |   483053734 |  15609116875 |      1024 |      0 |  1455535215 |      0 |      0 |         0 
 4811 Thread 50 - PartitionProcessorThre...86-895a-e54b0505c666-1-16 |  1199000 |   397000 |   480159070 |  15569535480 |         0 |      0 |  1376568437 |      0 |      0 |         0 
 4812 Thread 51 - PartitionProcessorThre...86-895a-e54b0505c666-1-17 |  1128000 |   403000 |   460565738 |  14935551250 |         0 |      0 |  1316504323 |      0 |      0 |         0 
 4813 Thread 52 - PartitionProcessorThre...86-895a-e54b0505c666-1-18 |  1206000 |   402000 |   483465402 |  15686795484 |         0 |      0 |  1308812650 |      0 |      0 |         0 
 4814 Thread 53 - PartitionProcessorThre...86-895a-e54b0505c666-1-19 |  1285000 |   422000 |   514011289 |  16652488906 |         0 |      0 |  1343507749 |      0 |      0 |         0 
 4816 Thread 54 - PartitionProcessorThre...c86-895a-e54b0505c666-2-0 |  1204000 |   418000 |   489554598 |  15823564011 |         0 |      0 |  1523018281 |      0 |      0 |         0 
 4817 Thread 55 - PartitionProcessorThre...c86-895a-e54b0505c666-2-1 |  1167000 |   401000 |   473262516 |  15296566426 |         0 |      0 |  1296001352 |      0 |      0 |         0 
 4818 Thread 56 - PartitionProcessorThre...c86-895a-e54b0505c666-2-2 |  1237000 |   336000 |   474010500 |  15345175465 |         0 |      0 |  1485923427 |      0 |      0 |         0 
 4819 Thread 57 - PartitionProcessorThre...c86-895a-e54b0505c666-2-3 |  1178000 |   411000 |   479996117 |  15501338078 |         0 |      0 |  1552565244 |      0 |      0 |         0 
 4820 Thread 58 - PartitionProcessorThre...c86-895a-e54b0505c666-2-4 |  1179000 |   398000 |   476792649 |  15384687609 |         0 |      0 |  1191906645 |      0 |      0 |         0 
 4821 Thread 59 - PartitionProcessorThre...c86-895a-e54b0505c666-2-5 |  1166000 |   377000 |   464853121 |  15052546723 |         0 |      0 |  1390494579 |      0 |      0 |         0 
 4822 Thread 60 - PartitionProcessorThre...c86-895a-e54b0505c666-2-6 |  1164000 |   395000 |   470883856 |  15208851523 |         0 |      0 |  1422396855 |      0 |      0 |         0 
 4823 Thread 61 - PartitionProcessorThre...c86-895a-e54b0505c666-2-7 |  1190000 |   464000 |   499296051 |  16135387105 |         0 |      0 |  1285472139 |      0 |      0 |         0 
 4824 Thread 62 - PartitionProcessorThre...c86-895a-e54b0505c666-2-8 |  1177000 |   443000 |   489630508 |  15804196164 |         0 |      0 |  1315423576 |      0 |      0 |         0 
 4825 Thread 63 - PartitionProcessorThre...c86-895a-e54b0505c666-2-9 |  1190000 |   416000 |   484626320 |  15667279672 |         0 |      0 |  1448994430 |      0 |      0 |         0 
 4826 Thread 64 - PartitionProcessorThre...86-895a-e54b0505c666-2-10 |  1242000 |   396000 |   493944406 |  15979208410 |         0 |      0 |  1171891540 |      0 |      0 |         0 
 4827 Thread 65 - PartitionProcessorThre...86-895a-e54b0505c666-2-11 |  1170000 |   396000 |   472311918 |  15277459973 |         0 |      0 |  1345118488 |      0 |      0 |         0 
 4828 Thread 66 - PartitionProcessorThre...86-895a-e54b0505c666-2-12 |  1178000 |   371000 |   467509387 |  15111373879 |         0 |      0 |  1306251647 |      0 |      0 |         0 
 4829 Thread 67 - PartitionProcessorThre...86-895a-e54b0505c666-2-13 |  1104000 |   396000 |   452806332 |  14632907391 |         0 |      0 |  1326202959 |      0 |      0 |         0 
 4830 Thread 68 - PartitionProcessorThre...86-895a-e54b0505c666-2-14 |  1198000 |   399000 |   482408734 |  15579616109 |         0 |      0 |  1373323424 |      0 |      0 |         0 
 4831 Thread 69 - PartitionProcessorThre...86-895a-e54b0505c666-2-15 |  1127000 |   402000 |   460845332 |  14916005906 |         0 |      0 |  1329515874 |      0 |      0 |         0 
 4832 Thread 70 - PartitionProcessorThre...86-895a-e54b0505c666-2-16 |  1203000 |   433000 |   494651285 |  15959850515 |         0 |      0 |  1483137174 |      0 |      0 |         0 
 4833 Thread 71 - PartitionProcessorThre...86-895a-e54b0505c666-2-17 |  1082000 |   417000 |   452595219 |  14623464977 |         0 |      0 |  1533875665 |      0 |      0 |         0 
 4834 Thread 72 - PartitionProcessorThre...86-895a-e54b0505c666-2-18 |  1145000 |   425000 |   473562649 |  15315932574 |         0 |      0 |  1539182917 |      0 |      0 |         0 
 4835 Thread 73 - PartitionProcessorThre...86-895a-e54b0505c666-2-19 |  1167000 |   423000 |   479991387 |  15511094785 |         0 |      0 |  1393023609 |      0 |      0 |         0 
 5223 Thread 74 - process reaper                                     |     2000 |        0 |      637882 |     19572007 |      2048 |      0 |       23909 |      0 |      0 |         0 
 5229 Thread 75 - Attach Listener                                    |   356000 |    97000 |   140257218 |   4426906749 |   5304320 | 122880 |     2341834 |      0 |      0 |         0 
