                                 Task                                 |  utime   |  stime   |     rss     |     vmem     |   read    | write  |    d:cpu    |  d:bio  | d:swap | d:reclaim 
 28197 Thread 1 - main                                                |   855000 |   182000 |    68162423 |   7947006325 |  34324480 |   1024 |    10274349 |       0 |      0 |         0 
 28219 Thread 2 - Reference Handler                                   |     8000 |        0 |      893570 |     66200101 |         0 |      0 |     4441939 |       0 |      0 |         0 
 28220 Thread 3 - Finalizer                                           |     8000 |     1000 |      760738 |     70665964 |     19456 |      0 |     1099841 |       0 |      0 |         0 
 28221 Thread 4 - Surrogate Locker Thread (Concurrent GC)             |        0 |        0 |           0 |            0 |         0 |      0 |           0 |       0 |      0 |         0 
 28222 Thread 5 - Signal Dispatcher                                   |        0 |        0 |           0 |            0 |         0 |      0 |        2709 |       0 |      0 |         0 
 28231 Thread 12 - RMI Scheduler(0)                                   |     3000 |        0 |      882429 |     29272605 |      4096 |      0 |      315680 |       0 |      0 |         0 
 28232 Thread 13 - RMI RenewClean-[10.231.182.152:34286]              |        0 |     1000 |       82492 |      7764253 |      1024 |      0 |      424276 |       0 |      0 |         0 
 28233 Thread 14 - GC Daemon                                          |        0 |        0 |           0 |            0 |         0 |      0 |       11533 |       0 |      0 |         0 
 28235 Thread 15 - DecatonSubscriptionThread-decaton-benchmark        | 26167000 | 30858000 | 16529483163 | 555471318135 | 573299712 | 144384 | 19089394065 |  325959 |      0 |         0 
 28238 Thread 16 - kafka-coordinator-hear...hread | decaton-benchmark |   223000 |    57000 |    80942659 |   2723696972 |   6445056 |   6144 |    32557438 | 3778625 |      0 |         0 
 28241 Thread 17 - PartitionProcessorThre...205-96af-3bc74a4fce03-0-0 |  1435000 |   428000 |   540249153 |  18156556307 |     34816 |      0 |  1882804774 |       0 |      0 |         0 
 28242 Thread 18 - PartitionProcessorThre...205-96af-3bc74a4fce03-0-1 |  1420000 |   402000 |   526392114 |  17763734636 |      4096 |      0 |  1673963713 |       0 |      0 |         0 
 28243 Thread 19 - PartitionProcessorThre...205-96af-3bc74a4fce03-0-2 |  1401000 |   406000 |   523262833 |  17623591397 |         0 |      0 |  1653886379 |       0 |      0 |         0 
 28244 Thread 20 - PartitionProcessorThre...205-96af-3bc74a4fce03-0-3 |  1356000 |   434000 |   518746255 |  17452975186 |         0 |      0 |  1748971145 |       0 |      0 |         0 
 28245 Thread 21 - PartitionProcessorThre...205-96af-3bc74a4fce03-0-4 |  1356000 |   445000 |   522869153 |  17565872366 |         0 |      0 |  1586657911 |       0 |      0 |         0 
 28246 Thread 22 - PartitionProcessorThre...205-96af-3bc74a4fce03-0-5 |  1429000 |   433000 |   539504313 |  18156431483 |      3072 |      0 |  1579037634 |       0 |      0 |         0 
 28247 Thread 23 - PartitionProcessorThre...205-96af-3bc74a4fce03-0-6 |  1341000 |   474000 |   526493782 |  17700450413 |         0 |      0 |  1393450904 |       0 |      0 |         0 
 28248 Thread 24 - PartitionProcessorThre...205-96af-3bc74a4fce03-0-7 |  1451000 |   397000 |   536367778 |  18022436307 |         0 |      0 |  1689233026 |       0 |      0 |         0 
 28249 Thread 25 - PartitionProcessorThre...205-96af-3bc74a4fce03-0-8 |  1384000 |   425000 |   525142106 |  17643285557 |         0 |      0 |  1807130276 |       0 |      0 |         0 
 28250 Thread 26 - PartitionProcessorThre...205-96af-3bc74a4fce03-0-9 |  1419000 |   465000 |   547167098 |  18376197616 |         0 |      0 |  1694067608 |       0 |      0 |         0 
 28251 Thread 27 - PartitionProcessorThre...05-96af-3bc74a4fce03-0-10 |  1369000 |   434000 |   523962942 |  17585279487 |         0 |      0 |  1521835085 |       0 |      0 |         0 
 28252 Thread 28 - PartitionProcessorThre...05-96af-3bc74a4fce03-0-11 |  1416000 |   463000 |   545599321 |  18325835620 |         0 |      0 |  1621591679 |       0 |      0 |         0 
 28253 Thread 29 - PartitionProcessorThre...05-96af-3bc74a4fce03-0-12 |  1413000 |   391000 |   525184712 |  17595766913 |         0 |      0 |  1730929817 |       0 |      0 |         0 
 28254 Thread 30 - PartitionProcessorThre...05-96af-3bc74a4fce03-0-13 |  1372000 |   428000 |   520500704 |  17554583643 |         0 |      0 |  1731642804 |       0 |      0 |         0 
 28255 Thread 31 - PartitionProcessorThre...05-96af-3bc74a4fce03-0-14 |  1348000 |   441000 |   519669399 |  17449888401 |         0 |      0 |  1732413989 |       0 |      0 |         0 
 28256 Thread 32 - PartitionProcessorThre...05-96af-3bc74a4fce03-0-15 |  1403000 |   428000 |   530379052 |  17859455503 |         0 |      0 |  1733789276 |       0 |      0 |         0 
 28257 Thread 33 - PartitionProcessorThre...05-96af-3bc74a4fce03-0-16 |  1383000 |   408000 |   518134919 |  17465578475 |         0 |      0 |  1791656210 |       0 |      0 |         0 
 28258 Thread 34 - PartitionProcessorThre...05-96af-3bc74a4fce03-0-17 |  1403000 |   399000 |   521381282 |  17576169335 |      1024 |      0 |  1708538849 |       0 |      0 |         0 
 28259 Thread 35 - PartitionProcessorThre...05-96af-3bc74a4fce03-0-18 |  1409000 |   437000 |   537331563 |  18008404304 |         0 |      0 |  1826049621 |       0 |      0 |         0 
 28260 Thread 36 - PartitionProcessorThre...05-96af-3bc74a4fce03-0-19 |  1365000 |   426000 |   519585970 |  17468410620 |         0 |      0 |  1882997615 |       0 |      0 |         0 
 28261 Thread 37 - PartitionProcessorThre...205-96af-3bc74a4fce03-1-0 |  1378000 |   447000 |   530884099 |  17808612413 |         0 |      0 |  1554348879 |       0 |      0 |         0 
 28262 Thread 38 - PartitionProcessorThre...205-96af-3bc74a4fce03-1-1 |  1368000 |   447000 |   527998208 |  17710807405 |         0 |      0 |  1691704490 |       0 |      0 |         0 
 28263 Thread 39 - PartitionProcessorThre...205-96af-3bc74a4fce03-1-2 |  1320000 |   415000 |   505488595 |  16930420339 |         0 |      0 |  1672497112 |       0 |      0 |         0 
 28264 Thread 40 - PartitionProcessorThre...205-96af-3bc74a4fce03-1-3 |  1349000 |   394000 |   504708478 |  17008274198 |         0 |      0 |  1615183777 |       0 |      0 |         0 
 28265 Thread 41 - PartitionProcessorThre...205-96af-3bc74a4fce03-1-4 |  1342000 |   440000 |   517061966 |  17388870151 |         0 |      0 |  1614571384 |       0 |      0 |         0 
 28266 Thread 42 - PartitionProcessorThre...205-96af-3bc74a4fce03-1-5 |  1393000 |   402000 |   522213337 |  17515696436 |         0 |      0 |  1557489941 |       0 |      0 |         0 
 28267 Thread 43 - PartitionProcessorThre...205-96af-3bc74a4fce03-1-6 |  1394000 |   456000 |   535705934 |  18052586815 |         0 |      0 |  1609270952 |       0 |      0 |         0 
 28268 Thread 44 - PartitionProcessorThre...205-96af-3bc74a4fce03-1-7 |  1409000 |   403000 |   526936942 |  17681537741 |         0 |      0 |  1669315971 |       0 |      0 |         0 
 28269 Thread 45 - PartitionProcessorThre...205-96af-3bc74a4fce03-1-8 |  1364000 |   439000 |   523341419 |  17593668725 |         0 |      0 |  1646547831 |       0 |      0 |         0 
 28270 Thread 46 - PartitionProcessorThre...205-96af-3bc74a4fce03-1-9 |  1368000 |   443000 |   525781196 |  17671923780 |  10831872 |      0 |  1545631721 |       0 |      0 |         0 
 28271 Thread 47 - PartitionProcessorThre...05-96af-3bc74a4fce03-1-10 |  1370000 |   438000 |   525655829 |  17642545940 |         0 |      0 |  1595869882 |       0 |      0 |         0 
 28272 Thread 48 - PartitionProcessorThre...05-96af-3bc74a4fce03-1-11 |  1334000 |   437000 |   513769911 |  17281108104 |         0 |      0 |  1566404841 |       0 |      0 |         0 
 28273 Thread 49 - PartitionProcessorThre...05-96af-3bc74a4fce03-1-12 |  1367000 |   432000 |   522543712 |  17554380222 |         0 |      0 |  1695358378 |       0 |      0 |         0 
 28274 Thread 50 - PartitionProcessorThre...05-96af-3bc74a4fce03-1-13 |  1383000 |   386000 |   515119505 |  17261981065 |         0 |      0 |  1732010366 |       0 |      0 |         0 
 28275 Thread 51 - PartitionProcessorThre...05-96af-3bc74a4fce03-1-14 |  1363000 |   430000 |   522336548 |  17496297143 |         0 |      0 |  1687381614 |       0 |      0 |         0 
 28276 Thread 52 - PartitionProcessorThre...05-96af-3bc74a4fce03-1-15 |  1373000 |   412000 |   519791794 |  17418159370 |         0 |      0 |  1620063283 |       0 |      0 |         0 
 28277 Thread 53 - PartitionProcessorThre...05-96af-3bc74a4fce03-1-16 |  1433000 |   481000 |   557044973 |  18676981964 |         0 |      0 |  1827477368 |       0 |      0 |         0 
 28278 Thread 54 - PartitionProcessorThre...05-96af-3bc74a4fce03-1-17 |  1404000 |   445000 |   538231755 |  18042632991 |         0 |      0 |  1333232874 |       0 |      0 |         0 
 28279 Thread 55 - PartitionProcessorThre...05-96af-3bc74a4fce03-1-18 |  1331000 |   490000 |   528835849 |  17769456522 |         0 |      0 |  1624434187 |       0 |      0 |         0 
 28280 Thread 56 - PartitionProcessorThre...05-96af-3bc74a4fce03-1-19 |  1382000 |   412000 |   523065157 |  17505804944 |         0 |      0 |  1654433626 |       0 |      0 |         0 
 28281 Thread 57 - PartitionProcessorThre...205-96af-3bc74a4fce03-2-0 |  1319000 |   440000 |   514911024 |  17164880866 |         0 |      0 |  1763417442 |       0 |      0 |         0 
 28282 Thread 58 - PartitionProcessorThre...205-96af-3bc74a4fce03-2-1 |  1331000 |   410000 |   509280438 |  16989361472 |         0 |      0 |  1614958538 |       0 |      0 |         0 
 28283 Thread 59 - PartitionProcessorThre...205-96af-3bc74a4fce03-2-2 |  1368000 |   446000 |   530022755 |  17701331311 |         0 |      0 |  1584185038 |       0 |      0 |         0 
 28284 Thread 60 - PartitionProcessorThre...205-96af-3bc74a4fce03-2-3 |  1386000 |   434000 |   532250649 |  17760181268 |         0 |      0 |  1503588056 |       0 |      0 |         0 
 28285 Thread 61 - PartitionProcessorThre...205-96af-3bc74a4fce03-2-4 |  1425000 |   444000 |   546325622 |  18238182436 |         0 |      0 |  1625528886 |       0 |      0 |         0 
 28286 Thread 62 - PartitionProcessorThre...205-96af-3bc74a4fce03-2-5 |  1398000 |   428000 |   534633337 |  17818665839 |         0 |      0 |  1645503682 |       0 |      0 |         0 
 28287 Thread 63 - PartitionProcessorThre...205-96af-3bc74a4fce03-2-6 |  1435000 |   412000 |   539925864 |  18023434026 |         0 |      0 |  1711751815 |       0 |      0 |         0 
 28288 Thread 64 - PartitionProcessorThre...205-96af-3bc74a4fce03-2-7 |  1392000 |   396000 |   523729470 |  17448024655 |         0 |      0 |  1553837889 |       0 |      0 |         0 
 28289 Thread 65 - PartitionProcessorThre...205-96af-3bc74a4fce03-2-8 |  1368000 |   431000 |   526313567 |  17555289081 |         0 |      0 |  1577339768 |       0 |      0 |         0 
 28290 Thread 66 - PartitionProcessorThre...205-96af-3bc74a4fce03-2-9 |  1397000 |   455000 |   541747216 |  18072357343 |         0 |      0 |  1490841999 |       0 |      0 |         0 
 28291 Thread 67 - PartitionProcessorThre...05-96af-3bc74a4fce03-2-10 |  1333000 |   408000 |   509851423 |  16989192714 |         0 |      0 |  1675118176 |       0 |      0 |         0 
 28292 Thread 68 - PartitionProcessorThre...05-96af-3bc74a4fce03-2-11 |  1302000 |   432000 |   506181946 |  16920932460 |         0 |      0 |  1532181343 |       0 |      0 |         0 
 28293 Thread 69 - PartitionProcessorThre...05-96af-3bc74a4fce03-2-12 |  1385000 |   437000 |   533997653 |  17779721819 |         0 |      0 |  1877977763 |       0 |      0 |         0 
 28294 Thread 70 - PartitionProcessorThre...05-96af-3bc74a4fce03-2-13 |  1347000 |   406000 |   513392825 |  17106480600 |         0 |      0 |  1683258008 |       0 |      0 |         0 
 28295 Thread 71 - PartitionProcessorThre...05-96af-3bc74a4fce03-2-14 |  1321000 |   464000 |   523452278 |  17418804835 |         0 |      0 |  1690494277 |       0 |      0 |         0 
 28296 Thread 72 - PartitionProcessorThre...05-96af-3bc74a4fce03-2-15 |  1278000 |   404000 |   493817021 |  16413721300 |         0 |      0 |  1638905462 |       0 |      0 |         0 
 28297 Thread 73 - PartitionProcessorThre...05-96af-3bc74a4fce03-2-16 |  1368000 |   453000 |   533122962 |  17769764948 |         0 |      0 |  1686851648 |       0 |      0 |         0 
 28298 Thread 74 - PartitionProcessorThre...05-96af-3bc74a4fce03-2-17 |  1359000 |   413000 |   518072489 |  17291415065 |         0 |      0 |  1539846639 |       0 |      0 |         0 
 28299 Thread 75 - PartitionProcessorThre...05-96af-3bc74a4fce03-2-18 |  1385000 |   430000 |   531175524 |  17711532897 |         0 |      0 |  1578524875 |       0 |      0 |         0 
 28300 Thread 76 - PartitionProcessorThre...05-96af-3bc74a4fce03-2-19 |  1401000 |   454000 |   543587938 |  18101663065 |         0 |      0 |  1744365807 |       0 |      0 |         0 
 28720 Thread 77 - process reaper                                     |     2000 |        0 |      622992 |     19571703 |         0 |      0 |        6514 |       0 |      0 |         0 
 28725 Thread 78 - Attach Listener                                    |   435000 |   101000 |   159692842 |   5239213623 |   5144576 | 178176 |     5221027 |       0 |      0 |         0 
