                                 Task                                 |  utime   |  stime   |     rss     |     vmem     |   read    | write  |    d:cpu    | d:bio  | d:swap | d:reclaim 
 57221 Thread 1 - main                                                |   577000 |    73000 |    40262456 |   4900428568 |  21047296 |   1024 |     3074579 |      0 |      0 |         0 
 57243 Thread 2 - Reference Handler                                   |     5000 |     2000 |      886164 |     56358230 |         0 |      0 |     2262293 |      0 |      0 |         0 
 57244 Thread 3 - Finalizer                                           |     4000 |     1000 |      412804 |     37993390 |     13312 |      0 |      558921 |      0 |      0 |         0 
 57245 Thread 4 - Surrogate Locker Thread (Concurrent GC)             |        0 |        0 |           0 |            0 |         0 |      0 |        8366 |      0 |      0 |         0 
 57246 Thread 5 - Signal Dispatcher                                   |     1000 |        0 |      306476 |      9756035 |         0 |      0 |        7154 |      0 |      0 |         0 
 57255 Thread 11 - DecatonSubscriptionThread-decaton-benchmark        | 27360000 | 29243000 | 16941488531 | 550983870069 | 585164800 | 135168 | 17737252217 | 213887 |      0 |         0 
 57257 Thread 13 - kafka-coordinator-hear...hread | decaton-benchmark |   196000 |    51000 |    74137151 |   2407475273 |   6682624 |   5120 |    20797961 | 450188 |      0 |         0 
 57260 Thread 14 - PartitionProcessorThre...181-a5cc-e1c6c480171a-1-0 |  1197000 |   400000 |   479152864 |  15577648598 |      4096 |      0 |  1364949269 |      0 |      0 |         0 
 57261 Thread 15 - PartitionProcessorThre...181-a5cc-e1c6c480171a-1-1 |  1225000 |   410000 |   490742422 |  15950108547 |         0 |      0 |  1329026866 |      0 |      0 |         0 
 57262 Thread 16 - PartitionProcessorThre...181-a5cc-e1c6c480171a-1-2 |  1172000 |   368000 |   460264063 |  15012774532 |     29696 |      0 |  1387659369 |      0 |      0 |         0 
 57263 Thread 17 - PartitionProcessorThre...181-a5cc-e1c6c480171a-1-3 |  1146000 |   381000 |   458043598 |  14896209985 |         0 |      0 |  1371371467 |      0 |      0 |         0 
 57264 Thread 18 - PartitionProcessorThre...181-a5cc-e1c6c480171a-1-4 |  1162000 |   416000 |   473936723 |  15393961708 |         0 |      0 |  1503949316 |      0 |      0 |         0 
 57265 Thread 19 - PartitionProcessorThre...181-a5cc-e1c6c480171a-1-5 |  1160000 |   421000 |   475425594 |  15423320602 |         0 |      0 |  1351940153 |      0 |      0 |         0 
 57266 Thread 20 - PartitionProcessorThre...181-a5cc-e1c6c480171a-1-6 |  1207000 |   427000 |   492110465 |  15940522583 |         0 |      0 |  1459239119 |      0 |      0 |         0 
 57267 Thread 21 - PartitionProcessorThre...181-a5cc-e1c6c480171a-1-7 |  1183000 |   399000 |   472134434 |  15433020337 |         0 |      0 |  1344648058 |      0 |      0 |         0 
 57268 Thread 22 - PartitionProcessorThre...181-a5cc-e1c6c480171a-1-8 |  1220000 |   394000 |   482160188 |  15743859778 |         0 |      0 |  1364285978 |      0 |      0 |         0 
 57269 Thread 23 - PartitionProcessorThre...181-a5cc-e1c6c480171a-1-9 |  1214000 |   391000 |   479810106 |  15656128606 |         0 |      0 |  1502747011 |      0 |      0 |         0 
 57270 Thread 24 - PartitionProcessorThre...81-a5cc-e1c6c480171a-1-10 |  1205000 |   381000 |   475437333 |  15472127130 |         0 |      0 |  1463784758 |      0 |      0 |         0 
 57271 Thread 25 - PartitionProcessorThre...81-a5cc-e1c6c480171a-1-11 |  1090000 |   367000 |   436789645 |  14212683825 |         0 |      0 |  1179423826 |      0 |      0 |         0 
 57272 Thread 26 - PartitionProcessorThre...81-a5cc-e1c6c480171a-1-12 |  1122000 |   373000 |   448215071 |  14583489923 |      1024 |      0 |  1249621163 |      0 |      0 |         0 
 57273 Thread 27 - PartitionProcessorThre...81-a5cc-e1c6c480171a-1-13 |  1106000 |   368000 |   441636380 |  14379517989 |      3072 |      0 |  1286219461 |      0 |      0 |         0 
 57274 Thread 28 - PartitionProcessorThre...81-a5cc-e1c6c480171a-1-14 |  1188000 |   393000 |   472711614 |  15423336907 |         0 |      0 |  1428800148 |      0 |      0 |         0 
 57275 Thread 29 - PartitionProcessorThre...81-a5cc-e1c6c480171a-1-15 |  1252000 |   384000 |   490697786 |  15959599762 |         0 |      0 |  1357512070 |      0 |      0 |         0 
 57276 Thread 30 - PartitionProcessorThre...81-a5cc-e1c6c480171a-1-16 |  1202000 |   402000 |   482276629 |  15647856434 |      6144 |      0 |  1453419845 |      0 |      0 |         0 
 57277 Thread 31 - PartitionProcessorThre...81-a5cc-e1c6c480171a-1-17 |  1209000 |   395000 |   480327071 |  15647359579 |         0 |      0 |  1397797861 |      0 |      0 |         0 
 57278 Thread 32 - PartitionProcessorThre...81-a5cc-e1c6c480171a-1-18 |  1175000 |   379000 |   465885008 |  15159978259 |         0 |      0 |  1331039659 |      0 |      0 |         0 
 57279 Thread 33 - PartitionProcessorThre...81-a5cc-e1c6c480171a-1-19 |  1163000 |   382000 |   463773317 |  15072149790 |     35840 |      0 |  1427730465 |      0 |      0 |         0 
 57280 Thread 34 - PartitionProcessorThre...181-a5cc-e1c6c480171a-2-0 |  1183000 |   401000 |   477026594 |  15452559840 |         0 |      0 |  1283172345 |      0 |      0 |         0 
 57281 Thread 35 - PartitionProcessorThre...181-a5cc-e1c6c480171a-2-1 |  1132000 |   394000 |   460204903 |  14886826387 |         0 |      0 |  1414669593 |      0 |      0 |         0 
 57282 Thread 36 - PartitionProcessorThre...181-a5cc-e1c6c480171a-2-2 |  1137000 |   394000 |   460477356 |  14935376891 |         0 |      0 |  1357272680 |      0 |      0 |         0 
 57283 Thread 37 - PartitionProcessorThre...181-a5cc-e1c6c480171a-2-3 |  1164000 |   383000 |   465842001 |  15091326411 |         0 |      0 |  1350586609 |      0 |      0 |         0 
 57284 Thread 38 - PartitionProcessorThre...181-a5cc-e1c6c480171a-2-4 |  1170000 |   420000 |   478971235 |  15510979309 |         0 |      0 |  1388483842 |      0 |      0 |         0 
 57285 Thread 39 - PartitionProcessorThre...181-a5cc-e1c6c480171a-2-5 |  1122000 |   384000 |   453000184 |  14691692473 |         0 |      0 |  1330954130 |      0 |      0 |         0 
 57286 Thread 40 - PartitionProcessorThre...181-a5cc-e1c6c480171a-2-6 |  1075000 |   358000 |   430885216 |  13979592833 |         0 |      0 |  1412520830 |      0 |      0 |         0 
 57287 Thread 41 - PartitionProcessorThre...181-a5cc-e1c6c480171a-2-7 |  1097000 |   383000 |   447197594 |  14438068895 |         0 |      0 |  1342677506 |      0 |      0 |         0 
 57288 Thread 42 - PartitionProcessorThre...181-a5cc-e1c6c480171a-2-8 |  1118000 |   426000 |   465662630 |  15062598903 |         0 |      0 |  1291182107 |      0 |      0 |         0 
 57289 Thread 43 - PartitionProcessorThre...181-a5cc-e1c6c480171a-2-9 |  1106000 |   382000 |   448368997 |  14516108305 |         0 |      0 |  1396058356 |      0 |      0 |         0 
 57290 Thread 44 - PartitionProcessorThre...81-a5cc-e1c6c480171a-2-10 |  1161000 |   361000 |   457177247 |  14847572001 |      6144 |      0 |  1413066003 |      0 |      0 |         0 
 57291 Thread 45 - PartitionProcessorThre...81-a5cc-e1c6c480171a-2-11 |  1194000 |   395000 |   476673180 |  15501110665 |         0 |      0 |  1318851830 |      0 |      0 |         0 
 57292 Thread 46 - PartitionProcessorThre...81-a5cc-e1c6c480171a-2-12 |  1108000 |   397000 |   453515540 |  14681931962 |         0 |      0 |  1486686276 |      0 |      0 |         0 
 57293 Thread 47 - PartitionProcessorThre...81-a5cc-e1c6c480171a-2-13 |  1114000 |   362000 |   444390770 |  14399001501 |    117760 |      0 |  1370696549 |      0 |      0 |         0 
 57294 Thread 48 - PartitionProcessorThre...81-a5cc-e1c6c480171a-2-14 |  1074000 |   418000 |   448990696 |  14555159747 |         0 |      0 |  1355852762 |      0 |      0 |         0 
 57295 Thread 49 - PartitionProcessorThre...81-a5cc-e1c6c480171a-2-15 |  1194000 |   424000 |   487553106 |  15784674063 |         0 |      0 |  1278843091 |      0 |      0 |         0 
 57296 Thread 50 - PartitionProcessorThre...81-a5cc-e1c6c480171a-2-16 |  1135000 |   441000 |   474261755 |  15374539130 |         0 |      0 |  1352573739 |      0 |      0 |         0 
 57297 Thread 51 - PartitionProcessorThre...81-a5cc-e1c6c480171a-2-17 |  1221000 |   423000 |   494546938 |  16038351169 |         0 |      0 |  1465531543 |      0 |      0 |         0 
 57298 Thread 52 - PartitionProcessorThre...81-a5cc-e1c6c480171a-2-18 |  1117000 |   392000 |   452235005 |  14720800149 |         0 |      0 |  1302405321 |      0 |      0 |         0 
 57299 Thread 53 - PartitionProcessorThre...81-a5cc-e1c6c480171a-2-19 |  1184000 |   390000 |   472573864 |  15354646395 |         0 |      0 |  1345487598 |      0 |      0 |         0 
 57300 Thread 54 - PartitionProcessorThre...181-a5cc-e1c6c480171a-0-0 |  1178000 |   380000 |   470795833 |  15199358063 |         0 |      0 |  1468752876 |      0 |      0 |         0 
 57301 Thread 55 - PartitionProcessorThre...181-a5cc-e1c6c480171a-0-1 |  1189000 |   394000 |   478712454 |  15443472938 |         0 |      0 |  1399748044 |      0 |      0 |         0 
 57302 Thread 56 - PartitionProcessorThre...181-a5cc-e1c6c480171a-0-2 |  1126000 |   389000 |   457568973 |  14779929059 |         0 |      0 |  1239888933 |      0 |      0 |         0 
 57303 Thread 57 - PartitionProcessorThre...181-a5cc-e1c6c480171a-0-3 |  1140000 |   385000 |   460124391 |  14877246067 |         0 |      0 |  1551415990 |      0 |      0 |         0 
 57304 Thread 58 - PartitionProcessorThre...181-a5cc-e1c6c480171a-0-4 |  1182000 |   393000 |   475823794 |  15365130559 |         0 |      0 |  1545102121 |      0 |      0 |         0 
 57305 Thread 59 - PartitionProcessorThre...181-a5cc-e1c6c480171a-0-5 |  1101000 |   414000 |   457366688 |  14779756368 |         0 |      0 |  1451087386 |      0 |      0 |         0 
 57306 Thread 60 - PartitionProcessorThre...181-a5cc-e1c6c480171a-0-6 |  1071000 |   395000 |   442579130 |  14301639852 |         0 |      0 |  1391765440 |      0 |      0 |         0 
 57307 Thread 61 - PartitionProcessorThre...181-a5cc-e1c6c480171a-0-7 |  1154000 |   389000 |   466635337 |  15052947676 |         0 |      0 |  1276621826 |      0 |      0 |         0 
 57308 Thread 62 - PartitionProcessorThre...181-a5cc-e1c6c480171a-0-8 |  1176000 |   412000 |   478946883 |  15491940258 |         0 |      0 |  1329922245 |      0 |      0 |         0 
 57309 Thread 63 - PartitionProcessorThre...181-a5cc-e1c6c480171a-0-9 |  1108000 |   386000 |   451252407 |  14574760755 |         0 |      0 |  1497712402 |      0 |      0 |         0 
 57310 Thread 64 - PartitionProcessorThre...81-a5cc-e1c6c480171a-0-10 |  1116000 |   429000 |   466313169 |  15072393930 |         0 |      0 |  1371021391 |      0 |      0 |         0 
 57311 Thread 65 - PartitionProcessorThre...81-a5cc-e1c6c480171a-0-11 |  1158000 |   378000 |   463968516 |  14984633848 |         0 |      0 |  1310160167 |      0 |      0 |         0 
 57312 Thread 66 - PartitionProcessorThre...81-a5cc-e1c6c480171a-0-12 |  1188000 |   423000 |   486411063 |  15716429899 |         0 |      0 |  1325073053 |      0 |      0 |         0 
 57313 Thread 67 - PartitionProcessorThre...81-a5cc-e1c6c480171a-0-13 |  1117000 |   417000 |   463501665 |  14965169442 |         0 |      0 |  1466872857 |      0 |      0 |         0 
 57314 Thread 68 - PartitionProcessorThre...81-a5cc-e1c6c480171a-0-14 |  1203000 |   397000 |   483570840 |  15609249508 |  10831872 |      0 |  1393325230 |      0 |      0 |         0 
 57315 Thread 69 - PartitionProcessorThre...81-a5cc-e1c6c480171a-0-15 |  1170000 |   388000 |   470552188 |  15199193286 |         0 |      0 |  1433407923 |      0 |      0 |         0 
 57316 Thread 70 - PartitionProcessorThre...81-a5cc-e1c6c480171a-0-16 |  1211000 |   372000 |   478413563 |  15443094688 |         0 |      0 |  1356177197 |      0 |      0 |         0 
 57317 Thread 71 - PartitionProcessorThre...81-a5cc-e1c6c480171a-0-17 |  1214000 |   360000 |   475734360 |  15355465348 |         0 |      0 |  1474483296 |      0 |      0 |         0 
 57318 Thread 72 - PartitionProcessorThre...81-a5cc-e1c6c480171a-0-18 |  1155000 |   369000 |   460598981 |  14867527794 |         0 |      0 |  1470229855 |      0 |      0 |         0 
 57319 Thread 73 - PartitionProcessorThre...81-a5cc-e1c6c480171a-0-19 |  1165000 |   376000 |   465336790 |  15032923173 |         0 |      0 |  1365314050 |      0 |      0 |         0 
 57727 Thread 74 - process reaper                                     |     2000 |     3000 |     1589054 |     48898257 |      2048 |      0 |           0 |      0 |      0 |         0 
 57733 Thread 75 - Attach Listener                                    |   357000 |   101000 |   141896072 |   4475689940 |   5304320 | 133120 |      607234 |      0 |      0 |         0 
