                                 Task                                 |  utime   |  stime   |     rss     |     vmem     |   read    | write  |    d:cpu    | d:bio  | d:swap | d:reclaim 
 39829 Thread 1 - main                                                |   546000 |    87000 |    39921069 |   4787251456 |  21055488 |   1024 |    10273613 |      0 |      0 |         0 
 39851 Thread 2 - Reference Handler                                   |     6000 |        0 |      611242 |     46605445 |         0 |      0 |      475653 |      0 |      0 |         0 
 39852 Thread 3 - Finalizer                                           |     8000 |     1000 |      755968 |     68426249 |      5120 |      0 |      745345 |      0 |      0 |         0 
 39853 Thread 4 - Surrogate Locker Thread (Concurrent GC)             |        0 |        0 |           0 |            0 |         0 |      0 |        1420 |      0 |      0 |         0 
 39854 Thread 5 - Signal Dispatcher                                   |        0 |        0 |           0 |            0 |         0 |      0 |           0 |      0 |      0 |         0 
 39863 Thread 11 - DecatonSubscriptionThread-decaton-benchmark        | 28636000 | 31942000 | 19112351764 | 589819092877 | 637478912 | 124928 | 18862424721 | 114545 |      0 |         0 
 39865 Thread 13 - kafka-coordinator-hear...hread | decaton-benchmark |   169000 |    46000 |    67190042 |   2095562785 |   5681152 |   4096 |    77678914 | 457821 |      0 |         0 
 39868 Thread 14 - PartitionProcessorThre...dda-a835-083291a2ac26-0-0 |  1293000 |   478000 |   557975859 |  17272091281 |     33792 |      0 |  1835039500 |      0 |      0 |         0 
 39869 Thread 15 - PartitionProcessorThre...dda-a835-083291a2ac26-0-1 |  1351000 |   457000 |   570242328 |  17638612195 |         0 |      0 |  1655996268 |      0 |      0 |         0 
 39870 Thread 16 - PartitionProcessorThre...dda-a835-083291a2ac26-0-2 |  1280000 |   426000 |   536684414 |  16636419410 |     64512 |      0 |  1704431711 |      0 |      0 |         0 
 39871 Thread 17 - PartitionProcessorThre...dda-a835-083291a2ac26-0-3 |  1261000 |   400000 |   524182961 |  16204302570 |     53248 |      0 |  1682596046 |      0 |      0 |         0 
 39872 Thread 18 - PartitionProcessorThre...dda-a835-083291a2ac26-0-4 |  1270000 |   446000 |   539629543 |  16742446917 |      1024 |      0 |  1513965215 |      0 |      0 |         0 
 39873 Thread 19 - PartitionProcessorThre...dda-a835-083291a2ac26-0-5 |  1365000 |   445000 |   571987461 |  17659070933 |         0 |      0 |  1665843687 |      0 |      0 |         0 
 39874 Thread 20 - PartitionProcessorThre...dda-a835-083291a2ac26-0-6 |  1294000 |   504000 |   568518949 |  17541307312 |      2048 |      0 |  1388714347 |      0 |      0 |         0 
 39875 Thread 21 - PartitionProcessorThre...dda-a835-083291a2ac26-0-7 |  1335000 |   471000 |   570332308 |  17620266757 |         0 |      0 |  1481726921 |      0 |      0 |         0 
 39876 Thread 22 - PartitionProcessorThre...dda-a835-083291a2ac26-0-8 |  1332000 |   428000 |   555656434 |  17172071566 |         0 |      0 |  1306227809 |      0 |      0 |         0 
 39877 Thread 23 - PartitionProcessorThre...dda-a835-083291a2ac26-0-9 |  1320000 |   442000 |   555538703 |  17191085093 |         0 |      0 |  1641197272 |      0 |      0 |         0 
 39878 Thread 24 - PartitionProcessorThre...da-a835-083291a2ac26-0-10 |  1314000 |   452000 |   555680598 |  17226675687 |         0 |      0 |  1495709639 |      0 |      0 |         0 
 39879 Thread 25 - PartitionProcessorThre...da-a835-083291a2ac26-0-11 |  1337000 |   492000 |   576773472 |  17840875593 |      3072 |      0 |  1654728712 |      0 |      0 |         0 
 39880 Thread 26 - PartitionProcessorThre...da-a835-083291a2ac26-0-12 |  1273000 |   461000 |   545859828 |  16919616828 |      1024 |      0 |  1461135047 |      0 |      0 |         0 
 39881 Thread 27 - PartitionProcessorThre...da-a835-083291a2ac26-0-13 |  1292000 |   433000 |   543151637 |  16832307296 |         0 |      0 |  1514172908 |      0 |      0 |         0 
 39882 Thread 28 - PartitionProcessorThre...da-a835-083291a2ac26-0-14 |  1281000 |   433000 |   541322750 |  16724694292 |         0 |      0 |  1671857968 |      0 |      0 |         0 
 39883 Thread 29 - PartitionProcessorThre...da-a835-083291a2ac26-0-15 |  1225000 |   433000 |   523354899 |  16177990886 |     43008 |      0 |  1576641529 |      0 |      0 |         0 
 39884 Thread 30 - PartitionProcessorThre...da-a835-083291a2ac26-0-16 |  1335000 |   437000 |   559411297 |  17290593972 |         0 |      0 |  1353972834 |      0 |      0 |         0 
 39885 Thread 31 - PartitionProcessorThre...da-a835-083291a2ac26-0-17 |  1234000 |   466000 |   536695516 |  16588603175 |         0 |      0 |  1508377626 |      0 |      0 |         0 
 39886 Thread 32 - PartitionProcessorThre...da-a835-083291a2ac26-0-18 |  1312000 |   435000 |   551433875 |  17045897894 |         0 |      0 |  1541332033 |      0 |      0 |         0 
 39887 Thread 33 - PartitionProcessorThre...da-a835-083291a2ac26-0-19 |  1382000 |   452000 |   578931859 |  17896128765 |         0 |      0 |  1404646575 |      0 |      0 |         0 
 39888 Thread 34 - PartitionProcessorThre...dda-a835-083291a2ac26-1-0 |  1262000 |   467000 |   547482691 |  16872293124 |         0 |      0 |  1388755551 |      0 |      0 |         0 
 39889 Thread 35 - PartitionProcessorThre...dda-a835-083291a2ac26-1-1 |  1236000 |   440000 |   530653246 |  16354844328 |         0 |      0 |  1565527845 |      0 |      0 |         0 
 39890 Thread 36 - PartitionProcessorThre...dda-a835-083291a2ac26-1-2 |  1267000 |   461000 |   546236777 |  16861742062 |         0 |      0 |  1522456476 |      0 |      0 |         0 
 39891 Thread 37 - PartitionProcessorThre...dda-a835-083291a2ac26-1-3 |  1336000 |   428000 |   559252273 |  17212684816 |         0 |      0 |  1451156291 |      0 |      0 |         0 
 39892 Thread 38 - PartitionProcessorThre...dda-a835-083291a2ac26-1-4 |  1361000 |   473000 |   581435547 |  17895919023 |         0 |      0 |  1407948199 |      0 |      0 |         0 
 39893 Thread 39 - PartitionProcessorThre...dda-a835-083291a2ac26-1-5 |  1361000 |   437000 |   569185203 |  17544944640 |         0 |      0 |  1531295790 |      0 |      0 |         0 
 39894 Thread 40 - PartitionProcessorThre...dda-a835-083291a2ac26-1-6 |  1226000 |   453000 |   531955551 |  16383459832 |         0 |      0 |  1593005516 |      0 |      0 |         0 
 39895 Thread 41 - PartitionProcessorThre...dda-a835-083291a2ac26-1-7 |  1275000 |   427000 |   539899438 |  16609063945 |         0 |      0 |  1467906899 |      0 |      0 |         0 
 39896 Thread 42 - PartitionProcessorThre...dda-a835-083291a2ac26-1-8 |  1348000 |   423000 |   562041391 |  17281914722 |         0 |      0 |  1429620606 |      0 |      0 |         0 
 39897 Thread 43 - PartitionProcessorThre...dda-a835-083291a2ac26-1-9 |  1328000 |   467000 |   568421988 |  17515140960 |         0 |      0 |  1469494299 |      0 |      0 |         0 
 39898 Thread 44 - PartitionProcessorThre...da-a835-083291a2ac26-1-10 |  1256000 |   474000 |   545082422 |  16881822011 |         0 |      0 |  1481734178 |      0 |      0 |         0 
 39899 Thread 45 - PartitionProcessorThre...da-a835-083291a2ac26-1-11 |  1254000 |   479000 |   549876570 |  16910360750 |         0 |      0 |  1734583102 |      0 |      0 |         0 
 39900 Thread 46 - PartitionProcessorThre...da-a835-083291a2ac26-1-12 |  1275000 |   433000 |   541196844 |  16667185378 |         0 |      0 |  1389533181 |      0 |      0 |         0 
 39901 Thread 47 - PartitionProcessorThre...da-a835-083291a2ac26-1-13 |  1313000 |   462000 |   562354129 |  17320198679 |      3072 |      0 |  1527823510 |      0 |      0 |         0 
 39902 Thread 48 - PartitionProcessorThre...da-a835-083291a2ac26-1-14 |  1279000 |   452000 |   548975391 |  16891669015 |         0 |      0 |  1423195198 |      0 |      0 |         0 
 39903 Thread 49 - PartitionProcessorThre...da-a835-083291a2ac26-1-15 |  1373000 |   491000 |   589741277 |  18189106828 |         0 |      0 |  1544727543 |      0 |      0 |         0 
 39904 Thread 50 - PartitionProcessorThre...da-a835-083291a2ac26-1-16 |  1257000 |   470000 |   548213484 |  16852517417 |         0 |      0 |  1381558527 |      0 |      0 |         0 
 39905 Thread 51 - PartitionProcessorThre...da-a835-083291a2ac26-1-17 |  1331000 |   436000 |   560081523 |  17243011628 |         0 |      0 |  1415254596 |      0 |      0 |         0 
 39906 Thread 52 - PartitionProcessorThre...da-a835-083291a2ac26-1-18 |  1277000 |   421000 |   537762066 |  16568907503 |         0 |      0 |  1601389492 |      0 |      0 |         0 
 39907 Thread 53 - PartitionProcessorThre...da-a835-083291a2ac26-1-19 |  1253000 |   436000 |   535785805 |  16481251085 |         0 |      0 |  1570934089 |      0 |      0 |         0 
 39908 Thread 54 - PartitionProcessorThre...dda-a835-083291a2ac26-2-0 |  1285000 |   386000 |   530855910 |  16304876250 |         0 |      0 |  1478879064 |      0 |      0 |         0 
 39909 Thread 55 - PartitionProcessorThre...dda-a835-083291a2ac26-2-1 |  1207000 |   463000 |   532804906 |  16296400195 |      1024 |      0 |  1553951682 |      0 |      0 |         0 
 39910 Thread 56 - PartitionProcessorThre...dda-a835-083291a2ac26-2-2 |  1255000 |   434000 |   538065883 |  16481983062 |         0 |      0 |  1389264945 |      0 |      0 |         0 
 39911 Thread 57 - PartitionProcessorThre...dda-a835-083291a2ac26-2-3 |  1280000 |   446000 |   548639512 |  16842067062 |         0 |      0 |  1475544744 |      0 |      0 |         0 
 39912 Thread 58 - PartitionProcessorThre...dda-a835-083291a2ac26-2-4 |  1282000 |   456000 |   552837605 |  16959592625 |         0 |      0 |  1488477422 |      0 |      0 |         0 
 39913 Thread 59 - PartitionProcessorThre...dda-a835-083291a2ac26-2-5 |  1261000 |   491000 |   556877598 |  17095499015 |         0 |      0 |  1610245506 |      0 |      0 |         0 
 39914 Thread 60 - PartitionProcessorThre...dda-a835-083291a2ac26-2-6 |  1351000 |   423000 |   563257125 |  17311112937 |         0 |      0 |  1615864128 |      0 |      0 |         0 
 39915 Thread 61 - PartitionProcessorThre...dda-a835-083291a2ac26-2-7 |  1372000 |   431000 |   573762234 |  17593898898 |         0 |      0 |  1642521338 |      0 |      0 |         0 
 39916 Thread 62 - PartitionProcessorThre...dda-a835-083291a2ac26-2-8 |  1359000 |   508000 |   594705769 |  18219069191 |         0 |      0 |  1576082286 |      0 |      0 |         0 
 39917 Thread 63 - PartitionProcessorThre...dda-a835-083291a2ac26-2-9 |  1343000 |   441000 |   567155574 |  17408530343 |         0 |      0 |  1523788063 |      0 |      0 |         0 
 39918 Thread 64 - PartitionProcessorThre...da-a835-083291a2ac26-2-10 |  1345000 |   447000 |   570527234 |  17486321402 |         0 |      0 |  1538105824 |      0 |      0 |         0 
 39919 Thread 65 - PartitionProcessorThre...da-a835-083291a2ac26-2-11 |  1350000 |   461000 |   576931101 |  17672015933 |         0 |      0 |  1488464334 |      0 |      0 |         0 
 39920 Thread 66 - PartitionProcessorThre...da-a835-083291a2ac26-2-12 |  1315000 |   446000 |   560680059 |  17184015671 |         0 |      0 |  1668863254 |      0 |      0 |         0 
 39921 Thread 67 - PartitionProcessorThre...da-a835-083291a2ac26-2-13 |  1326000 |   447000 |   563923773 |  17300985875 |         0 |      0 |  1330411614 |      0 |      0 |         0 
 39922 Thread 68 - PartitionProcessorThre...da-a835-083291a2ac26-2-14 |  1213000 |   451000 |   528684067 |  16237110734 |         0 |      0 |  1463366082 |      0 |      0 |         0 
 39923 Thread 69 - PartitionProcessorThre...da-a835-083291a2ac26-2-15 |  1326000 |   496000 |   579749672 |  17779531046 |         0 |      0 |  1527860513 |      0 |      0 |         0 
 39924 Thread 70 - PartitionProcessorThre...da-a835-083291a2ac26-2-16 |  1247000 |   451000 |   539095102 |  16569491687 |         0 |      0 |  1547915057 |      0 |      0 |         0 
 39925 Thread 71 - PartitionProcessorThre...da-a835-083291a2ac26-2-17 |  1348000 |   450000 |   571510625 |  17544415562 |         0 |      0 |  1513836098 |      0 |      0 |         0 
 39926 Thread 72 - PartitionProcessorThre...da-a835-083291a2ac26-2-18 |  1284000 |   435000 |   546496586 |  16774188812 |         0 |      0 |  1420724638 |      0 |      0 |         0 
 39927 Thread 73 - PartitionProcessorThre...da-a835-083291a2ac26-2-19 |  1326000 |   458000 |   567672523 |  17408193250 |         0 |      0 |  1420080244 |      0 |      0 |         0 
 40263 Thread 74 - process reaper                                     |     1000 |        0 |      335378 |      9786000 |      2048 |      0 |        9322 |      0 |      0 |         0 
 40269 Thread 75 - Attach Listener                                    |   368000 |    89000 |   148684963 |   4466006354 |   5304320 | 190464 |     3750341 |      0 |      0 |         0 
