                                 Task                                 |  utime   |  stime   |     rss     |     vmem     |   read    | write  |    d:cpu    | d:bio  | d:swap | d:reclaim 
 65987 Thread 1 - main                                                |   569000 |    81000 |    41444623 |   4942591537 |  21054464 |   1024 |     7840164 |      0 |      0 |         0 
 66009 Thread 2 - Reference Handler                                   |     5000 |     1000 |      530703 |     45764960 |         0 |      0 |       63795 |      0 |      0 |         0 
 66010 Thread 3 - Finalizer                                           |     5000 |     1000 |      589390 |     46467414 |      5120 |      0 |      895143 |      0 |      0 |         0 
 66011 Thread 4 - Surrogate Locker Thread (Concurrent GC)             |        0 |        0 |           0 |            0 |         0 |      0 |           0 |      0 |      0 |         0 
 66012 Thread 5 - Signal Dispatcher                                   |        0 |        0 |           0 |            0 |         0 |      0 |           0 |      0 |      0 |         0 
 66022 Thread 11 - DecatonSubscriptionThread-decaton-benchmark        | 30757000 | 32193000 | 20451372162 | 613027006276 | 637224960 | 132096 | 20407286232 | 162069 |      0 |         0 
 66024 Thread 13 - kafka-coordinator-hear...hread | decaton-benchmark |   181000 |    51000 |    73956030 |   2259603511 |   5926912 |   5120 |    17982575 | 249109 |      0 |         0 
 66027 Thread 14 - PartitionProcessorThre...586-aa40-019e89531a3a-0-0 |  1243000 |   473000 |   554775938 |  16727193395 |     34816 |      0 |  1286354553 |      0 |      0 |         0 
 66028 Thread 15 - PartitionProcessorThre...586-aa40-019e89531a3a-0-1 |  1226000 |   436000 |   541061208 |  16211772547 |      6144 |      0 |  1338561495 |      0 |      0 |         0 
 66029 Thread 16 - PartitionProcessorThre...586-aa40-019e89531a3a-0-2 |  1270000 |   430000 |   553129016 |  16581596973 |         0 |      0 |  1474246838 |      0 |      0 |         0 
 66030 Thread 17 - PartitionProcessorThre...586-aa40-019e89531a3a-0-3 |  1247000 |   459000 |   554512556 |  16636004657 |         0 |      0 |  1484416166 |      0 |      0 |         0 
 66031 Thread 18 - PartitionProcessorThre...586-aa40-019e89531a3a-0-4 |  1294000 |   414000 |   552779470 |  16658719137 |    117760 |      0 |  1663930453 |      0 |      0 |         0 
 66032 Thread 19 - PartitionProcessorThre...586-aa40-019e89531a3a-0-5 |  1214000 |   470000 |   548992989 |  16428834872 |         0 |      0 |  1668217777 |      0 |      0 |         0 
 66033 Thread 20 - PartitionProcessorThre...586-aa40-019e89531a3a-0-6 |  1212000 |   469000 |   546045755 |  16400985602 |      1024 |      0 |  1589422144 |      0 |      0 |         0 
 66034 Thread 21 - PartitionProcessorThre...586-aa40-019e89531a3a-0-7 |  1255000 |   443000 |   551788724 |  16565666403 |         0 |      0 |  1375249080 |      0 |      0 |         0 
 66035 Thread 22 - PartitionProcessorThre...586-aa40-019e89531a3a-0-8 |  1275000 |   468000 |   567929696 |  17006577168 |         0 |      0 |  1415687811 |      0 |      0 |         0 
 66036 Thread 23 - PartitionProcessorThre...586-aa40-019e89531a3a-0-9 |  1246000 |   468000 |   556721778 |  16724460121 |      3072 |      0 |  1453529990 |      0 |      0 |         0 
 66037 Thread 24 - PartitionProcessorThre...86-aa40-019e89531a3a-0-10 |  1305000 |   460000 |   572111626 |  17220347930 |         0 |      0 |  1612143814 |      0 |      0 |         0 
 66038 Thread 25 - PartitionProcessorThre...86-aa40-019e89531a3a-0-11 |  1233000 |   435000 |   543365919 |  16274766364 |         0 |      0 |  1602430007 |      0 |      0 |         0 
 66039 Thread 26 - PartitionProcessorThre...86-aa40-019e89531a3a-0-12 |  1227000 |   459000 |   548419349 |  16449094528 |         0 |      0 |  1463879093 |      0 |      0 |         0 
 66040 Thread 27 - PartitionProcessorThre...86-aa40-019e89531a3a-0-13 |  1264000 |   450000 |   556339130 |  16721579493 |     25600 |      0 |  1493641799 |      0 |      0 |         0 
 66041 Thread 28 - PartitionProcessorThre...86-aa40-019e89531a3a-0-14 |  1180000 |   446000 |   530128271 |  15866228360 |         0 |      0 |  1508642286 |      0 |      0 |         0 
 66042 Thread 29 - PartitionProcessorThre...86-aa40-019e89531a3a-0-15 |  1275000 |   423000 |   550068083 |  16568457500 |      4096 |      0 |  1412694598 |      0 |      0 |         0 
 66043 Thread 30 - PartitionProcessorThre...86-aa40-019e89531a3a-0-16 |  1261000 |   450000 |   556452708 |  16696217278 |         0 |      0 |  1333274774 |      0 |      0 |         0 
 66044 Thread 31 - PartitionProcessorThre...86-aa40-019e89531a3a-0-17 |  1244000 |   473000 |   558409622 |  16752358993 |     11264 |      0 |  1477802543 |      0 |      0 |         0 
 66045 Thread 32 - PartitionProcessorThre...86-aa40-019e89531a3a-0-18 |  1303000 |   483000 |   581910481 |  17427787547 |         0 |      0 |  1597230535 | 754776 |      0 |         0 
 66046 Thread 33 - PartitionProcessorThre...86-aa40-019e89531a3a-0-19 |  1275000 |   418000 |   552890981 |  16521119977 |         0 |      0 |  1380128021 |      0 |      0 |         0 
 66047 Thread 34 - PartitionProcessorThre...586-aa40-019e89531a3a-1-0 |  1214000 |   458000 |   546453368 |  16315047551 |         0 |      0 |  1455141993 |      0 |      0 |         0 
 66048 Thread 35 - PartitionProcessorThre...586-aa40-019e89531a3a-1-1 |  1246000 |   497000 |   569520813 |  17007099743 |         0 |      0 |  1444837131 |      0 |      0 |         0 
 66049 Thread 36 - PartitionProcessorThre...586-aa40-019e89531a3a-1-2 |  1314000 |   439000 |   573058997 |  17105561110 |         0 |      0 |  1293045694 |      0 |      0 |         0 
 66050 Thread 37 - PartitionProcessorThre...586-aa40-019e89531a3a-1-3 |  1261000 |   424000 |   552429856 |  16442780477 |         0 |      0 |  1315512384 |      0 |      0 |         0 
 66051 Thread 38 - PartitionProcessorThre...586-aa40-019e89531a3a-1-4 |  1254000 |   442000 |   554593325 |  16549381653 |         0 |      0 |  1272464856 |      0 |      0 |         0 
 66052 Thread 39 - PartitionProcessorThre...586-aa40-019e89531a3a-1-5 |  1190000 |   416000 |   524416806 |  15670944348 |         0 |      0 |  1342642730 |      0 |      0 |         0 
 66053 Thread 40 - PartitionProcessorThre...586-aa40-019e89531a3a-1-6 |  1223000 |   432000 |   540882524 |  16149436032 |         0 |      0 |  1298251335 |      0 |      0 |         0 
 66054 Thread 41 - PartitionProcessorThre...586-aa40-019e89531a3a-1-7 |  1278000 |   450000 |   564836442 |  16861458321 |         0 |      0 |  1379778460 |      0 |      0 |         0 
 66055 Thread 42 - PartitionProcessorThre...586-aa40-019e89531a3a-1-8 |  1253000 |   453000 |   559233786 |  16646641911 |         0 |      0 |  1500440888 |      0 |      0 |         0 
 66056 Thread 43 - PartitionProcessorThre...586-aa40-019e89531a3a-1-9 |  1247000 |   400000 |   539787653 |  16071701684 |         0 |      0 |  1464051337 |      0 |      0 |         0 
 66057 Thread 44 - PartitionProcessorThre...86-aa40-019e89531a3a-1-10 |  1285000 |   467000 |   573006462 |  17095854864 |         0 |      0 |  1342080493 |      0 |      0 |         0 
 66058 Thread 45 - PartitionProcessorThre...86-aa40-019e89531a3a-1-11 |  1235000 |   454000 |   552281571 |  16480822309 |         0 |      0 |  1593031004 |      0 |      0 |         0 
 66059 Thread 46 - PartitionProcessorThre...86-aa40-019e89531a3a-1-12 |  1276000 |   432000 |   558471149 |  16666394141 |         0 |      0 |  1616537507 |      0 |      0 |         0 
 66060 Thread 47 - PartitionProcessorThre...86-aa40-019e89531a3a-1-13 |  1261000 |   440000 |   556945981 |  16598362270 |         0 |      0 |  1556357498 |      0 |      0 |         0 
 66061 Thread 48 - PartitionProcessorThre...86-aa40-019e89531a3a-1-14 |  1287000 |   460000 |   571362727 |  17047340965 |         0 |      0 |  1341670236 |      0 |      0 |         0 
 66062 Thread 49 - PartitionProcessorThre...86-aa40-019e89531a3a-1-15 |  1273000 |   457000 |   564877388 |  16880787950 |         0 |      0 |  1533555743 |      0 |      0 |         0 
 66063 Thread 50 - PartitionProcessorThre...86-aa40-019e89531a3a-1-16 |  1232000 |   476000 |   559606056 |  16667141395 |         0 |      0 |  1545980524 |      0 |      0 |         0 
 66064 Thread 51 - PartitionProcessorThre...86-aa40-019e89531a3a-1-17 |  1174000 |   435000 |   526302228 |  15700895204 |         0 |      0 |  1605841728 |      0 |      0 |         0 
 66065 Thread 52 - PartitionProcessorThre...86-aa40-019e89531a3a-1-18 |  1187000 |   431000 |   528127337 |  15787952766 |         0 |      0 |  1403412007 |      0 |      0 |         0 
 66066 Thread 53 - PartitionProcessorThre...86-aa40-019e89531a3a-1-19 |  1281000 |   433000 |   560264071 |  16725340067 |         0 |      0 |  1504774204 |      0 |      0 |         0 
 66067 Thread 54 - PartitionProcessorThre...586-aa40-019e89531a3a-2-0 |  1220000 |   424000 |   537805681 |  16041702629 |         0 |      0 |  1359634421 |      0 |      0 |         0 
 66068 Thread 55 - PartitionProcessorThre...586-aa40-019e89531a3a-2-1 |  1249000 |   488000 |   568129431 |  16949699582 |         0 |      0 |  1396739902 |      0 |      0 |         0 
 66069 Thread 56 - PartitionProcessorThre...586-aa40-019e89531a3a-2-2 |  1169000 |   422000 |   520462235 |  15524881415 |         0 |      0 |  1390700040 |      0 |      0 |         0 
 66070 Thread 57 - PartitionProcessorThre...586-aa40-019e89531a3a-2-3 |  1213000 |   425000 |   534637263 |  15983073102 |         0 |      0 |  1348245601 |      0 |      0 |         0 
 66071 Thread 58 - PartitionProcessorThre...586-aa40-019e89531a3a-2-4 |  1166000 |   444000 |   528279708 |  15710645258 |         0 |      0 |  1436612431 |      0 |      0 |         0 
 66072 Thread 59 - PartitionProcessorThre...586-aa40-019e89531a3a-2-5 |  1286000 |   414000 |   556167638 |  16588787129 |         0 |      0 |  1414405007 |      0 |      0 |         0 
 66073 Thread 60 - PartitionProcessorThre...586-aa40-019e89531a3a-2-6 |  1305000 |   441000 |   572148782 |  17037980879 |         0 |      0 |  1577744084 |      0 |      0 |         0 
 66074 Thread 61 - PartitionProcessorThre...586-aa40-019e89531a3a-2-7 |  1310000 |   479000 |   586535329 |  17456687574 |         0 |      0 |  1527675695 |      0 |      0 |         0 
 66075 Thread 62 - PartitionProcessorThre...586-aa40-019e89531a3a-2-8 |  1270000 |   453000 |   564106063 |  16813577196 |         0 |      0 |  1334208544 |      0 |      0 |         0 
 66076 Thread 63 - PartitionProcessorThre...586-aa40-019e89531a3a-2-9 |  1269000 |   513000 |   583074009 |  17389323817 |         0 |      0 |  1393350665 |      0 |      0 |         0 
 66077 Thread 64 - PartitionProcessorThre...86-aa40-019e89531a3a-2-10 |  1253000 |   437000 |   554172774 |  16490942399 |         0 |      0 |  1443518053 |      0 |      0 |         0 
 66078 Thread 65 - PartitionProcessorThre...86-aa40-019e89531a3a-2-11 |  1312000 |   438000 |   572808247 |  17076244946 |         0 |      0 |  1390325762 |      0 |      0 |         0 
 66079 Thread 66 - PartitionProcessorThre...86-aa40-019e89531a3a-2-12 |  1258000 |   476000 |   567638876 |  16920996578 |         0 |      0 |  1491222654 |      0 |      0 |         0 
 66080 Thread 67 - PartitionProcessorThre...86-aa40-019e89531a3a-2-13 |  1226000 |   438000 |   543754841 |  16236772032 |         0 |      0 |  1424855522 |      0 |      0 |         0 
 66081 Thread 68 - PartitionProcessorThre...86-aa40-019e89531a3a-2-14 |  1248000 |   469000 |   562044243 |  16753915250 |         0 |      0 |  1490024148 |      0 |      0 |         0 
 66082 Thread 69 - PartitionProcessorThre...86-aa40-019e89531a3a-2-15 |  1286000 |   475000 |   576350852 |  17183469805 |         0 |      0 |  1400657804 |      0 |      0 |         0 
 66083 Thread 70 - PartitionProcessorThre...86-aa40-019e89531a3a-2-16 |  1195000 |   452000 |   538741177 |  16070962661 |         0 |      0 |  1353076071 |      0 |      0 |         0 
 66084 Thread 71 - PartitionProcessorThre...86-aa40-019e89531a3a-2-17 |  1135000 |   478000 |   528366114 |  15739600188 |         0 |      0 |  1368001028 |      0 |      0 |         0 
 66085 Thread 72 - PartitionProcessorThre...86-aa40-019e89531a3a-2-18 |  1199000 |   412000 |   526908427 |  15719645567 |         0 |      0 |  1359595196 |      0 |      0 |         0 
 66086 Thread 73 - PartitionProcessorThre...86-aa40-019e89531a3a-2-19 |  1253000 |   480000 |   566834208 |  16910500289 |         0 |      0 |  1317301440 |      0 |      0 |         0 
 66507 Thread 74 - process reaper                                     |     1000 |     2000 |     1044070 |     29357230 |      2048 |      0 |       46750 |      0 |      0 |         0 
 66513 Thread 75 - Attach Listener                                    |   375000 |    96000 |   156195792 |   4602760487 |   5304320 | 243712 |     2771314 |      0 |      0 |         0 
