                                 Task                                 |  utime   |  stime   |     rss     |     vmem     |   read    | write  |    d:cpu    | d:bio  | d:swap | d:reclaim 
 11873 Thread 1 - main                                                |   603000 |    79000 |    42986186 |   5160879557 |  21218304 |   1024 |     2714914 |      0 |      0 |         0 
 11895 Thread 2 - Reference Handler                                   |     6000 |        0 |      856488 |     48692874 |         0 |      0 |      153142 |      0 |      0 |         0 
 11896 Thread 3 - Finalizer                                           |     5000 |     1000 |      562499 |     45967992 |      5120 |      0 |      746653 |      0 |      0 |         0 
 11897 Thread 4 - Surrogate Locker Thread (Concurrent GC)             |        0 |        0 |           0 |            0 |         0 |      0 |           0 |      0 |      0 |         0 
 11898 Thread 5 - Signal Dispatcher                                   |        0 |        0 |           0 |            0 |         0 |      0 |           0 |      0 |      0 |         0 
 11908 Thread 11 - DecatonSubscriptionThread-decaton-benchmark        | 28290000 | 32182000 | 18683432724 | 588919523713 | 636684288 | 120832 | 18625488469 |  98230 |      0 |         0 
 11910 Thread 13 - kafka-coordinator-hear...hread | decaton-benchmark |   167000 |    58000 |    68397550 |   2187573382 |   6250496 |   4096 |    33346918 | 313476 |      0 |         0 
 11913 Thread 14 - PartitionProcessorThre...713-ac52-33ea503bd411-0-0 |  1274000 |   396000 |   508329160 |  16268079933 |     61440 |      0 |  1619382525 |      0 |      0 |         0 
 11914 Thread 15 - PartitionProcessorThre...713-ac52-33ea503bd411-0-1 |  1321000 |   452000 |   544318847 |  17290720777 |         0 |      0 |  1480986278 |      0 |      0 |         0 
 11915 Thread 16 - PartitionProcessorThre...713-ac52-33ea503bd411-0-2 |  1246000 |   403000 |   504528731 |  16085613320 |      1024 |      0 |  1327137693 |      0 |      0 |         0 
 11916 Thread 17 - PartitionProcessorThre...713-ac52-33ea503bd411-0-3 |  1259000 |   459000 |   527025598 |  16751896601 |    121856 |      0 |  1567281667 |      0 |      0 |         0 
 11917 Thread 18 - PartitionProcessorThre...713-ac52-33ea503bd411-0-4 |  1216000 |   463000 |   515134473 |  16375365480 |         0 |      0 |  1553455626 |      0 |      0 |         0 
 11918 Thread 19 - PartitionProcessorThre...713-ac52-33ea503bd411-0-5 |  1234000 |   424000 |   507673613 |  16174766480 |      1024 |      0 |  1292005081 |      0 |      0 |         0 
 11919 Thread 20 - PartitionProcessorThre...713-ac52-33ea503bd411-0-6 |  1321000 |   439000 |   540122523 |  17173077128 |         0 |      0 |  1668675824 |      0 |      0 |         0 
 11920 Thread 21 - PartitionProcessorThre...713-ac52-33ea503bd411-0-7 |  1279000 |   465000 |   535928719 |  17014510507 |         0 |      0 |  1379003534 |      0 |      0 |         0 
 11921 Thread 22 - PartitionProcessorThre...713-ac52-33ea503bd411-0-8 |  1294000 |   414000 |   523613961 |  16663996222 |         0 |      0 |  1411861572 |      0 |      0 |         0 
 11922 Thread 23 - PartitionProcessorThre...713-ac52-33ea503bd411-0-9 |  1263000 |   440000 |   523322836 |  16613609773 |         0 |      0 |  1621744889 |      0 |      0 |         0 
 11923 Thread 24 - PartitionProcessorThre...13-ac52-33ea503bd411-0-10 |  1217000 |   397000 |   495824754 |  15746416257 |         0 |      0 |  1435556617 |      0 |      0 |         0 
 11924 Thread 25 - PartitionProcessorThre...13-ac52-33ea503bd411-0-11 |  1233000 |   433000 |   511263758 |  16255235851 |         0 |      0 |  1676470515 |      0 |      0 |         0 
 11925 Thread 26 - PartitionProcessorThre...13-ac52-33ea503bd411-0-12 |  1225000 |   434000 |   510478977 |  16187489820 |         0 |      0 |  1527412867 |      0 |      0 |         0 
 11926 Thread 27 - PartitionProcessorThre...13-ac52-33ea503bd411-0-13 |  1281000 |   456000 |   532278797 |  16947645519 |         0 |      0 |  1665844957 |      0 |      0 |         0 
 11927 Thread 28 - PartitionProcessorThre...13-ac52-33ea503bd411-0-14 |  1243000 |   482000 |   530131602 |  16830020742 |         0 |      0 |  1556605017 |      0 |      0 |         0 
 11928 Thread 29 - PartitionProcessorThre...13-ac52-33ea503bd411-0-15 |  1170000 |   433000 |   492918403 |  15641433203 |         0 |      0 |  1216694062 |      0 |      0 |         0 
 11929 Thread 30 - PartitionProcessorThre...13-ac52-33ea503bd411-0-16 |  1302000 |   408000 |   523832926 |  16686530796 |         0 |      0 |  1520430084 |      0 |      0 |         0 
 11930 Thread 31 - PartitionProcessorThre...13-ac52-33ea503bd411-0-17 |  1264000 |   478000 |   536362176 |  16996310429 |         0 |      0 |  1679217451 |      0 |      0 |         0 
 11931 Thread 32 - PartitionProcessorThre...13-ac52-33ea503bd411-0-18 |  1245000 |   433000 |   514441977 |  16370887035 |     18432 |      0 |  1416331869 |      0 |      0 |         0 
 11932 Thread 33 - PartitionProcessorThre...13-ac52-33ea503bd411-0-19 |  1269000 |   448000 |   527824859 |  16751270531 |         0 |      0 |  1561180370 |      0 |      0 |         0 
 11933 Thread 34 - PartitionProcessorThre...713-ac52-33ea503bd411-2-0 |  1195000 |   439000 |   508849742 |  15944853921 |         0 |      0 |  1435067037 |      0 |      0 |         0 
 11934 Thread 35 - PartitionProcessorThre...713-ac52-33ea503bd411-2-1 |  1151000 |   422000 |   487862278 |  15349292460 |         0 |      0 |  1314195404 |      0 |      0 |         0 
 11935 Thread 36 - PartitionProcessorThre...713-ac52-33ea503bd411-2-2 |  1193000 |   453000 |   511010824 |  16061832218 |         0 |      0 |  1484074406 |      0 |      0 |         0 
 11936 Thread 37 - PartitionProcessorThre...713-ac52-33ea503bd411-2-3 |  1211000 |   447000 |   516126645 |  16178752031 |         0 |      0 |  1504917359 |      0 |      0 |         0 
 11937 Thread 38 - PartitionProcessorThre...713-ac52-33ea503bd411-2-4 |  1263000 |   474000 |   539888695 |  16950043871 |         0 |      0 |  1396841197 |      0 |      0 |         0 
 11938 Thread 39 - PartitionProcessorThre...713-ac52-33ea503bd411-2-5 |  1286000 |   446000 |   538436062 |  16900354359 |         0 |      0 |  1186037100 |      0 |      0 |         0 
 11939 Thread 40 - PartitionProcessorThre...713-ac52-33ea503bd411-2-6 |  1219000 |   430000 |   512561570 |  16090880949 |         0 |      0 |  1261356277 |      0 |      0 |         0 
 11940 Thread 41 - PartitionProcessorThre...713-ac52-33ea503bd411-2-7 |  1222000 |   437000 |   516128930 |  16188789214 |         0 |      0 |  1372571043 |      0 |      0 |         0 
 11941 Thread 42 - PartitionProcessorThre...713-ac52-33ea503bd411-2-8 |  1202000 |   450000 |   513685512 |  16120350976 |         0 |      0 |  1316963100 |      0 |      0 |         0 
 11942 Thread 43 - PartitionProcessorThre...713-ac52-33ea503bd411-2-9 |  1215000 |   454000 |   518897769 |  16286324742 |         0 |      0 |  1280927265 |      0 |      0 |         0 
 11943 Thread 44 - PartitionProcessorThre...13-ac52-33ea503bd411-2-10 |  1235000 |   487000 |   534819859 |  16803494738 |         0 |      0 |  1373269667 |      0 |      0 |         0 
 11944 Thread 45 - PartitionProcessorThre...13-ac52-33ea503bd411-2-11 |  1265000 |   498000 |   549650672 |  17203846195 |         0 |      0 |  1639709544 |      0 |      0 |         0 
 11945 Thread 46 - PartitionProcessorThre...13-ac52-33ea503bd411-2-12 |  1237000 |   474000 |   532454180 |  16697154531 |      1024 |      0 |  1523346744 |      0 |      0 |         0 
 11946 Thread 47 - PartitionProcessorThre...13-ac52-33ea503bd411-2-13 |  1306000 |   444000 |   544632090 |  17076973234 |         0 |      0 |  1444054157 |      0 |      0 |         0 
 11947 Thread 48 - PartitionProcessorThre...13-ac52-33ea503bd411-2-14 |  1242000 |   484000 |   536098402 |  16841710812 |         0 |      0 |  1465153526 |      0 |      0 |         0 
 11948 Thread 49 - PartitionProcessorThre...13-ac52-33ea503bd411-2-15 |  1312000 |   428000 |   540239031 |  16978800640 |         0 |      0 |  1594307278 |      0 |      0 |         0 
 11949 Thread 50 - PartitionProcessorThre...13-ac52-33ea503bd411-2-16 |  1244000 |   470000 |   531812969 |  16724168535 |      3072 |      0 |  1481747817 |      0 |      0 |         0 
 11950 Thread 51 - PartitionProcessorThre...13-ac52-33ea503bd411-2-17 |  1354000 |   452000 |   560764281 |  17622287718 |         0 |      0 |  1334043859 |      0 |      0 |         0 
 11951 Thread 52 - PartitionProcessorThre...13-ac52-33ea503bd411-2-18 |  1244000 |   435000 |   523253574 |  16384348121 |         0 |      0 |  1304764808 |      0 |      0 |         0 
 11952 Thread 53 - PartitionProcessorThre...13-ac52-33ea503bd411-2-19 |  1272000 |   437000 |   531322395 |  16676286765 |         0 |      0 |  1465071815 |      0 |      0 |         0 
 11953 Thread 54 - PartitionProcessorThre...713-ac52-33ea503bd411-1-0 |  1256000 |   480000 |   541040707 |  16939946187 |         0 |      0 |  1583154769 |      0 |      0 |         0 
 11954 Thread 55 - PartitionProcessorThre...713-ac52-33ea503bd411-1-1 |  1202000 |   460000 |   518043512 |  16217871750 |         0 |      0 |  1352420980 |      0 |      0 |         0 
 11955 Thread 56 - PartitionProcessorThre...713-ac52-33ea503bd411-1-2 |  1177000 |   447000 |   506769910 |  15846877000 |         0 |      0 |  1270596444 |      0 |      0 |         0 
 11956 Thread 57 - PartitionProcessorThre...713-ac52-33ea503bd411-1-3 |  1261000 |   453000 |   533750043 |  16725327269 |         0 |      0 |  1346301147 |      0 |      0 |         0 
 11957 Thread 58 - PartitionProcessorThre...713-ac52-33ea503bd411-1-4 |  1288000 |   409000 |   528412391 |  16559464187 |         0 |      0 |  1491439796 |      0 |      0 |         0 
 11958 Thread 59 - PartitionProcessorThre...713-ac52-33ea503bd411-1-5 |  1289000 |   455000 |   542881640 |  17018174492 |         0 |      0 |  1406141622 |      0 |      0 |         0 
 11959 Thread 60 - PartitionProcessorThre...713-ac52-33ea503bd411-1-6 |  1218000 |   445000 |   517477816 |  16227798562 |         0 |      0 |  1346618712 |      0 |      0 |         0 
 11960 Thread 61 - PartitionProcessorThre...713-ac52-33ea503bd411-1-7 |  1229000 |   427000 |   516603203 |  16159424917 |         0 |      0 |  1305498570 |      0 |      0 |         0 
 11961 Thread 62 - PartitionProcessorThre...713-ac52-33ea503bd411-1-8 |  1190000 |   436000 |   506184828 |  15865862406 |         0 |      0 |  1316711619 |      0 |      0 |         0 
 11962 Thread 63 - PartitionProcessorThre...713-ac52-33ea503bd411-1-9 |  1285000 |   435000 |   535633695 |  16783967707 |         0 |      0 |  1341034641 |      0 |      0 |         0 
 11963 Thread 64 - PartitionProcessorThre...13-ac52-33ea503bd411-1-10 |  1185000 |   473000 |   516307320 |  16178870562 |         0 |      0 |  1427981360 |      0 |      0 |         0 
 11964 Thread 65 - PartitionProcessorThre...13-ac52-33ea503bd411-1-11 |  1221000 |   433000 |   515787758 |  16139976000 |         0 |      0 |  1372120789 |      0 |      0 |         0 
 11965 Thread 66 - PartitionProcessorThre...13-ac52-33ea503bd411-1-12 |  1244000 |   422000 |   519010465 |  16257463417 |         0 |      0 |  1505052534 |      0 |      0 |         0 
 11966 Thread 67 - PartitionProcessorThre...13-ac52-33ea503bd411-1-13 |  1180000 |   456000 |   510086824 |  15964886437 |         0 |      0 |  1424583039 |      0 |      0 |         0 
 11967 Thread 68 - PartitionProcessorThre...13-ac52-33ea503bd411-1-14 |  1181000 |   434000 |   503617180 |  15759943812 |         0 |      0 |  1466639613 |      0 |      0 |         0 
 11968 Thread 69 - PartitionProcessorThre...13-ac52-33ea503bd411-1-15 |  1281000 |   414000 |   528193430 |  16539609492 |         0 |      0 |  1291040554 |      0 |      0 |         0 
 11969 Thread 70 - PartitionProcessorThre...13-ac52-33ea503bd411-1-16 |  1174000 |   475000 |   513295984 |  16090605429 |         0 |      0 |  1349609771 |      0 |      0 |         0 
 11970 Thread 71 - PartitionProcessorThre...13-ac52-33ea503bd411-1-17 |  1256000 |   492000 |   545591961 |  17057398250 |         0 |      0 |  1330354002 |      0 |      0 |         0 
 11971 Thread 72 - PartitionProcessorThre...13-ac52-33ea503bd411-1-18 |  1224000 |   441000 |   518953891 |  16247842042 |         0 |      0 |  1350958055 |      0 |      0 |         0 
 11972 Thread 73 - PartitionProcessorThre...13-ac52-33ea503bd411-1-19 |  1299000 |   453000 |   546975019 |  17096729375 |         0 |      0 |  1483257638 |      0 |      0 |         0 
 12352 Thread 74 - process reaper                                     |        0 |        0 |           0 |            0 |      2048 |      0 |       38939 |      0 |      0 |         0 
 12358 Thread 75 - Attach Listener                                    |   365000 |    93000 |   144601721 |   4475713166 |   5304320 | 180224 |     3072267 |      0 |      0 |         0 
