                                 Task                                  |  utime   |  stime   |     rss     |     vmem     |   read    | write  |    d:cpu    | d:bio  | d:swap | d:reclaim 
 160790 Thread 1 - main                                                |   565000 |    85000 |    40831467 |   4929597990 |  21055488 |   2048 |     3755883 |      0 |      0 |         0 
 160812 Thread 2 - Reference Handler                                   |     6000 |        0 |      602769 |     46605421 |         0 |      0 |      501180 |      0 |      0 |         0 
 160813 Thread 3 - Finalizer                                           |     7000 |     1000 |     1007550 |     64089984 |      5120 |      0 |      472577 |      0 |      0 |         0 
 160814 Thread 4 - Surrogate Locker Thread (Concurrent GC)             |        0 |        0 |           0 |            0 |         0 |      0 |           0 |      0 |      0 |         0 
 160815 Thread 5 - Signal Dispatcher                                   |        0 |        0 |           0 |            0 |         0 |      0 |           0 |      0 |      0 |         0 
 160824 Thread 11 - DecatonSubscriptionThread-decaton-benchmark        | 30040000 | 32835000 | 19058029828 | 612308657269 | 636438528 | 135168 | 19843060069 | 676435 |      0 |         0 
 160826 Thread 13 - kafka-coordinator-hear...hread | decaton-benchmark |   179000 |    46000 |    68065058 |   2193347956 |   6721536 |   5120 |    29547262 | 357959 |      0 |         0 
 160829 Thread 14 - PartitionProcessorThre...0e4-9d15-9981200c63f4-1-0 |  1284000 |   461000 |   520523774 |  16985200758 |    158720 |      0 |  1471644809 |      0 |      0 |         0 
 160830 Thread 15 - PartitionProcessorThre...0e4-9d15-9981200c63f4-1-1 |  1358000 |   458000 |   548844426 |  17713438684 |      4096 |      0 |  1475649208 |      0 |      0 |         0 
 160831 Thread 16 - PartitionProcessorThre...0e4-9d15-9981200c63f4-1-2 |  1318000 |   489000 |   544932160 |  17626287719 |         0 |      0 |  1421641593 |      0 |      0 |         0 
 160832 Thread 17 - PartitionProcessorThre...0e4-9d15-9981200c63f4-1-3 |  1350000 |   452000 |   543932363 |  17580594141 |         0 |      0 |  1589187689 |      0 |      0 |         0 
 160833 Thread 18 - PartitionProcessorThre...0e4-9d15-9981200c63f4-1-4 |  1385000 |   426000 |   544053738 |  17667727055 |         0 |      0 |  1305568887 |      0 |      0 |         0 
 160834 Thread 19 - PartitionProcessorThre...0e4-9d15-9981200c63f4-1-5 |  1284000 |   439000 |   518240731 |  16809245079 |         0 |      0 |  1366468118 |      0 |      0 |         0 
 160835 Thread 20 - PartitionProcessorThre...0e4-9d15-9981200c63f4-1-6 |  1284000 |   448000 |   523020196 |  16897731567 |         0 |      0 |  1402060715 |      0 |      0 |         0 
 160836 Thread 21 - PartitionProcessorThre...0e4-9d15-9981200c63f4-1-7 |  1374000 |   471000 |   555196739 |  18000076320 |         0 |      0 |  1534828764 |      0 |      0 |         0 
 160837 Thread 22 - PartitionProcessorThre...0e4-9d15-9981200c63f4-1-8 |  1360000 |   457000 |   543465903 |  17727389793 |         0 |      0 |  1393414886 |      0 |      0 |         0 
 160838 Thread 23 - PartitionProcessorThre...0e4-9d15-9981200c63f4-1-9 |  1383000 |   424000 |   542543633 |  17628733137 |         0 |      0 |  1605674788 |      0 |      0 |         0 
 160839 Thread 24 - PartitionProcessorThre...e4-9d15-9981200c63f4-1-10 |  1330000 |   443000 |   533676258 |  17299965836 |         0 |      0 |  1468781365 |      0 |      0 |         0 
 160840 Thread 25 - PartitionProcessorThre...e4-9d15-9981200c63f4-1-11 |  1390000 |   454000 |   553748000 |  17990831207 |         0 |      0 |  1505255921 |      0 |      0 |         0 
 160841 Thread 26 - PartitionProcessorThre...e4-9d15-9981200c63f4-1-12 |  1411000 |   477000 |   565848387 |  18421766098 |         0 |      0 |  1595950638 |      0 |      0 |         0 
 160842 Thread 27 - PartitionProcessorThre...e4-9d15-9981200c63f4-1-13 |  1348000 |   433000 |   537350879 |  17375918969 |         0 |      0 |  1554802298 |      0 |      0 |         0 
 160843 Thread 28 - PartitionProcessorThre...e4-9d15-9981200c63f4-1-14 |  1301000 |   417000 |   516069157 |  16761390778 |         0 |      0 |  1393055118 |      0 |      0 |         0 
 160844 Thread 29 - PartitionProcessorThre...e4-9d15-9981200c63f4-1-15 |  1346000 |   442000 |   533225473 |  17442261309 |     16384 |      0 |  1267375274 |      0 |      0 |         0 
 160845 Thread 30 - PartitionProcessorThre...e4-9d15-9981200c63f4-1-16 |  1288000 |   484000 |   532474496 |  17287176012 |     24576 |      0 |  1401037695 |      0 |      0 |         0 
 160846 Thread 31 - PartitionProcessorThre...e4-9d15-9981200c63f4-1-17 |  1297000 |   445000 |   522687508 |  16995393036 |         0 |      0 |  1420722645 |      0 |      0 |         0 
 160847 Thread 32 - PartitionProcessorThre...e4-9d15-9981200c63f4-1-18 |  1315000 |   486000 |   544428895 |  17571426781 |      1024 |      0 |  1580011120 |      0 |      0 |         0 
 160848 Thread 33 - PartitionProcessorThre...e4-9d15-9981200c63f4-1-19 |  1277000 |   437000 |   517140250 |  16722944989 |      1024 |      0 |  1285151531 |      0 |      0 |         0 
 160849 Thread 34 - PartitionProcessorThre...0e4-9d15-9981200c63f4-0-0 |  1254000 |   471000 |   526017344 |  16831885778 |         0 |      0 |  1359326858 |      0 |      0 |         0 
 160850 Thread 35 - PartitionProcessorThre...0e4-9d15-9981200c63f4-0-1 |  1291000 |   487000 |   542106965 |  17349664309 |         0 |      0 |  1368113562 |      0 |      0 |         0 
 160851 Thread 36 - PartitionProcessorThre...0e4-9d15-9981200c63f4-0-2 |  1232000 |   468000 |   518249129 |  16588279008 |         0 |      0 |  1281915234 |      0 |      0 |         0 
 160852 Thread 37 - PartitionProcessorThre...0e4-9d15-9981200c63f4-0-3 |  1218000 |   467000 |   514426188 |  16442693422 |         0 |      0 |  1167532601 |      0 |      0 |         0 
 160853 Thread 38 - PartitionProcessorThre...0e4-9d15-9981200c63f4-0-4 |  1350000 |   470000 |   555849903 |  17759789371 |         0 |      0 |  1344232485 |      0 |      0 |         0 
 160854 Thread 39 - PartitionProcessorThre...0e4-9d15-9981200c63f4-0-5 |  1273000 |   440000 |   521922255 |  16715488207 |         0 |      0 |  1331671468 |      0 |      0 |         0 
 160855 Thread 40 - PartitionProcessorThre...0e4-9d15-9981200c63f4-0-6 |  1192000 |   441000 |   497426063 |  15934276067 |         0 |      0 |  1451009396 |      0 |      0 |         0 
 160856 Thread 41 - PartitionProcessorThre...0e4-9d15-9981200c63f4-0-7 |  1272000 |   440000 |   521410266 |  16705542586 |         0 |      0 |  1482122791 |      0 |      0 |         0 
 160857 Thread 42 - PartitionProcessorThre...0e4-9d15-9981200c63f4-0-8 |  1290000 |   456000 |   533017797 |  17038262348 |         0 |      0 |  1419033129 |      0 |      0 |         0 
 160858 Thread 43 - PartitionProcessorThre...0e4-9d15-9981200c63f4-0-9 |  1325000 |   465000 |   545644727 |  17466784910 |         0 |      0 |  1451933909 |      0 |      0 |         0 
 160859 Thread 44 - PartitionProcessorThre...e4-9d15-9981200c63f4-0-10 |  1327000 |   487000 |   553463848 |  17701054547 |         0 |      0 |  1435087300 |      0 |      0 |         0 
 160860 Thread 45 - PartitionProcessorThre...e4-9d15-9981200c63f4-0-11 |  1294000 |   491000 |   544048426 |  17417470340 |         0 |      0 |  1348752955 |      0 |      0 |         0 
 160861 Thread 46 - PartitionProcessorThre...e4-9d15-9981200c63f4-0-12 |  1302000 |   442000 |   531338446 |  17017278938 |         0 |      0 |  1402035194 |      0 |      0 |         0 
 160862 Thread 47 - PartitionProcessorThre...e4-9d15-9981200c63f4-0-13 |  1306000 |   440000 |   532421430 |  17037910610 |         0 |      0 |  1428326039 |      0 |      0 |         0 
 160863 Thread 48 - PartitionProcessorThre...e4-9d15-9981200c63f4-0-14 |  1331000 |   405000 |   528407692 |  16939390223 |         0 |      0 |  1433530819 |      0 |      0 |         0 
 160864 Thread 49 - PartitionProcessorThre...e4-9d15-9981200c63f4-0-15 |  1273000 |   487000 |   535814497 |  17174843860 |         0 |      0 |  1403926035 |      0 |      0 |         0 
 160865 Thread 50 - PartitionProcessorThre...e4-9d15-9981200c63f4-0-16 |  1312000 |   457000 |   539352196 |  17262107610 |         0 |      0 |  1382248922 |      0 |      0 |         0 
 160866 Thread 51 - PartitionProcessorThre...e4-9d15-9981200c63f4-0-17 |  1256000 |   480000 |   529652665 |  16940437590 |         0 |      0 |  1233691569 |      0 |      0 |         0 
 160867 Thread 52 - PartitionProcessorThre...e4-9d15-9981200c63f4-0-18 |  1260000 |   449000 |   520976559 |  16676539036 |         0 |      0 |  1373807105 |      0 |      0 |         0 
 160868 Thread 53 - PartitionProcessorThre...e4-9d15-9981200c63f4-0-19 |  1194000 |   466000 |   506285067 |  16199124497 |         0 |      0 |  1239082741 |      0 |      0 |         0 
 160869 Thread 54 - PartitionProcessorThre...0e4-9d15-9981200c63f4-2-0 |  1286000 |   465000 |   535217977 |  17085895899 |         0 |      0 |  1428173763 |      0 |      0 |         0 
 160870 Thread 55 - PartitionProcessorThre...0e4-9d15-9981200c63f4-2-1 |  1309000 |   424000 |   530110887 |  16911155118 |         0 |      0 |  1291285277 |      0 |      0 |         0 
 160871 Thread 56 - PartitionProcessorThre...0e4-9d15-9981200c63f4-2-2 |  1326000 |   484000 |   552699082 |  17662053067 |         0 |      0 |  1253689706 |      0 |      0 |         0 
 160872 Thread 57 - PartitionProcessorThre...0e4-9d15-9981200c63f4-2-3 |  1243000 |   480000 |   527818782 |  16814320188 |         0 |      0 |  1416155685 |      0 |      0 |         0 
 160873 Thread 58 - PartitionProcessorThre...0e4-9d15-9981200c63f4-2-4 |  1354000 |   452000 |   552676094 |  17622614403 |         0 |      0 |  1414873428 |      0 |      0 |         0 
 160874 Thread 59 - PartitionProcessorThre...0e4-9d15-9981200c63f4-2-5 |  1264000 |   457000 |   525969922 |  16793645668 |         0 |      0 |  1555614231 |      0 |      0 |         0 
 160875 Thread 60 - PartitionProcessorThre...0e4-9d15-9981200c63f4-2-6 |  1237000 |   427000 |   508305008 |  16237575403 |         0 |      0 |  1605808039 |      0 |      0 |         0 
 160876 Thread 61 - PartitionProcessorThre...0e4-9d15-9981200c63f4-2-7 |  1290000 |   425000 |   524674871 |  16734948075 |         0 |      0 |  1429717038 |      0 |      0 |         0 
 160877 Thread 62 - PartitionProcessorThre...0e4-9d15-9981200c63f4-2-8 |  1261000 |   449000 |   522192028 |  16686809672 |         0 |      0 |  1406863143 |      0 |      0 |         0 
 160878 Thread 63 - PartitionProcessorThre...0e4-9d15-9981200c63f4-2-9 |  1338000 |   433000 |   542101836 |  17282531543 |         0 |      0 |  1519392469 |      0 |      0 |         0 
 160879 Thread 64 - PartitionProcessorThre...e4-9d15-9981200c63f4-2-10 |  1303000 |   462000 |   539065032 |  17222949356 |         0 |      0 |  1386691259 |      0 |      0 |         0 
 160880 Thread 65 - PartitionProcessorThre...e4-9d15-9981200c63f4-2-11 |  1313000 |   449000 |   538703664 |  17193020356 |      1024 |      0 |  1220239881 |      0 |      0 |         0 
 160881 Thread 66 - PartitionProcessorThre...e4-9d15-9981200c63f4-2-12 |  1295000 |   426000 |   526261969 |  16793443375 |         0 |      0 |  1543457233 |      0 |      0 |         0 
 160882 Thread 67 - PartitionProcessorThre...e4-9d15-9981200c63f4-2-13 |  1282000 |   436000 |   524807282 |  16764557731 |         0 |      0 |  1398630323 |      0 |      0 |         0 
 160883 Thread 68 - PartitionProcessorThre...e4-9d15-9981200c63f4-2-14 |  1278000 |   485000 |   538658110 |  17203683547 |         0 |      0 |  1396485737 |      0 |      0 |         0 
 160884 Thread 69 - PartitionProcessorThre...e4-9d15-9981200c63f4-2-15 |  1181000 |   454000 |   500029153 |  15955432989 |         0 |      0 |  1326716950 |      0 |      0 |         0 
 160885 Thread 70 - PartitionProcessorThre...e4-9d15-9981200c63f4-2-16 |  1224000 |   416000 |   500497426 |  16003193872 |         0 |      0 |  1381027103 |      0 |      0 |         0 
 160886 Thread 71 - PartitionProcessorThre...e4-9d15-9981200c63f4-2-17 |  1245000 |   449000 |   518151844 |  16530506579 |         0 |      0 |  1289453129 |      0 |      0 |         0 
 160887 Thread 72 - PartitionProcessorThre...e4-9d15-9981200c63f4-2-18 |  1279000 |   391000 |   510540356 |  16296420379 |         0 |      0 |  1344155072 |      0 |      0 |         0 
 160888 Thread 73 - PartitionProcessorThre...e4-9d15-9981200c63f4-2-19 |  1265000 |   421000 |   515061227 |  16452794086 |         0 |      0 |  1556964221 |      0 |      0 |         0 
 161372 Thread 74 - process reaper                                     |     3000 |        0 |      957867 |     29357230 |      2048 |      0 |     1122068 |      0 |      0 |         0 
 161378 Thread 75 - Attach Listener                                    |   367000 |    93000 |   142543526 |   4495271374 |   5304320 | 222208 |     1321632 |      0 |      0 |         0 
