                                 Task                                 |  utime   |  stime   |     rss     |     vmem     |   read    | write  |    d:cpu    | d:bio  | d:swap | d:reclaim 
 24249 Thread 1 - main                                                |   966000 |   124000 |    72621978 |   7650027028 |  14848000 |   1024 |    12052673 |      0 |      0 |         0 
 24256 Thread 2 - Reference Handler                                   |     1000 |     1000 |      108023 |     13591246 |         0 |      0 |     2062540 |      0 |      0 |         0 
 24257 Thread 3 - Finalizer                                           |        0 |        0 |           0 |            0 |      5120 |      0 |       59210 |      0 |      0 |         0 
 24258 Thread 4 - Signal Dispatcher                                   |        0 |     1000 |      349890 |      9886957 |         0 |      0 |       17760 |      0 |      0 |         0 
 24265 Thread 11 - Common-Cleaner                                     |     2000 |     1000 |      254191 |     23162109 |         0 |      0 |      128978 |      0 |      0 |         0 
 24271 Thread 13 - RMI Scheduler(0)                                   |     2000 |        0 |      426949 |     16802277 |      1024 |      0 |      253498 |      0 |      0 |         0 
 24277 Thread 14 - RMI RenewClean-[10.231.182.152:33629]              |     2000 |        0 |      167046 |     14745015 |         0 |      0 |        2670 |      0 |      0 |         0 
 24278 Thread 15 - RMI GC Daemon                                      |        0 |     1000 |       83050 |      7372507 |         0 |      0 |           0 |      0 |      0 |         0 
 24281 Thread 16 - DecatonSubscriptionThread-decaton-benchmark        | 24864000 | 35090000 | 20714275492 | 591533914666 | 625655808 | 100352 | 13625872644 | 144366 |      0 |         0 
 24285 Thread 17 - kafka-coordinator-hear...hread | decaton-benchmark |   222000 |    28000 |    85766202 |   2465240393 |   4762624 |   5120 |    26432282 | 413624 |      0 |         0 
 24289 Thread 18 - PartitionProcessorThre...e29-83eb-71845f52d420-0-0 |  1121000 |   433000 |   529318879 |  15344857284 |         0 |      0 |  1049141553 |      0 |      0 |         0 
 24290 Thread 19 - PartitionProcessorThre...e29-83eb-71845f52d420-0-1 |  1172000 |   387000 |   530402598 |  15382363906 |      4096 |      0 |  1108510286 |      0 |      0 |         0 
 24291 Thread 20 - PartitionProcessorThre...e29-83eb-71845f52d420-0-2 |  1102000 |   419000 |   521015934 |  15022761730 |         0 |      0 |   930832076 |      0 |      0 |         0 
 24292 Thread 21 - PartitionProcessorThre...e29-83eb-71845f52d420-0-3 |  1124000 |   395000 |   519940434 |  15002046085 |         0 |      0 |   882454127 |      0 |      0 |         0 
 24293 Thread 22 - PartitionProcessorThre...e29-83eb-71845f52d420-0-4 |  1119000 |   391000 |   515743269 |  14909503699 |         0 |      0 |   887274701 |      0 |      0 |         0 
 24294 Thread 23 - PartitionProcessorThre...e29-83eb-71845f52d420-0-5 |  1081000 |   404000 |   506544902 |  14659094699 |      6144 |      0 |   920358121 |      0 |      0 |         0 
 24295 Thread 24 - PartitionProcessorThre...e29-83eb-71845f52d420-0-6 |  1115000 |   422000 |   524326965 |  15168391070 |         0 |      0 |   796753601 |      0 |      0 |         0 
 24296 Thread 25 - PartitionProcessorThre...e29-83eb-71845f52d420-0-7 |  1194000 |   395000 |   541751750 |  15685982230 |         0 |      0 |  1045548668 |      0 |      0 |         0 
 24297 Thread 26 - PartitionProcessorThre...e29-83eb-71845f52d420-0-8 |  1146000 |   387000 |   523180664 |  15131048972 |         0 |      0 |  1055442439 |      0 |      0 |         0 
 24298 Thread 27 - PartitionProcessorThre...e29-83eb-71845f52d420-0-9 |  1119000 |   386000 |   513351516 |  14852201531 |         0 |      0 |   935674890 |      0 |      0 |         0 
 24299 Thread 28 - PartitionProcessorThre...29-83eb-71845f52d420-0-10 |  1190000 |   364000 |   530838355 |  15338306073 |         0 |      0 |   887775100 |      0 |      0 |         0 
 24300 Thread 29 - PartitionProcessorThre...29-83eb-71845f52d420-0-11 |  1112000 |   410000 |   516710379 |  15015766038 |      1024 |      0 |  1185038119 |      0 |      0 |         0 
 24301 Thread 30 - PartitionProcessorThre...29-83eb-71845f52d420-0-12 |  1139000 |   385000 |   520028856 |  15042922753 |     29696 |      0 |   941844273 |      0 |      0 |         0 
 24302 Thread 31 - PartitionProcessorThre...29-83eb-71845f52d420-0-13 |  1181000 |   431000 |   549825840 |  15913860620 |         0 |      0 |  1113061232 |      0 |      0 |         0 
 24303 Thread 32 - PartitionProcessorThre...29-83eb-71845f52d420-0-14 |  1118000 |   405000 |   521154223 |  15036106824 |         0 |      0 |  1019708702 |      0 |      0 |         0 
 24304 Thread 33 - PartitionProcessorThre...29-83eb-71845f52d420-0-15 |  1166000 |   427000 |   545874160 |  15727701273 |         0 |      0 |   965490587 |      0 |      0 |         0 
 24305 Thread 34 - PartitionProcessorThre...29-83eb-71845f52d420-0-16 |  1157000 |   440000 |   545526863 |  15765211761 |         0 |      0 |   982899426 |      0 |      0 |         0 
 24306 Thread 35 - PartitionProcessorThre...29-83eb-71845f52d420-0-17 |  1118000 |   423000 |   525168859 |  15220013363 |         0 |      0 |   983883703 |      0 |      0 |         0 
 24307 Thread 36 - PartitionProcessorThre...29-83eb-71845f52d420-0-18 |  1151000 |   419000 |   535504969 |  15503296093 |      3072 |      0 |  1061220163 |      0 |      0 |         0 
 24308 Thread 37 - PartitionProcessorThre...29-83eb-71845f52d420-0-19 |  1161000 |   426000 |   542967488 |  15670397593 |         0 |      0 |  1089730294 |      0 |      0 |         0 
 24313 Thread 38 - PartitionProcessorThre...e29-83eb-71845f52d420-2-0 |  1057000 |   415000 |   512038520 |  14557669003 |         0 |      0 |   892557703 |      0 |      0 |         0 
 24314 Thread 39 - PartitionProcessorThre...e29-83eb-71845f52d420-2-1 |  1108000 |   384000 |   517111887 |  14755392906 |         0 |      0 |   990969571 |      0 |      0 |         0 
 24315 Thread 40 - PartitionProcessorThre...e29-83eb-71845f52d420-2-2 |  1052000 |   455000 |   523747852 |  14904069007 |         0 |      0 |  1032891370 |      0 |      0 |         0 
 24316 Thread 41 - PartitionProcessorThre...e29-83eb-71845f52d420-2-3 |  1108000 |   410000 |   524884398 |  15012028495 |         0 |      0 |  1032698532 |      0 |      0 |         0 
 24317 Thread 42 - PartitionProcessorThre...e29-83eb-71845f52d420-2-4 |  1116000 |   421000 |   534226496 |  15201023105 |         0 |      0 |   990748499 |      0 |      0 |         0 
 24318 Thread 43 - PartitionProcessorThre...e29-83eb-71845f52d420-2-5 |  1124000 |   383000 |   522868387 |  14904691636 |         0 |      0 |  1000614863 |      0 |      0 |         0 
 24319 Thread 44 - PartitionProcessorThre...e29-83eb-71845f52d420-2-6 |  1161000 |   405000 |   543811922 |  15486740265 |         0 |      0 |  1004758754 |      0 |      0 |         0 
 24320 Thread 45 - PartitionProcessorThre...e29-83eb-71845f52d420-2-7 |  1157000 |   448000 |   557893914 |  15873079898 |         0 |      0 |   945739737 |      0 |      0 |         0 
 24321 Thread 46 - PartitionProcessorThre...e29-83eb-71845f52d420-2-8 |  1165000 |   402000 |   545447847 |  15497615441 |         0 |      0 |   912506876 |      0 |      0 |         0 
 24322 Thread 47 - PartitionProcessorThre...e29-83eb-71845f52d420-2-9 |  1083000 |   397000 |   514073442 |  14636533671 |         0 |      0 |   939295632 |      0 |      0 |         0 
 24323 Thread 48 - PartitionProcessorThre...29-83eb-71845f52d420-2-10 |  1075000 |   405000 |   513974262 |  14636321281 |      1024 |      0 |   978058887 |      0 |      0 |         0 
 24324 Thread 49 - PartitionProcessorThre...29-83eb-71845f52d420-2-11 |  1105000 |   398000 |   521470746 |  14863467933 |         0 |      0 |  1014609000 |      0 |      0 |         0 
 24325 Thread 50 - PartitionProcessorThre...29-83eb-71845f52d420-2-12 |  1080000 |   393000 |   512071934 |  14567171195 |         0 |      0 |  1061527339 |      0 |      0 |         0 
 24326 Thread 51 - PartitionProcessorThre...29-83eb-71845f52d420-2-13 |  1104000 |   406000 |   525741871 |  14933783113 |         0 |      0 |  1115090656 |      0 |      0 |         0 
 24327 Thread 52 - PartitionProcessorThre...29-83eb-71845f52d420-2-14 |  1154000 |   406000 |   541749894 |  15427354593 |         0 |      0 |  1087776192 |      0 |      0 |         0 
 24328 Thread 53 - PartitionProcessorThre...29-83eb-71845f52d420-2-15 |  1090000 |   419000 |   523381848 |  14923460679 |         0 |      0 |   906947657 |      0 |      0 |         0 
 24329 Thread 54 - PartitionProcessorThre...29-83eb-71845f52d420-2-16 |  1166000 |   379000 |   536957359 |  15279578812 |         0 |      0 |  1193368725 |      0 |      0 |         0 
 24330 Thread 55 - PartitionProcessorThre...29-83eb-71845f52d420-2-17 |  1123000 |   422000 |   537668906 |  15280766218 |         0 |      0 |  1081233158 |      0 |      0 |         0 
 24331 Thread 56 - PartitionProcessorThre...29-83eb-71845f52d420-2-18 |  1141000 |   404000 |   535907707 |  15279972398 |         0 |      0 |  1003151723 |      0 |      0 |         0 
 24332 Thread 57 - PartitionProcessorThre...29-83eb-71845f52d420-2-19 |  1100000 |   381000 |   511817430 |  14647063554 |         0 |      0 |   894588148 |      0 |      0 |         0 
 24333 Thread 58 - PartitionProcessorThre...e29-83eb-71845f52d420-1-0 |  1101000 |   431000 |   530745473 |  15151346980 |         0 |      0 |  1066589492 |      0 |      0 |         0 
 24334 Thread 59 - PartitionProcessorThre...e29-83eb-71845f52d420-1-1 |  1120000 |   393000 |   524400551 |  14963787585 |         0 |      0 |  1015963172 |      0 |      0 |         0 
 24335 Thread 60 - PartitionProcessorThre...e29-83eb-71845f52d420-1-2 |  1080000 |   391000 |   510336797 |  14548010574 |         0 |      0 |   901091656 |      0 |      0 |         0 
 24336 Thread 61 - PartitionProcessorThre...e29-83eb-71845f52d420-1-3 |  1112000 |   388000 |   518534023 |  14834475753 |         0 |      0 |   847954683 |      0 |      0 |         0 
 24337 Thread 62 - PartitionProcessorThre...e29-83eb-71845f52d420-1-4 |  1130000 |   411000 |   532840371 |  15240015866 |         0 |      0 |   814195898 |      0 |      0 |         0 
 24338 Thread 63 - PartitionProcessorThre...e29-83eb-71845f52d420-1-5 |  1110000 |   429000 |   530692387 |  15220144425 |         0 |      0 |   836720008 |      0 |      0 |         0 
 24339 Thread 64 - PartitionProcessorThre...e29-83eb-71845f52d420-1-6 |  1039000 |   408000 |   501314332 |  14310403207 |         0 |      0 |  1042782989 |      0 |      0 |         0 
 24340 Thread 65 - PartitionProcessorThre...e29-83eb-71845f52d420-1-7 |  1083000 |   369000 |   503604684 |  14360315195 |         0 |      0 |   840597935 |      0 |      0 |         0 
 24341 Thread 66 - PartitionProcessorThre...e29-83eb-71845f52d420-1-8 |  1090000 |   428000 |   526698086 |  15012947808 |         0 |      0 |   791143661 |      0 |      0 |         0 
 24342 Thread 67 - PartitionProcessorThre...e29-83eb-71845f52d420-1-9 |  1155000 |   402000 |   541685527 |  15398834491 |         0 |      0 |   843251548 |      0 |      0 |         0 
 24343 Thread 68 - PartitionProcessorThre...29-83eb-71845f52d420-1-10 |  1092000 |   414000 |   522833875 |  14894486245 |         0 |      0 |  1043873940 |      0 |      0 |         0 
 24344 Thread 69 - PartitionProcessorThre...29-83eb-71845f52d420-1-11 |  1138000 |   415000 |   538917754 |  15359434566 |         0 |      0 |   938255399 |      0 |      0 |         0 
 24345 Thread 70 - PartitionProcessorThre...29-83eb-71845f52d420-1-12 |  1127000 |   417000 |   536993801 |  15269945124 |         0 |      0 |  1026679476 |      0 |      0 |         0 
 24346 Thread 71 - PartitionProcessorThre...29-83eb-71845f52d420-1-13 |  1162000 |   420000 |   548159121 |  15645404019 |         0 |      0 |   919307355 |      0 |      0 |         0 
 24347 Thread 72 - PartitionProcessorThre...29-83eb-71845f52d420-1-14 |  1055000 |   445000 |   518883832 |  14835371667 |         0 |      0 |   971218831 |      0 |      0 |         0 
 24348 Thread 73 - PartitionProcessorThre...29-83eb-71845f52d420-1-15 |  1145000 |   406000 |   538782863 |  15339152292 |         0 |      0 |  1052053457 |      0 |      0 |         0 
 24349 Thread 74 - PartitionProcessorThre...29-83eb-71845f52d420-1-16 |  1086000 |   394000 |   511555559 |  14636799371 |         0 |      0 |   881098389 |      0 |      0 |         0 
 24350 Thread 75 - PartitionProcessorThre...29-83eb-71845f52d420-1-17 |  1029000 |   392000 |   492434094 |  14053839105 |         0 |      0 |   837470809 |      0 |      0 |         0 
 24351 Thread 76 - PartitionProcessorThre...29-83eb-71845f52d420-1-18 |  1066000 |   463000 |   529430723 |  15121497609 |         0 |      0 |  1059224843 |      0 |      0 |         0 
 24352 Thread 77 - PartitionProcessorThre...29-83eb-71845f52d420-1-19 |  1028000 |   418000 |   501934875 |  14300707453 |         0 |      0 |  1002178706 |      0 |      0 |         0 
 24820 Thread 78 - process reaper                                     |     1000 |        0 |      363390 |      9916878 |      1024 |      0 |       81421 |      0 |      0 |         0 
 24822 Thread 79 - Attach Listener                                    |   116000 |    95000 |    75355421 |   2091261253 |   4657152 | 181248 |     2318949 |      0 |      0 |         0 
