                                 Task                                  |  utime   |  stime   |     rss     |     vmem     |   read    | write  |    d:cpu    |  d:bio  | d:swap | d:reclaim 
 115063 Thread 1 - main                                                |   601000 |    67000 |    41263854 |   5059522748 |  21219328 |   1024 |     2388894 |       0 |      0 |         0 
 115085 Thread 2 - Reference Handler                                   |     6000 |        0 |      606222 |     46605421 |         0 |      0 |     2079112 |       0 |      0 |         0 
 115086 Thread 3 - Finalizer                                           |     5000 |     2000 |      604749 |     53528531 |      5120 |      0 |     1345694 |       0 |      0 |         0 
 115087 Thread 4 - Surrogate Locker Thread (Concurrent GC)             |        0 |        0 |           0 |            0 |         0 |      0 |       16428 |       0 |      0 |         0 
 115088 Thread 5 - Signal Dispatcher                                   |     1000 |        0 |      303644 |      9756035 |         0 |      0 |           0 |       0 |      0 |         0 
 115097 Thread 11 - DecatonSubscriptionThread-decaton-benchmark        | 26382000 | 29356000 | 16618095765 | 542484627098 | 584368128 | 129024 | 16921920078 |  147924 |      0 |         0 
 115099 Thread 13 - kafka-coordinator-hear...hread | decaton-benchmark |   155000 |    43000 |    58585538 |   1927306644 |   7290880 |   4096 |    18271507 |  142771 |      0 |         0 
 115105 Thread 14 - PartitionProcessorThre...464-8515-8af15e76334d-2-0 |  1262000 |   412000 |   496275380 |  16304966352 |     33792 |      0 |  1517142220 |       0 |      0 |         0 
 115106 Thread 15 - PartitionProcessorThre...464-8515-8af15e76334d-2-1 |  1174000 |   375000 |   459892048 |  15095567606 |    122880 |      0 |  1399598084 |       0 |      0 |         0 
 115107 Thread 16 - PartitionProcessorThre...464-8515-8af15e76334d-2-2 |  1215000 |   422000 |   486586036 |  15959915235 |     27648 |      0 |  1626718886 |       0 |      0 |         0 
 115108 Thread 17 - PartitionProcessorThre...464-8515-8af15e76334d-2-3 |  1265000 |   396000 |   494082435 |  16199211586 |         0 |      0 |  1576618576 |       0 |      0 |         0 
 115109 Thread 18 - PartitionProcessorThre...464-8515-8af15e76334d-2-4 |  1195000 |   429000 |   483996888 |  15838739950 |     18432 |      0 |  1524397243 |       0 |      0 |         0 
 115110 Thread 19 - PartitionProcessorThre...464-8515-8af15e76334d-2-5 |  1140000 |   380000 |   451660244 |  14827614130 |         0 |      0 |  1265909187 |       0 |      0 |         0 
 115111 Thread 20 - PartitionProcessorThre...464-8515-8af15e76334d-2-6 |  1207000 |   390000 |   473589290 |  15576891907 |         0 |      0 |  1364215842 |       0 |      0 |         0 
 115112 Thread 21 - PartitionProcessorThre...464-8515-8af15e76334d-2-7 |  1174000 |   426000 |   477337404 |  15606145251 |         0 |      0 |  1209565223 |       0 |      0 |         0 
 115113 Thread 22 - PartitionProcessorThre...464-8515-8af15e76334d-2-8 |  1172000 |   421000 |   471601521 |  15537803833 |         0 |      0 |  1273665497 |       0 |      0 |         0 
 115114 Thread 23 - PartitionProcessorThre...464-8515-8af15e76334d-2-9 |  1149000 |   408000 |   463422044 |  15186334938 |         0 |      0 |  1317613668 |       0 |      0 |         0 
 115115 Thread 24 - PartitionProcessorThre...64-8515-8af15e76334d-2-10 |  1172000 |   413000 |   470483986 |  15460720712 |         0 |      0 |  1147930890 |       0 |      0 |         0 
 115116 Thread 25 - PartitionProcessorThre...64-8515-8af15e76334d-2-11 |  1191000 |   389000 |   468579493 |  15411848872 |         0 |      0 |  1265613675 |       0 |      0 |         0 
 115117 Thread 26 - PartitionProcessorThre...64-8515-8af15e76334d-2-12 |  1275000 |   461000 |   515925454 |  16934147762 |         0 |      0 |  1267728786 |       0 |      0 |         0 
 115118 Thread 27 - PartitionProcessorThre...64-8515-8af15e76334d-2-13 |  1182000 |   393000 |   469736396 |  15364240540 |         0 |      0 |  1227970362 |       0 |      0 |         0 
 115119 Thread 28 - PartitionProcessorThre...64-8515-8af15e76334d-2-14 |  1230000 |   420000 |   488225263 |  16091686993 |         0 |      0 |  1299602832 |       0 |      0 |         0 
 115120 Thread 29 - PartitionProcessorThre...64-8515-8af15e76334d-2-15 |  1262000 |   398000 |   493604962 |  16191870868 |         0 |      0 |  1395025697 |       0 |      0 |         0 
 115121 Thread 30 - PartitionProcessorThre...64-8515-8af15e76334d-2-16 |  1205000 |   427000 |   486363661 |  15919755141 |         0 |      0 |  1509023505 |       0 |      0 |         0 
 115122 Thread 31 - PartitionProcessorThre...64-8515-8af15e76334d-2-17 |  1208000 |   407000 |   478839857 |  15753813309 |         0 |      0 |  1422534599 |       0 |      0 |         0 
 115123 Thread 32 - PartitionProcessorThre...64-8515-8af15e76334d-2-18 |  1179000 |   407000 |   471475911 |  15471990262 |         0 |      0 |  1374659915 |       0 |      0 |         0 
 115124 Thread 33 - PartitionProcessorThre...64-8515-8af15e76334d-2-19 |  1221000 |   398000 |   481788560 |  15793383329 |         0 |      0 |  1556723633 |       0 |      0 |         0 
 115125 Thread 34 - PartitionProcessorThre...464-8515-8af15e76334d-1-0 |  1241000 |   381000 |   487089634 |  15822833637 |         0 |      0 |  1160951574 |       0 |      0 |         0 
 115126 Thread 35 - PartitionProcessorThre...464-8515-8af15e76334d-1-1 |  1090000 |   372000 |   439184962 |  14262089298 |         0 |      0 |  1189041631 |       0 |      0 |         0 
 115127 Thread 36 - PartitionProcessorThre...464-8515-8af15e76334d-1-2 |  1230000 |   371000 |   481637419 |  15618550462 |         0 |      0 |  1215572324 |       0 |      0 |         0 
 115128 Thread 37 - PartitionProcessorThre...464-8515-8af15e76334d-1-3 |  1161000 |   385000 |   464282662 |  15082206266 |         0 |      0 |  1393439805 |       0 |      0 |         0 
 115130 Thread 38 - PartitionProcessorThre...464-8515-8af15e76334d-1-4 |  1228000 |   399000 |   488940966 |  15871576594 |         0 |      0 |  1266002733 |       0 |      0 |         0 
 115131 Thread 39 - PartitionProcessorThre...464-8515-8af15e76334d-1-5 |  1189000 |   445000 |   491698197 |  15940454004 |         0 |      0 |  1495826350 |       0 |      0 |         0 
 115132 Thread 40 - PartitionProcessorThre...464-8515-8af15e76334d-1-6 |  1179000 |   429000 |   483973556 |  15686985977 |         0 |      0 |  1381907935 |       0 |      0 |         0 
 115133 Thread 41 - PartitionProcessorThre...464-8515-8af15e76334d-1-7 |  1129000 |   397000 |   457828888 |  14886774055 |      3072 |      0 |  1389819723 |       0 |      0 |         0 
 115134 Thread 42 - PartitionProcessorThre...464-8515-8af15e76334d-1-8 |  1182000 |   377000 |   468480372 |  15208971247 |         0 |      0 |  1216535819 |       0 |      0 |         0 
 115135 Thread 43 - PartitionProcessorThre...464-8515-8af15e76334d-1-9 |  1166000 |   397000 |   471099818 |  15247897766 |         0 |      0 |  1303896286 |       0 |      0 |         0 
 115136 Thread 44 - PartitionProcessorThre...64-8515-8af15e76334d-1-10 |  1218000 |   383000 |   480623048 |  15618482715 |         0 |      0 |  1216903783 |       0 |      0 |         0 
 115137 Thread 45 - PartitionProcessorThre...64-8515-8af15e76334d-1-11 |  1194000 |   380000 |   473242845 |  15355417622 |         0 |      0 |  1385001547 |       0 |      0 |         0 
 115138 Thread 46 - PartitionProcessorThre...64-8515-8af15e76334d-1-12 |  1146000 |   377000 |   459035240 |  14857926864 |         0 |      0 |  1419486720 |       0 |      0 |         0 
 115139 Thread 47 - PartitionProcessorThre...64-8515-8af15e76334d-1-13 |  1201000 |   414000 |   485026525 |  15755182794 |         0 |      0 |  1157325504 |       0 |      0 |         0 
 115140 Thread 48 - PartitionProcessorThre...64-8515-8af15e76334d-1-14 |  1206000 |   433000 |   491934404 |  15989281735 |         0 |      0 |  1257458225 |       0 |      0 |         0 
 115141 Thread 49 - PartitionProcessorThre...64-8515-8af15e76334d-1-15 |  1192000 |   389000 |   474861103 |  15423382071 |         0 |      0 |  1416145687 |       0 |      0 |         0 
 115142 Thread 50 - PartitionProcessorThre...64-8515-8af15e76334d-1-16 |  1179000 |   407000 |   475446650 |  15472671208 |  10832896 |      0 |  1344412414 |       0 |      0 |         0 
 115143 Thread 51 - PartitionProcessorThre...64-8515-8af15e76334d-1-17 |  1226000 |   403000 |   489259411 |  15891504172 |         0 |      0 |  1466176970 |       0 |      0 |         0 
 115144 Thread 52 - PartitionProcessorThre...64-8515-8af15e76334d-1-18 |  1143000 |   384000 |   458528529 |  14896464739 |         0 |      0 |  1406523619 |       0 |      0 |         0 
 115145 Thread 53 - PartitionProcessorThre...64-8515-8af15e76334d-1-19 |  1137000 |   444000 |   474685036 |  15423599227 |         0 |      0 |  1266045438 |       0 |      0 |         0 
 115146 Thread 54 - PartitionProcessorThre...464-8515-8af15e76334d-0-0 |  1077000 |   415000 |   449585966 |  14555347544 |      1024 |      0 |  1233867827 | 6243349 |      0 |         0 
 115147 Thread 55 - PartitionProcessorThre...464-8515-8af15e76334d-0-1 |  1076000 |   435000 |   455754490 |  14741185118 |         0 |      0 |  1380966728 |       0 |      0 |         0 
 115148 Thread 56 - PartitionProcessorThre...464-8515-8af15e76334d-0-2 |  1100000 |   353000 |   438246033 |  14174935196 |         0 |      0 |  1329034150 |       0 |      0 |         0 
 115149 Thread 57 - PartitionProcessorThre...464-8515-8af15e76334d-0-3 |  1120000 |   391000 |   455628322 |  14740745282 |         0 |      0 |  1106308386 |       0 |      0 |         0 
 115150 Thread 58 - PartitionProcessorThre...464-8515-8af15e76334d-0-4 |  1106000 |   397000 |   453525837 |  14662710813 |         0 |      0 |  1197533831 |       0 |      0 |         0 
 115151 Thread 59 - PartitionProcessorThre...464-8515-8af15e76334d-0-5 |  1098000 |   401000 |   451864083 |  14623419493 |         0 |      0 |  1127350836 |       0 |      0 |         0 
 115152 Thread 60 - PartitionProcessorThre...464-8515-8af15e76334d-0-6 |  1186000 |   378000 |   471277994 |  15257777325 |         0 |      0 |  1445858023 |       0 |      0 |         0 
 115153 Thread 61 - PartitionProcessorThre...464-8515-8af15e76334d-0-7 |  1082000 |   397000 |   446399986 |  14428865024 |         0 |      0 |  1068282834 |       0 |      0 |         0 
 115154 Thread 62 - PartitionProcessorThre...464-8515-8af15e76334d-0-8 |  1154000 |   410000 |   471388244 |  15257525825 |         0 |      0 |  1387251810 |       0 |      0 |         0 
 115155 Thread 63 - PartitionProcessorThre...464-8515-8af15e76334d-0-9 |  1148000 |   438000 |   478859376 |  15472666766 |         0 |      0 |  1341097579 |       0 |      0 |         0 
 115156 Thread 64 - PartitionProcessorThre...64-8515-8af15e76334d-0-10 |  1168000 |   392000 |   470000212 |  15218766993 |         0 |      0 |  1269035612 |       0 |      0 |         0 
 115157 Thread 65 - PartitionProcessorThre...64-8515-8af15e76334d-0-11 |  1155000 |   403000 |   469830306 |  15199097001 |         0 |      0 |  1365947990 |       0 |      0 |         0 
 115158 Thread 66 - PartitionProcessorThre...64-8515-8af15e76334d-0-12 |  1159000 |   432000 |   480184607 |  15521360344 |         0 |      0 |  1248518283 |       0 |      0 |         0 
 115159 Thread 67 - PartitionProcessorThre...64-8515-8af15e76334d-0-13 |  1113000 |   438000 |   468465583 |  15131152926 |         0 |      0 |  1166528862 |       0 |      0 |         0 
 115160 Thread 68 - PartitionProcessorThre...64-8515-8af15e76334d-0-14 |  1261000 |   429000 |   508786501 |  16486976739 |         0 |      0 |  1312604440 |       0 |      0 |         0 
 115161 Thread 69 - PartitionProcessorThre...64-8515-8af15e76334d-0-15 |  1134000 |   411000 |   465916408 |  15072221649 |         0 |      0 |  1265869538 |       0 |      0 |         0 
 115162 Thread 70 - PartitionProcessorThre...64-8515-8af15e76334d-0-16 |  1135000 |   404000 |   464310677 |  15013852700 |         0 |      0 |  1344455042 |       0 |      0 |         0 
 115163 Thread 71 - PartitionProcessorThre...64-8515-8af15e76334d-0-17 |  1193000 |   430000 |   490002888 |  15833734399 |         0 |      0 |  1331597365 |       0 |      0 |         0 
 115164 Thread 72 - PartitionProcessorThre...64-8515-8af15e76334d-0-18 |  1180000 |   398000 |   475471306 |  15394067958 |         0 |      0 |  1341882660 |       0 |      0 |         0 
 115165 Thread 73 - PartitionProcessorThre...64-8515-8af15e76334d-0-19 |  1186000 |   426000 |   485349822 |  15726014137 |         0 |      0 |  1052164272 |       0 |      0 |         0 
 115513 Thread 74 - process reaper                                     |     1000 |        0 |      346703 |      9785238 |      2048 |      0 |           0 |       0 |      0 |         0 
 115519 Thread 75 - Attach Listener                                    |   362000 |    89000 |   138632725 |   4407344390 |   5304320 | 129024 |     2994277 |       0 |      0 |         0 
