                                Task                                 |  utime   |  stime   |     rss     |     vmem     |   read    | write  |    d:cpu    |  d:bio  | d:swap | d:reclaim 
 8307 Thread 1 - main                                                |   566000 |    82000 |    38891295 |   4898252916 |  21055488 |   1024 |     5464081 |       0 |      0 |         0 
 8329 Thread 2 - Reference Handler                                   |     8000 |     1000 |     1035320 |     71086035 |         0 |      0 |     2178252 |       0 |      0 |         0 
 8330 Thread 3 - Finalizer                                           |     5000 |        0 |      485402 |     38768785 |      5120 |      0 |       46288 |       0 |      0 |         0 
 8331 Thread 4 - Surrogate Locker Thread (Concurrent GC)             |        0 |        0 |           0 |            0 |         0 |      0 |           0 |       0 |      0 |         0 
 8332 Thread 5 - Signal Dispatcher                                   |        0 |        0 |           0 |            0 |         0 |      0 |        3096 |       0 |      0 |         0 
 8342 Thread 11 - DecatonSubscriptionThread-decaton-benchmark        | 28828000 | 31961000 | 18630671833 | 591940496093 | 636664832 | 123904 | 19544453243 |  151681 |      0 |         0 
 8343 Thread 13 - kafka-coordinator-hear...hread | decaton-benchmark |   172000 |    37000 |    63976077 |   2039156319 |   6924288 |   4096 |    48977706 | 1158866 |      0 |         0 
 8347 Thread 14 - PartitionProcessorThre...673-b21c-8570a1fbb6b1-0-0 |  1319000 |   458000 |   539055250 |  17320770094 |     36864 |      0 |  1595856024 |       0 |      0 |         0 
 8348 Thread 15 - PartitionProcessorThre...673-b21c-8570a1fbb6b1-0-1 |  1291000 |   432000 |   524670390 |  16808491407 |         0 |      0 |  1630492293 |       0 |      0 |         0 
 8349 Thread 16 - PartitionProcessorThre...673-b21c-8570a1fbb6b1-0-2 |  1292000 |   460000 |   534437621 |  17082499989 |    118784 |      0 |  1571178461 |       0 |      0 |         0 
 8350 Thread 17 - PartitionProcessorThre...673-b21c-8570a1fbb6b1-0-3 |  1373000 |   441000 |   552231988 |  17695304196 |         0 |      0 |  1690721849 |       0 |      0 |         0 
 8351 Thread 18 - PartitionProcessorThre...673-b21c-8570a1fbb6b1-0-4 |  1322000 |   451000 |   540118249 |  17293103934 |         0 |      0 |  1631780389 |       0 |      0 |         0 
 8352 Thread 19 - PartitionProcessorThre...673-b21c-8570a1fbb6b1-0-5 |  1239000 |   448000 |   512754589 |  16454374934 |      2048 |      0 |  1585917571 |       0 |      0 |         0 
 8353 Thread 20 - PartitionProcessorThre...673-b21c-8570a1fbb6b1-0-6 |  1332000 |   400000 |   526741960 |  16896377602 |         0 |      0 |  1725242154 |       0 |      0 |         0 
 8354 Thread 21 - PartitionProcessorThre...673-b21c-8570a1fbb6b1-0-7 |  1265000 |   457000 |   524636214 |  16799845852 |         0 |      0 |  1745613624 |       0 |      0 |         0 
 8355 Thread 22 - PartitionProcessorThre...673-b21c-8570a1fbb6b1-0-8 |  1401000 |   467000 |   569597831 |  18225495414 |         0 |      0 |  1835645240 |       0 |      0 |         0 
 8356 Thread 23 - PartitionProcessorThre...673-b21c-8570a1fbb6b1-0-9 |  1424000 |   424000 |   561998214 |  18028911918 |         0 |      0 |  1682571050 |       0 |      0 |         0 
 8357 Thread 24 - PartitionProcessorThre...73-b21c-8570a1fbb6b1-0-10 |  1372000 |   480000 |   563470843 |  18068071637 |         0 |      0 |  1649110581 |       0 |      0 |         0 
 8358 Thread 25 - PartitionProcessorThre...73-b21c-8570a1fbb6b1-0-11 |  1345000 |   475000 |   556079581 |  17757111961 |         0 |      0 |  1606297766 |       0 |      0 |         0 
 8359 Thread 26 - PartitionProcessorThre...73-b21c-8570a1fbb6b1-0-12 |  1392000 |   439000 |   556089601 |  17864009137 |         0 |      0 |  1766339924 |       0 |      0 |         0 
 8360 Thread 27 - PartitionProcessorThre...73-b21c-8570a1fbb6b1-0-13 |  1344000 |   438000 |   546133699 |  17388771883 |         0 |      0 |  1864369721 |       0 |      0 |         0 
 8361 Thread 28 - PartitionProcessorThre...73-b21c-8570a1fbb6b1-0-14 |  1334000 |   404000 |   534063996 |  16959121989 |         0 |      0 |  1629501698 |       0 |      0 |         0 
 8362 Thread 29 - PartitionProcessorThre...73-b21c-8570a1fbb6b1-0-15 |  1321000 |   440000 |   537999171 |  17181667914 |         0 |      0 |  1807744813 |       0 |      0 |         0 
 8363 Thread 30 - PartitionProcessorThre...73-b21c-8570a1fbb6b1-0-16 |  1335000 |   449000 |   543842640 |  17402844957 |     35840 |      0 |  1743876849 |       0 |      0 |         0 
 8364 Thread 31 - PartitionProcessorThre...73-b21c-8570a1fbb6b1-0-17 |  1294000 |   462000 |   534663433 |  17131616125 |         0 |      0 |  1217350508 |       0 |      0 |         0 
 8365 Thread 32 - PartitionProcessorThre...73-b21c-8570a1fbb6b1-0-18 |  1328000 |   432000 |   536849097 |  17171656528 |      6144 |      0 |  1741981346 |       0 |      0 |         0 
 8366 Thread 33 - PartitionProcessorThre...73-b21c-8570a1fbb6b1-0-19 |  1322000 |   476000 |   547863988 |  17542866692 |         0 |      0 |  1611088715 |       0 |      0 |         0 
 8367 Thread 34 - PartitionProcessorThre...673-b21c-8570a1fbb6b1-2-0 |  1242000 |   401000 |   505422558 |  16031936872 |         0 |      0 |  1516545587 |       0 |      0 |         0 
 8368 Thread 35 - PartitionProcessorThre...673-b21c-8570a1fbb6b1-2-1 |  1252000 |   405000 |   511871121 |  16169005274 |         0 |      0 |  1453526282 |       0 |      0 |         0 
 8369 Thread 36 - PartitionProcessorThre...673-b21c-8570a1fbb6b1-2-2 |  1306000 |   432000 |   535258890 |  16958591504 |         0 |      0 |  1573891953 |       0 |      0 |         0 
 8370 Thread 37 - PartitionProcessorThre...673-b21c-8570a1fbb6b1-2-3 |  1292000 |   462000 |   540851863 |  17115539207 |         0 |      0 |  1569891314 |       0 |      0 |         0 
 8371 Thread 38 - PartitionProcessorThre...673-b21c-8570a1fbb6b1-2-4 |  1294000 |   448000 |   536374187 |  16997486602 |      3072 |      0 |  1754833508 |       0 |      0 |         0 
 8372 Thread 39 - PartitionProcessorThre...673-b21c-8570a1fbb6b1-2-5 |  1215000 |   489000 |   525693480 |  16628175168 |         0 |      0 |  1771110092 |       0 |      0 |         0 
 8373 Thread 40 - PartitionProcessorThre...673-b21c-8570a1fbb6b1-2-6 |  1292000 |   455000 |   540772519 |  17047334180 |         0 |      0 |  1541104784 |       0 |      0 |         0 
 8374 Thread 41 - PartitionProcessorThre...673-b21c-8570a1fbb6b1-2-7 |  1272000 |   425000 |   522562015 |  16559077141 |         0 |      0 |  1540568476 |       0 |      0 |         0 
 8375 Thread 42 - PartitionProcessorThre...673-b21c-8570a1fbb6b1-2-8 |  1264000 |   472000 |   535857839 |  16939343981 |         0 |      0 |  1617076998 |       0 |      0 |         0 
 8376 Thread 43 - PartitionProcessorThre...673-b21c-8570a1fbb6b1-2-9 |  1238000 |   405000 |   507067554 |  16032737364 |         0 |      0 |  1719126323 |       0 |      0 |         0 
 8377 Thread 44 - PartitionProcessorThre...73-b21c-8570a1fbb6b1-2-10 |  1292000 |   440000 |   534978734 |  16901502793 |         0 |      0 |  1555952944 |       0 |      0 |         0 
 8378 Thread 45 - PartitionProcessorThre...73-b21c-8570a1fbb6b1-2-11 |  1353000 |   480000 |   565487738 |  17885976981 |         0 |      0 |  1701195066 |       0 |      0 |         0 
 8379 Thread 46 - PartitionProcessorThre...73-b21c-8570a1fbb6b1-2-12 |  1284000 |   423000 |   526990816 |  16657134676 |         0 |      0 |  1790188153 |       0 |      0 |         0 
 8380 Thread 47 - PartitionProcessorThre...73-b21c-8570a1fbb6b1-2-13 |  1322000 |   470000 |   552519675 |  17486420168 |         0 |      0 |  1685725378 |       0 |      0 |         0 
 8381 Thread 48 - PartitionProcessorThre...73-b21c-8570a1fbb6b1-2-14 |  1224000 |   478000 |   524656992 |  16607462207 |         0 |      0 |  1936349806 |       0 |      0 |         0 
 8382 Thread 49 - PartitionProcessorThre...73-b21c-8570a1fbb6b1-2-15 |  1257000 |   441000 |   523585562 |  16569113118 |      1024 |      0 |  1566470718 |       0 |      0 |         0 
 8383 Thread 50 - PartitionProcessorThre...73-b21c-8570a1fbb6b1-2-16 |  1313000 |   410000 |   531220132 |  16813130149 |         0 |      0 |  1717851383 |       0 |      0 |         0 
 8384 Thread 51 - PartitionProcessorThre...73-b21c-8570a1fbb6b1-2-17 |  1244000 |   409000 |   509072976 |  16129926399 |         0 |      0 |  1801701643 |       0 |      0 |         0 
 8385 Thread 52 - PartitionProcessorThre...73-b21c-8570a1fbb6b1-2-18 |  1319000 |   444000 |   544288144 |  17203963344 |         0 |      0 |  1670324798 |       0 |      0 |         0 
 8386 Thread 53 - PartitionProcessorThre...73-b21c-8570a1fbb6b1-2-19 |  1290000 |   434000 |   531523613 |  16822596184 |         0 |      0 |  1788484348 |       0 |      0 |         0 
 8387 Thread 54 - PartitionProcessorThre...673-b21c-8570a1fbb6b1-1-0 |  1250000 |   427000 |   517039160 |  16364133168 |         0 |      0 |  1713927883 |       0 |      0 |         0 
 8388 Thread 55 - PartitionProcessorThre...673-b21c-8570a1fbb6b1-1-1 |  1292000 |   426000 |   530142746 |  16763785293 |         0 |      0 |  1610166489 |       0 |      0 |         0 
 8389 Thread 56 - PartitionProcessorThre...673-b21c-8570a1fbb6b1-1-2 |  1317000 |   387000 |   526619500 |  16627469836 |         0 |      0 |  1671066070 |       0 |      0 |         0 
 8390 Thread 57 - PartitionProcessorThre...673-b21c-8570a1fbb6b1-1-3 |  1348000 |   416000 |   545236144 |  17213143668 |         0 |      0 |  1717424355 |       0 |      0 |         0 
 8391 Thread 58 - PartitionProcessorThre...673-b21c-8570a1fbb6b1-1-4 |  1287000 |   473000 |   543394765 |  17173781000 |         0 |      0 |  1826657998 |       0 |      0 |         0 
 8392 Thread 59 - PartitionProcessorThre...673-b21c-8570a1fbb6b1-1-5 |  1304000 |   472000 |   548737031 |  17330270973 |         0 |      0 |  1691678480 |       0 |      0 |         0 
 8393 Thread 60 - PartitionProcessorThre...673-b21c-8570a1fbb6b1-1-6 |  1280000 |   447000 |   533612421 |  16852080954 |         0 |      0 |  1909666347 |       0 |      0 |         0 
 8394 Thread 61 - PartitionProcessorThre...673-b21c-8570a1fbb6b1-1-7 |  1297000 |   461000 |   543611113 |  17155217016 |         0 |      0 |  1646861079 |       0 |      0 |         0 
 8395 Thread 62 - PartitionProcessorThre...673-b21c-8570a1fbb6b1-1-8 |  1260000 |   423000 |   521407922 |  16423835047 |         0 |      0 |  1629600781 |       0 |      0 |         0 
 8396 Thread 63 - PartitionProcessorThre...673-b21c-8570a1fbb6b1-1-9 |  1325000 |   472000 |   555732402 |  17535869227 |         0 |      0 |  1748877447 |       0 |      0 |         0 
 8397 Thread 64 - PartitionProcessorThre...73-b21c-8570a1fbb6b1-1-10 |  1249000 |   470000 |   531530597 |  16774849489 |      1024 |      0 |  1470222557 |       0 |      0 |         0 
 8398 Thread 65 - PartitionProcessorThre...73-b21c-8570a1fbb6b1-1-11 |  1158000 |   453000 |   497248500 |  15719693372 |         0 |      0 |  1565499717 |       0 |      0 |         0 
 8399 Thread 66 - PartitionProcessorThre...73-b21c-8570a1fbb6b1-1-12 |  1270000 |   457000 |   533428050 |  16851715352 |         0 |      0 |  1723829102 |       0 |      0 |         0 
 8400 Thread 67 - PartitionProcessorThre...73-b21c-8570a1fbb6b1-1-13 |  1273000 |   437000 |   528331875 |  16685889004 |         0 |      0 |  1634735566 |       0 |      0 |         0 
 8401 Thread 68 - PartitionProcessorThre...73-b21c-8570a1fbb6b1-1-14 |  1350000 |   462000 |   558299249 |  17681270442 |         0 |      0 |  1529635511 |       0 |      0 |         0 
 8402 Thread 69 - PartitionProcessorThre...73-b21c-8570a1fbb6b1-1-15 |  1244000 |   457000 |   526184668 |  16597891051 |         0 |      0 |  1573432152 |       0 |      0 |         0 
 8403 Thread 70 - PartitionProcessorThre...73-b21c-8570a1fbb6b1-1-16 |  1319000 |   453000 |   547946261 |  17291612102 |         0 |      0 |  1630685556 |       0 |      0 |         0 
 8404 Thread 71 - PartitionProcessorThre...73-b21c-8570a1fbb6b1-1-17 |  1257000 |   444000 |   526454367 |  16598226110 |         0 |      0 |  1712970218 |       0 |      0 |         0 
 8405 Thread 72 - PartitionProcessorThre...73-b21c-8570a1fbb6b1-1-18 |  1269000 |   456000 |   533655601 |  16832942079 |         0 |      0 |  1514324250 |       0 |      0 |         0 
 8406 Thread 73 - PartitionProcessorThre...73-b21c-8570a1fbb6b1-1-19 |  1313000 |   453000 |   544576800 |  17232264309 |         0 |      0 |  1770219730 |       0 |      0 |         0 
 8665 Thread 74 - process reaper                                     |     1000 |     1000 |      644796 |     19571234 |      2048 |      0 |       44000 |       0 |      0 |         0 
 8671 Thread 75 - Attach Listener                                    |   363000 |    93000 |   143432163 |   4456195245 |   5304320 | 145408 |     4048397 |       0 |      0 |         0 
