                                 Task                                 |  utime   |  stime   |     rss     |     vmem     |   read    | write  |    d:cpu    | d:bio  | d:swap | d:reclaim 
 89813 Thread 1 - main                                                |   697000 |   115000 |    51145533 |   6202308502 |  22117376 |   1024 |     7366550 |      0 |      0 |         0 
 89835 Thread 2 - Reference Handler                                   |     6000 |        0 |      527863 |     47505531 |         0 |      0 |     1667225 |      0 |      0 |         0 
 89836 Thread 3 - Finalizer                                           |     5000 |        0 |      427019 |     39539249 |      5120 |      0 |      907129 |      0 |      0 |         0 
 89837 Thread 4 - Surrogate Locker Thread (Concurrent GC)             |        0 |        0 |           0 |            0 |         0 |      0 |           0 |      0 |      0 |         0 
 89838 Thread 5 - Signal Dispatcher                                   |        0 |        0 |           0 |            0 |         0 |      0 |           0 |      0 |      0 |         0 
 89848 Thread 12 - RMI Scheduler(0)                                   |     2000 |     2000 |      952550 |     37033792 |      4096 |      0 |      255091 |      0 |      0 |         0 
 89849 Thread 13 - RMI RenewClean-[10.231.182.152:40207]              |     1000 |        0 |       81480 |      7893242 |      1024 |      0 |       30796 |      0 |      0 |         0 
 89850 Thread 14 - GC Daemon                                          |        0 |        0 |           0 |            0 |         0 |      0 |           0 |      0 |      0 |         0 
 89852 Thread 15 - DecatonSubscriptionThread-decaton-benchmark        | 29088000 | 31060000 | 17553223740 | 585748435638 | 584865792 | 130048 | 18675392009 | 138982 |      0 |         0 
 89854 Thread 16 - kafka-coordinator-hear...hread | decaton-benchmark |   241000 |    55000 |    87689276 |   2882750018 |   6729728 |   5120 |    26806739 | 165552 |      0 |         0 
 89858 Thread 17 - PartitionProcessorThre...454-8df7-3fdfc29d2332-2-0 |  1375000 |   429000 |   521264750 |  17577657400 |    152576 |      0 |  1887563058 |      0 |      0 |         0 
 89859 Thread 18 - PartitionProcessorThre...454-8df7-3fdfc29d2332-2-1 |  1320000 |   386000 |   496390746 |  16639743627 |      5120 |      0 |  1716965429 |      0 |      0 |         0 
 89860 Thread 19 - PartitionProcessorThre...454-8df7-3fdfc29d2332-2-2 |  1396000 |   413000 |   526437820 |  17647561603 |         0 |      0 |  1874291117 |      0 |      0 |         0 
 89861 Thread 20 - PartitionProcessorThre...454-8df7-3fdfc29d2332-2-3 |  1371000 |   442000 |   527357727 |  17690035509 |         0 |      0 |  2110778697 |      0 |      0 |         0 
 89862 Thread 21 - PartitionProcessorThre...454-8df7-3fdfc29d2332-2-4 |  1282000 |   461000 |   507841961 |  17001997185 |         0 |      0 |  1823476903 |      0 |      0 |         0 
 89863 Thread 22 - PartitionProcessorThre...454-8df7-3fdfc29d2332-2-5 |  1330000 |   437000 |   515503481 |  17240936888 |         0 |      0 |  1907686406 |      0 |      0 |         0 
 89864 Thread 23 - PartitionProcessorThre...454-8df7-3fdfc29d2332-2-6 |  1385000 |   446000 |   532435887 |  17865747720 |         0 |      0 |  2062625452 |      0 |      0 |         0 
 89865 Thread 24 - PartitionProcessorThre...454-8df7-3fdfc29d2332-2-7 |  1382000 |   422000 |   525027281 |  17601451654 |         0 |      0 |  1832751765 |      0 |      0 |         0 
 89866 Thread 25 - PartitionProcessorThre...454-8df7-3fdfc29d2332-2-8 |  1393000 |   434000 |   529930801 |  17827889466 |         0 |      0 |  1871126607 |      0 |      0 |         0 
 89867 Thread 26 - PartitionProcessorThre...454-8df7-3fdfc29d2332-2-9 |  1333000 |   424000 |   510171578 |  17142563994 |         0 |      0 |  1784539196 |      0 |      0 |         0 
 89868 Thread 27 - PartitionProcessorThre...54-8df7-3fdfc29d2332-2-10 |  1346000 |   431000 |   515577750 |  17336656392 |         0 |      0 |  1607237173 |      0 |      0 |         0 
 89869 Thread 28 - PartitionProcessorThre...54-8df7-3fdfc29d2332-2-11 |  1303000 |   424000 |   501998840 |  16850721877 |         0 |      0 |  1921508852 |      0 |      0 |         0 
 89870 Thread 29 - PartitionProcessorThre...54-8df7-3fdfc29d2332-2-12 |  1340000 |   423000 |   512154121 |  17202840650 |         0 |      0 |  1820293110 |      0 |      0 |         0 
 89871 Thread 30 - PartitionProcessorThre...54-8df7-3fdfc29d2332-2-13 |  1352000 |   430000 |   520699766 |  17388233877 |         0 |      0 |  1650126580 |      0 |      0 |         0 
 89872 Thread 31 - PartitionProcessorThre...54-8df7-3fdfc29d2332-2-14 |  1326000 |   399000 |   503303739 |  16831511232 |         0 |      0 |  1988113431 |      0 |      0 |         0 
 89873 Thread 32 - PartitionProcessorThre...54-8df7-3fdfc29d2332-2-15 |  1356000 |   438000 |   521500031 |  17503532263 |         0 |      0 |  1802646219 |      0 |      0 |         0 
 89874 Thread 33 - PartitionProcessorThre...54-8df7-3fdfc29d2332-2-16 |  1352000 |   425000 |   518277192 |  17338743662 |         0 |      0 |  1999225870 |      0 |      0 |         0 
 89875 Thread 34 - PartitionProcessorThre...54-8df7-3fdfc29d2332-2-17 |  1379000 |   433000 |   524510664 |  17678173857 |         0 |      0 |  1875138509 |      0 |      0 |         0 
 89876 Thread 35 - PartitionProcessorThre...54-8df7-3fdfc29d2332-2-18 |  1321000 |   442000 |   512037832 |  17201048802 |         0 |      0 |  1733088318 |      0 |      0 |         0 
 89877 Thread 36 - PartitionProcessorThre...54-8df7-3fdfc29d2332-2-19 |  1400000 |   435000 |   532939121 |  17904308021 |         0 |      0 |  1832426169 |      0 |      0 |         0 
 89878 Thread 37 - PartitionProcessorThre...454-8df7-3fdfc29d2332-1-0 |  1272000 |   419000 |   498517223 |  16501347517 |         0 |      0 |  1393579873 |      0 |      0 |         0 
 89879 Thread 38 - PartitionProcessorThre...454-8df7-3fdfc29d2332-1-1 |  1300000 |   437000 |   511043313 |  16949862224 |         0 |      0 |  1676351758 |      0 |      0 |         0 
 89880 Thread 39 - PartitionProcessorThre...454-8df7-3fdfc29d2332-1-2 |  1246000 |   431000 |   493203985 |  16364771357 |         0 |      0 |  1770444364 |      0 |      0 |         0 
 89881 Thread 40 - PartitionProcessorThre...454-8df7-3fdfc29d2332-1-3 |  1325000 |   446000 |   521509844 |  17281927689 |         0 |      0 |  1866194311 |      0 |      0 |         0 
 89882 Thread 41 - PartitionProcessorThre...454-8df7-3fdfc29d2332-1-4 |  1352000 |   401000 |   514567485 |  17105842197 |         0 |      0 |  1862444304 |      0 |      0 |         0 
 89883 Thread 42 - PartitionProcessorThre...454-8df7-3fdfc29d2332-1-5 |  1317000 |   442000 |   517976660 |  17165163716 |         0 |      0 |  1587141642 |      0 |      0 |         0 
 89884 Thread 43 - PartitionProcessorThre...454-8df7-3fdfc29d2332-1-6 |  1279000 |   424000 |   501287332 |  16618584447 |      4096 |      0 |  1689106262 |      0 |      0 |         0 
 89885 Thread 44 - PartitionProcessorThre...454-8df7-3fdfc29d2332-1-7 |  1253000 |   393000 |   483389188 |  16062037908 |      1024 |      0 |  1861218733 |      0 |      0 |         0 
 89886 Thread 45 - PartitionProcessorThre...454-8df7-3fdfc29d2332-1-8 |  1289000 |   417000 |   501357453 |  16647815783 |         0 |      0 |  1752712193 |      0 |      0 |         0 
 89887 Thread 46 - PartitionProcessorThre...454-8df7-3fdfc29d2332-1-9 |  1219000 |   346000 |   460722875 |  15272138498 |         0 |      0 |  1664830073 |      0 |      0 |         0 
 89888 Thread 47 - PartitionProcessorThre...54-8df7-3fdfc29d2332-1-10 |  1365000 |   423000 |   525218160 |  17447835959 |         0 |      0 |  1901659599 |      0 |      0 |         0 
 89889 Thread 48 - PartitionProcessorThre...54-8df7-3fdfc29d2332-1-11 |  1261000 |   394000 |   487468360 |  16149827494 |         0 |      0 |  1698956406 |      0 |      0 |         0 
 89890 Thread 49 - PartitionProcessorThre...54-8df7-3fdfc29d2332-1-12 |  1266000 |   440000 |   502886293 |  16647572947 |         0 |      0 |  1829167236 |      0 |      0 |         0 
 89891 Thread 50 - PartitionProcessorThre...54-8df7-3fdfc29d2332-1-13 |  1295000 |   431000 |   507819231 |  16842798810 |         0 |      0 |  1694628841 |      0 |      0 |         0 
 89892 Thread 51 - PartitionProcessorThre...54-8df7-3fdfc29d2332-1-14 |  1313000 |   429000 |   512838422 |  16999107513 |         0 |      0 |  1841376530 |      0 |      0 |         0 
 89893 Thread 52 - PartitionProcessorThre...54-8df7-3fdfc29d2332-1-15 |  1344000 |   455000 |   528442621 |  17555421365 |         0 |      0 |  1649546767 |      0 |      0 |         0 
 89894 Thread 53 - PartitionProcessorThre...54-8df7-3fdfc29d2332-1-16 |  1256000 |   365000 |   475606328 |  15818018572 |         0 |      0 |  1813173087 |      0 |      0 |         0 
 89895 Thread 54 - PartitionProcessorThre...54-8df7-3fdfc29d2332-1-17 |  1246000 |   434000 |   493691274 |  16393831268 |         0 |      0 |  1898445471 |      0 |      0 |         0 
 89896 Thread 55 - PartitionProcessorThre...54-8df7-3fdfc29d2332-1-18 |  1296000 |   418000 |   505436672 |  16725804275 |         0 |      0 |  1841860201 |      0 |      0 |         0 
 89897 Thread 56 - PartitionProcessorThre...54-8df7-3fdfc29d2332-1-19 |  1395000 |   385000 |   523343055 |  17369793595 |         0 |      0 |  1826890725 |      0 |      0 |         0 
 89898 Thread 57 - PartitionProcessorThre...454-8df7-3fdfc29d2332-0-0 |  1336000 |   454000 |   527923973 |  17467523806 |         0 |      0 |  1782814219 |      0 |      0 |         0 
 89899 Thread 58 - PartitionProcessorThre...454-8df7-3fdfc29d2332-0-1 |  1357000 |   448000 |   532680336 |  17613559095 |         0 |      0 |  1751684455 |      0 |      0 |         0 
 89900 Thread 59 - PartitionProcessorThre...454-8df7-3fdfc29d2332-0-2 |  1302000 |   393000 |   500933700 |  16540652725 |         0 |      0 |  1670561262 |      0 |      0 |         0 
 89901 Thread 60 - PartitionProcessorThre...454-8df7-3fdfc29d2332-0-3 |  1349000 |   418000 |   521256543 |  17243182931 |         0 |      0 |  1869956568 |      0 |      0 |         0 
 89902 Thread 61 - PartitionProcessorThre...454-8df7-3fdfc29d2332-0-4 |  1252000 |   418000 |   491257141 |  16296254982 |         0 |      0 |  1774798526 |      0 |      0 |         0 
 89903 Thread 62 - PartitionProcessorThre...454-8df7-3fdfc29d2332-0-5 |  1285000 |   419000 |   503017496 |  16627781131 |         0 |      0 |  1890055028 |      0 |      0 |         0 
 89904 Thread 63 - PartitionProcessorThre...454-8df7-3fdfc29d2332-0-6 |  1348000 |   402000 |   515197617 |  17076631349 |         0 |      0 |  1801159676 |      0 |      0 |         0 
 89905 Thread 64 - PartitionProcessorThre...454-8df7-3fdfc29d2332-0-7 |  1247000 |   404000 |   486779977 |  16110762729 |         0 |      0 |  2077786479 |      0 |      0 |         0 
 89906 Thread 65 - PartitionProcessorThre...454-8df7-3fdfc29d2332-0-8 |  1308000 |   418000 |   509290856 |  16842899334 |         0 |      0 |  1952642973 |      0 |      0 |         0 
 89907 Thread 66 - PartitionProcessorThre...454-8df7-3fdfc29d2332-0-9 |  1323000 |   429000 |   517233859 |  17096704869 |         0 |      0 |  1755782014 |      0 |      0 |         0 
 89908 Thread 67 - PartitionProcessorThre...54-8df7-3fdfc29d2332-0-10 |  1284000 |   427000 |   505239844 |  16696213549 |         0 |      0 |  1768953407 |      0 |      0 |         0 
 89909 Thread 68 - PartitionProcessorThre...54-8df7-3fdfc29d2332-0-11 |  1281000 |   405000 |   497035930 |  16452330271 |         0 |      0 |  1874922285 |      0 |      0 |         0 
 89910 Thread 69 - PartitionProcessorThre...54-8df7-3fdfc29d2332-0-12 |  1283000 |   383000 |   491189864 |  16257286061 |         0 |      0 |  1865339799 |      0 |      0 |         0 
 89911 Thread 70 - PartitionProcessorThre...54-8df7-3fdfc29d2332-0-13 |  1396000 |   440000 |   541177516 |  17916102580 |         0 |      0 |  1868229975 |      0 |      0 |         0 
 89912 Thread 71 - PartitionProcessorThre...54-8df7-3fdfc29d2332-0-14 |  1318000 |   449000 |   520567020 |  17243005517 |         0 |      0 |  1555052773 |      0 |      0 |         0 
 89913 Thread 72 - PartitionProcessorThre...54-8df7-3fdfc29d2332-0-15 |  1266000 |   435000 |   501476703 |  16598803045 |         0 |      0 |  1634200039 |      0 |      0 |         0 
 89914 Thread 73 - PartitionProcessorThre...54-8df7-3fdfc29d2332-0-16 |  1330000 |   451000 |   524456980 |  17379666408 |         0 |      0 |  1844069571 |      0 |      0 |         0 
 89915 Thread 74 - PartitionProcessorThre...54-8df7-3fdfc29d2332-0-17 |  1246000 |   430000 |   496375442 |  16355444611 |  10831872 |      0 |  1769257482 |      0 |      0 |         0 
 89916 Thread 75 - PartitionProcessorThre...54-8df7-3fdfc29d2332-0-18 |  1314000 |   392000 |   504076000 |  16647799142 |         0 |      0 |  1741031350 |      0 |      0 |         0 
 89917 Thread 76 - PartitionProcessorThre...54-8df7-3fdfc29d2332-0-19 |  1253000 |   435000 |   497576852 |  16472049107 |         0 |      0 |  1665651756 |      0 |      0 |         0 
 90331 Thread 77 - process reaper                                     |     3000 |        0 |      987402 |     29329414 |         0 |      0 |        8409 |      0 |      0 |         0 
 90336 Thread 78 - Attach Listener                                    |   423000 |    98000 |   166308147 |   5092748694 |   5304320 | 165888 |     6629519 |      0 |      0 |         0 
