                                 Task                                  |  utime   |  stime   |     rss     |     vmem     |   read    | write  |    d:cpu    | d:bio  | d:swap | d:reclaim 
 155025 Thread 1 - main                                                |   575000 |    74000 |    40415323 |   4923058818 |  21203968 |   1024 |     2516609 |      0 |      0 |         0 
 155047 Thread 2 - Reference Handler                                   |     5000 |        0 |      486441 |     38768886 |         0 |      0 |     1826593 |      0 |      0 |         0 
 155048 Thread 3 - Finalizer                                           |     7000 |        0 |      893164 |     56253464 |      5120 |      0 |     2003678 |      0 |      0 |         0 
 155049 Thread 4 - Surrogate Locker Thread (Concurrent GC)             |        0 |        0 |           0 |            0 |         0 |      0 |           0 |      0 |      0 |         0 
 155050 Thread 5 - Signal Dispatcher                                   |     1000 |        0 |      308781 |      9755039 |         0 |      0 |        1605 |      0 |      0 |         0 
 155059 Thread 11 - DecatonSubscriptionThread-decaton-benchmark        | 29283000 | 33467000 | 19028066944 | 611152996843 | 638091264 | 129024 | 19443399772 |  76222 |      0 |         0 
 155061 Thread 13 - kafka-coordinator-hear...hread | decaton-benchmark |   174000 |    45000 |    65589765 |   2131443726 |   4985856 |   5120 |    45421426 | 277045 |      0 |         0 
 155064 Thread 14 - PartitionProcessorThre...d34-b03e-589ba85e728c-0-0 |  1222000 |   471000 |   512268579 |  16506802226 |     34816 |      0 |  1549253462 |      0 |      0 |         0 
 155065 Thread 15 - PartitionProcessorThre...d34-b03e-589ba85e728c-0-1 |  1313000 |   430000 |   527057270 |  16998448910 |    117760 |      0 |  1532409462 |      0 |      0 |         0 
 155066 Thread 16 - PartitionProcessorThre...d34-b03e-589ba85e728c-0-2 |  1296000 |   454000 |   531221477 |  17067143511 |         0 |      0 |  1384745535 |      0 |      0 |         0 
 155067 Thread 17 - PartitionProcessorThre...d34-b03e-589ba85e728c-0-3 |  1262000 |   468000 |   520391211 |  16870784695 |      5120 |      0 |  1535224559 |      0 |      0 |         0 
 155068 Thread 18 - PartitionProcessorThre...d34-b03e-589ba85e728c-0-4 |  1269000 |   433000 |   513913801 |  16603990492 |         0 |      0 |  1257225051 |      0 |      0 |         0 
 155069 Thread 19 - PartitionProcessorThre...d34-b03e-589ba85e728c-0-5 |  1202000 |   447000 |   498470227 |  16083039617 |         0 |      0 |  1250218961 |      0 |      0 |         0 
 155070 Thread 20 - PartitionProcessorThre...d34-b03e-589ba85e728c-0-6 |  1320000 |   464000 |   539353274 |  17406357796 |         0 |      0 |  1509540178 |      0 |      0 |         0 
 155071 Thread 21 - PartitionProcessorThre...d34-b03e-589ba85e728c-0-7 |  1333000 |   458000 |   541252871 |  17469744355 |         0 |      0 |  1467968954 |      0 |      0 |         0 
 155072 Thread 22 - PartitionProcessorThre...d34-b03e-589ba85e728c-0-8 |  1224000 |   435000 |   503164379 |  16186884601 |         0 |      0 |  1399381784 |      0 |      0 |         0 
 155073 Thread 23 - PartitionProcessorThre...d34-b03e-589ba85e728c-0-9 |  1304000 |   470000 |   537203950 |  17310866300 |         0 |      0 |  1347690361 |      0 |      0 |         0 
 155074 Thread 24 - PartitionProcessorThre...34-b03e-589ba85e728c-0-10 |  1338000 |   464000 |   545256020 |  17583503042 |         0 |      0 |  1318023078 |      0 |      0 |         0 
 155075 Thread 25 - PartitionProcessorThre...34-b03e-589ba85e728c-0-11 |  1298000 |   484000 |   539852364 |  17388424847 |         0 |      0 |  1326181938 |      0 |      0 |         0 
 155076 Thread 26 - PartitionProcessorThre...34-b03e-589ba85e728c-0-12 |  1281000 |   447000 |   523669411 |  16860392363 |         0 |      0 |  1607560882 |      0 |      0 |         0 
 155077 Thread 27 - PartitionProcessorThre...34-b03e-589ba85e728c-0-13 |  1317000 |   475000 |   542574934 |  17485541273 |      1024 |      0 |  1479646026 |      0 |      0 |         0 
 155078 Thread 28 - PartitionProcessorThre...34-b03e-589ba85e728c-0-14 |  1300000 |   440000 |   528811844 |  16978022124 |     24576 |      0 |  1353571513 |      0 |      0 |         0 
 155079 Thread 29 - PartitionProcessorThre...34-b03e-589ba85e728c-0-15 |  1310000 |   462000 |   537768969 |  17290488902 |         0 |      0 |  1368325141 |      0 |      0 |         0 
 155080 Thread 30 - PartitionProcessorThre...34-b03e-589ba85e728c-0-16 |  1298000 |   472000 |   535649911 |  17268792718 |     15360 |      0 |  1286983535 |      0 |      0 |         0 
 155081 Thread 31 - PartitionProcessorThre...34-b03e-589ba85e728c-0-17 |  1246000 |   456000 |   515989852 |  16605357086 |      2048 |      0 |  1346968870 |      0 |      0 |         0 
 155082 Thread 32 - PartitionProcessorThre...34-b03e-589ba85e728c-0-18 |  1315000 |   451000 |   535375868 |  17232513640 |      3072 |      0 |  1580390070 |      0 |      0 |         0 
 155083 Thread 33 - PartitionProcessorThre...34-b03e-589ba85e728c-0-19 |  1205000 |   459000 |   503650536 |  16237710402 |         0 |      0 |  1378410243 |      0 |      0 |         0 
 155084 Thread 34 - PartitionProcessorThre...d34-b03e-589ba85e728c-1-0 |  1151000 |   478000 |   496671743 |  15896044957 |         0 |      0 |  1474015715 |      0 |      0 |         0 
 155085 Thread 35 - PartitionProcessorThre...d34-b03e-589ba85e728c-1-1 |  1286000 |   429000 |   522656540 |  16734556726 |         0 |      0 |  1363260452 |      0 |      0 |         0 
 155086 Thread 36 - PartitionProcessorThre...d34-b03e-589ba85e728c-1-2 |  1275000 |   491000 |   536979774 |  17232616945 |         0 |      0 |  1332316973 |      0 |      0 |         0 
 155087 Thread 37 - PartitionProcessorThre...d34-b03e-589ba85e728c-1-3 |  1196000 |   450000 |   501661473 |  16061688746 |         0 |      0 |  1444203871 |      0 |      0 |         0 
 155088 Thread 38 - PartitionProcessorThre...d34-b03e-589ba85e728c-1-4 |  1179000 |   448000 |   494012719 |  15875294457 |         0 |      0 |  1364750924 |      0 |      0 |         0 
 155089 Thread 39 - PartitionProcessorThre...d34-b03e-589ba85e728c-1-5 |  1296000 |   478000 |   540004328 |  17310176023 |         0 |      0 |  1603743280 |      0 |      0 |         0 
 155090 Thread 40 - PartitionProcessorThre...d34-b03e-589ba85e728c-1-6 |  1214000 |   409000 |   493662462 |  15836902418 |         0 |      0 |  1453663269 |      0 |      0 |         0 
 155091 Thread 41 - PartitionProcessorThre...d34-b03e-589ba85e728c-1-7 |  1301000 |   435000 |   529763450 |  16940089000 |         0 |      0 |  1510426886 |      0 |      0 |         0 
 155092 Thread 42 - PartitionProcessorThre...d34-b03e-589ba85e728c-1-8 |  1314000 |   454000 |   538092719 |  17252446136 |         0 |      0 |  1412892145 |      0 |      0 |         0 
 155093 Thread 43 - PartitionProcessorThre...d34-b03e-589ba85e728c-1-9 |  1253000 |   456000 |   519155700 |  16676465675 |         0 |      0 |  1226930796 |      0 |      0 |         0 
 155094 Thread 44 - PartitionProcessorThre...34-b03e-589ba85e728c-1-10 |  1333000 |   471000 |   548442360 |  17603723574 |         0 |      0 |  1327592277 |      0 |      0 |         0 
 155095 Thread 45 - PartitionProcessorThre...34-b03e-589ba85e728c-1-11 |  1198000 |   485000 |   513584333 |  16423141070 |         0 |      0 |  1306664012 |      0 |      0 |         0 
 155096 Thread 46 - PartitionProcessorThre...34-b03e-589ba85e728c-1-12 |  1304000 |   439000 |   531256083 |  17008921167 |         0 |      0 |  1561880923 |      0 |      0 |         0 
 155097 Thread 47 - PartitionProcessorThre...34-b03e-589ba85e728c-1-13 |  1218000 |   436000 |   505075817 |  16139989742 |         0 |      0 |  1401078019 |      0 |      0 |         0 
 155098 Thread 48 - PartitionProcessorThre...34-b03e-589ba85e728c-1-14 |  1333000 |   470000 |   548451559 |  17594048167 |         0 |      0 |  1353094044 |      0 |      0 |         0 
 155099 Thread 49 - PartitionProcessorThre...34-b03e-589ba85e728c-1-15 |  1289000 |   473000 |   535662872 |  17193185351 |         0 |      0 |  1338628511 |      0 |      0 |         0 
 155100 Thread 50 - PartitionProcessorThre...34-b03e-589ba85e728c-1-16 |  1311000 |   482000 |   546767832 |  17496667898 |         0 |      0 |  1509665740 |      0 |      0 |         0 
 155101 Thread 51 - PartitionProcessorThre...34-b03e-589ba85e728c-1-17 |  1298000 |   475000 |   541969403 |  17301593593 |         0 |      0 |  1478569155 |      0 |      0 |         0 
 155102 Thread 52 - PartitionProcessorThre...34-b03e-589ba85e728c-1-18 |  1265000 |   459000 |   526879680 |  16823809781 |         0 |      0 |  1392456279 |      0 |      0 |         0 
 155103 Thread 53 - PartitionProcessorThre...34-b03e-589ba85e728c-1-19 |  1191000 |   432000 |   493855259 |  15837711402 |         0 |      0 |  1231964910 |      0 |      0 |         0 
 155104 Thread 54 - PartitionProcessorThre...d34-b03e-589ba85e728c-2-0 |  1263000 |   466000 |   528423051 |  16872171648 |         0 |      0 |  1467624231 |      0 |      0 |         0 
 155105 Thread 55 - PartitionProcessorThre...d34-b03e-589ba85e728c-2-1 |  1300000 |   468000 |   539506610 |  17252239089 |         0 |      0 |  1662375356 |      0 |      0 |         0 
 155106 Thread 56 - PartitionProcessorThre...d34-b03e-589ba85e728c-2-2 |  1339000 |   458000 |   548676059 |  17535392480 |         0 |      0 |  1428661648 |      0 |      0 |         0 
 155107 Thread 57 - PartitionProcessorThre...d34-b03e-589ba85e728c-2-3 |  1360000 |   468000 |   558530961 |  17837382136 |         0 |      0 |  1388252520 |      0 |      0 |         0 
 155108 Thread 58 - PartitionProcessorThre...d34-b03e-589ba85e728c-2-4 |  1293000 |   448000 |   529563207 |  16987371179 |         0 |      0 |  1442507388 |      0 |      0 |         0 
 155109 Thread 59 - PartitionProcessorThre...d34-b03e-589ba85e728c-2-5 |  1231000 |   450000 |   512520844 |  16402270242 |         0 |      0 |  1356373768 |      0 |      0 |         0 
 155110 Thread 60 - PartitionProcessorThre...d34-b03e-589ba85e728c-2-6 |  1230000 |   454000 |   514359727 |  16432573824 |         0 |      0 |  1394412886 |      0 |      0 |         0 
 155111 Thread 61 - PartitionProcessorThre...d34-b03e-589ba85e728c-2-7 |  1162000 |   464000 |   496494719 |  15866715062 |         0 |      0 |  1328205445 |      0 |      0 |         0 
 155112 Thread 62 - PartitionProcessorThre...d34-b03e-589ba85e728c-2-8 |  1173000 |   416000 |   484566688 |  15505295055 |         0 |      0 |  1478138536 |      0 |      0 |         0 
 155113 Thread 63 - PartitionProcessorThre...d34-b03e-589ba85e728c-2-9 |  1293000 |   455000 |   534766684 |  17056875519 |         0 |      0 |  1450867750 |      0 |      0 |         0 
 155114 Thread 64 - PartitionProcessorThre...34-b03e-589ba85e728c-2-10 |  1312000 |   475000 |   545673250 |  17438017605 |         0 |      0 |  1428214738 |      0 |      0 |         0 
 155115 Thread 65 - PartitionProcessorThre...34-b03e-589ba85e728c-2-11 |  1260000 |   427000 |   513389493 |  16461907117 |      1024 |      0 |  1478828765 |      0 |      0 |         0 
 155116 Thread 66 - PartitionProcessorThre...34-b03e-589ba85e728c-2-12 |  1212000 |   455000 |   508593637 |  16266713476 |         0 |      0 |  1370290242 |      0 |      0 |         0 
 155117 Thread 67 - PartitionProcessorThre...34-b03e-589ba85e728c-2-13 |  1213000 |   387000 |   489333700 |  15613313183 |         0 |      0 |  1319197365 |      0 |      0 |         0 
 155118 Thread 68 - PartitionProcessorThre...34-b03e-589ba85e728c-2-14 |  1262000 |   443000 |   521483399 |  16638785437 |         0 |      0 |  1513085963 |      0 |      0 |         0 
 155119 Thread 69 - PartitionProcessorThre...34-b03e-589ba85e728c-2-15 |  1249000 |   446000 |   517632672 |  16540570117 |         0 |      0 |  1281785028 |      0 |      0 |         0 
 155120 Thread 70 - PartitionProcessorThre...34-b03e-589ba85e728c-2-16 |  1341000 |   458000 |   548539926 |  17554967773 |         0 |      0 |  1460954386 |      0 |      0 |         0 
 155121 Thread 71 - PartitionProcessorThre...34-b03e-589ba85e728c-2-17 |  1289000 |   441000 |   527698497 |  16881776945 |         0 |      0 |  1215458511 |      0 |      0 |         0 
 155122 Thread 72 - PartitionProcessorThre...34-b03e-589ba85e728c-2-18 |  1268000 |   473000 |   531664012 |  16988615765 |         0 |      0 |  1416705627 |      0 |      0 |         0 
 155123 Thread 73 - PartitionProcessorThre...34-b03e-589ba85e728c-2-19 |  1249000 |   456000 |   520016981 |  16637777421 |         0 |      0 |  1464541536 |      0 |      0 |         0 
 155432 Thread 74 - process reaper                                     |     2000 |     1000 |      963941 |     29357253 |      2048 |      0 |       23999 |      0 |      0 |         0 
 155438 Thread 75 - Attach Listener                                    |   366000 |    95000 |   143933936 |   4505143823 |   5304320 | 270336 |     3040127 |      0 |      0 |         0 
