                                 Task                                  |  utime   |  stime   |     rss     |     vmem     |   read    | write  |    d:cpu    |  d:bio  | d:swap | d:reclaim 
 101650 Thread 1 - main                                                |  1072000 |    96000 |    80175173 |   8212759994 |  15109120 |   1024 |     6813636 |       0 |      0 |         0 
 101657 Thread 2 - Reference Handler                                   |     2000 |     1000 |      275749 |     23544078 |         0 |      0 |     2014973 |       0 |      0 |         0 
 101658 Thread 3 - Finalizer                                           |        0 |        0 |           0 |            0 |      5120 |      0 |       86788 |       0 |      0 |         0 
 101659 Thread 4 - Signal Dispatcher                                   |        0 |     1000 |      336023 |      9889960 |         0 |      0 |       60200 |       0 |      0 |         0 
 101665 Thread 11 - Common-Cleaner                                     |     3000 |        0 |      250050 |     23356117 |         0 |      0 |      297867 |       0 |      0 |         0 
 101670 Thread 13 - RMI Scheduler(0)                                   |     2000 |        0 |      402566 |     16803281 |      1024 |      0 |        4711 |       0 |      0 |         0 
 101676 Thread 14 - RMI RenewClean-[10.231.182.152:46080]              |     2000 |        0 |      164207 |     14678003 |         0 |      0 |           0 |       0 |      0 |         0 
 101677 Thread 15 - RMI GC Daemon                                      |        0 |     1000 |       80738 |      7372507 |         0 |      0 |       13727 |       0 |      0 |         0 
 101679 Thread 16 - logging-metrics-publisher                          |   242000 |    17000 |    85202694 |   2561696495 |     17408 | 413696 |    58740168 |       0 |      0 |         0 
 101682 Thread 17 - DecatonSubscriptionThread-decaton-benchmark        | 25569000 | 32454000 | 19000984695 | 572394536738 | 572206080 | 123904 | 18498344002 |  254093 |      0 |         0 
 101684 Thread 18 - kafka-coordinator-hear...hread | decaton-benchmark |   276000 |    49000 |   104791557 |   3190639003 |   6968320 |   7168 |    26907227 |  388991 |      0 |         0 
 101688 Thread 19 - PartitionProcessorThre...694-a8ec-9c5c49d0014a-1-0 |  1922000 |   363000 |   743418679 |  22565070107 |     34816 |      0 |  1531205854 |       0 |      0 |         0 
 101689 Thread 20 - PartitionProcessorThre...694-a8ec-9c5c49d0014a-1-1 |  1901000 |   353000 |   737279366 |  22270006935 |         0 |      0 |  1315043203 |       0 |      0 |         0 
 101690 Thread 21 - PartitionProcessorThre...694-a8ec-9c5c49d0014a-1-2 |  1913000 |   378000 |   744940995 |  22626303775 |      2048 |      0 |  1587833076 |       0 |      0 |         0 
 101691 Thread 22 - PartitionProcessorThre...694-a8ec-9c5c49d0014a-1-3 |  1974000 |   389000 |   769489327 |  23334358837 |         0 |      0 |  1424610026 |       0 |      0 |         0 
 101692 Thread 23 - PartitionProcessorThre...694-a8ec-9c5c49d0014a-1-4 |  1926000 |   378000 |   753092866 |  22754767614 |         0 |      0 |  1669743767 |       0 |      0 |         0 
 101693 Thread 24 - PartitionProcessorThre...694-a8ec-9c5c49d0014a-1-5 |  1917000 |   383000 |   748350448 |  22715301126 |         0 |      0 |  1491935655 |       0 |      0 |         0 
 101694 Thread 25 - PartitionProcessorThre...694-a8ec-9c5c49d0014a-1-6 |  1829000 |   368000 |   714400921 |  21695379357 |         0 |      0 |  1648328690 |       0 |      0 |         0 
 101695 Thread 26 - PartitionProcessorThre...694-a8ec-9c5c49d0014a-1-7 |  1874000 |   371000 |   734938952 |  22179249993 |         0 |      0 |  1473190690 |       0 |      0 |         0 
 101696 Thread 27 - PartitionProcessorThre...694-a8ec-9c5c49d0014a-1-8 |  1971000 |   380000 |   768131940 |  23217329923 |      5120 |      0 |  1449682091 |       0 |      0 |         0 
 101697 Thread 28 - PartitionProcessorThre...694-a8ec-9c5c49d0014a-1-9 |  1952000 |   340000 |   746853175 |  22636786786 |         0 |      0 |  1389909404 |       0 |      0 |         0 
 101698 Thread 29 - PartitionProcessorThre...94-a8ec-9c5c49d0014a-1-10 |  1916000 |   391000 |   753502378 |  22784315685 |         0 |      0 |  1494569926 |       0 |      0 |         0 
 101699 Thread 30 - PartitionProcessorThre...94-a8ec-9c5c49d0014a-1-11 |  1910000 |   383000 |   752749229 |  22654748939 |         0 |      0 |  1464180835 |       0 |      0 |         0 
 101700 Thread 31 - PartitionProcessorThre...94-a8ec-9c5c49d0014a-1-12 |  1823000 |   330000 |   703572280 |  21270757462 |         0 |      0 |  1321936289 |       0 |      0 |         0 
 101701 Thread 32 - PartitionProcessorThre...94-a8ec-9c5c49d0014a-1-13 |  1834000 |   383000 |   723558702 |  21895387435 |         0 |      0 |  1442325184 |       0 |      0 |         0 
 101702 Thread 33 - PartitionProcessorThre...94-a8ec-9c5c49d0014a-1-14 |  1978000 |   386000 |   771212280 |  23351028657 |         0 |      0 |  1406366005 |       0 |      0 |         0 
 101703 Thread 34 - PartitionProcessorThre...94-a8ec-9c5c49d0014a-1-15 |  1989000 |   350000 |   762062100 |  23103917517 |         0 |      0 |  1409406547 |       0 |      0 |         0 
 101704 Thread 35 - PartitionProcessorThre...94-a8ec-9c5c49d0014a-1-16 |  2017000 |   338000 |   769293885 |  23261229024 |         0 |      0 |  1541475591 |       0 |      0 |         0 
 101705 Thread 36 - PartitionProcessorThre...94-a8ec-9c5c49d0014a-1-17 |  1925000 |   408000 |   763997534 |  23051915173 |      1024 |      0 |  1432678978 |       0 |      0 |         0 
 101706 Thread 37 - PartitionProcessorThre...94-a8ec-9c5c49d0014a-1-18 |  1978000 |   373000 |   766298061 |  23221664294 |         0 |      0 |  1704645206 |       0 |      0 |         0 
 101707 Thread 38 - PartitionProcessorThre...94-a8ec-9c5c49d0014a-1-19 |  1935000 |   394000 |   760183468 |  23006663017 |         0 |      0 |  1509761367 |       0 |      0 |         0 
 101712 Thread 39 - PartitionProcessorThre...694-a8ec-9c5c49d0014a-2-0 |  1888000 |   388000 |   750503483 |  22508127013 |         0 |      0 |  1402385470 |       0 |      0 |         0 
 101713 Thread 40 - PartitionProcessorThre...694-a8ec-9c5c49d0014a-2-1 |  1883000 |   377000 |   746270901 |  22351311939 |         0 |      0 |  1403038062 |       0 |      0 |         0 
 101714 Thread 41 - PartitionProcessorThre...694-a8ec-9c5c49d0014a-2-2 |  1908000 |   367000 |   748446698 |  22498929689 |         0 |      0 |  1448026209 |       0 |      0 |         0 
 101715 Thread 42 - PartitionProcessorThre...694-a8ec-9c5c49d0014a-2-3 |  1916000 |   400000 |   762166983 |  22904900056 |         0 |      0 |  1499806450 |       0 |      0 |         0 
 101716 Thread 43 - PartitionProcessorThre...694-a8ec-9c5c49d0014a-2-4 |  1821000 |   423000 |   740470592 |  22192791868 |         0 |      0 |  1202865675 |       0 |      0 |         0 
 101717 Thread 44 - PartitionProcessorThre...694-a8ec-9c5c49d0014a-2-5 |  1877000 |   355000 |   736672671 |  22074371786 |         0 |      0 |  1632530666 |       0 |      0 |         0 
 101718 Thread 45 - PartitionProcessorThre...694-a8ec-9c5c49d0014a-2-6 |  1857000 |   369000 |   734235159 |  22014779443 |         0 |      0 |  1344805420 |       0 |      0 |         0 
 101719 Thread 46 - PartitionProcessorThre...694-a8ec-9c5c49d0014a-2-7 |  1879000 |   386000 |   746869417 |  22400602532 |         0 |      0 |  1346163179 |       0 |      0 |         0 
 101720 Thread 47 - PartitionProcessorThre...694-a8ec-9c5c49d0014a-2-8 |  1912000 |   392000 |   758603327 |  22786448153 |         0 |      0 |  1372070452 |       0 |      0 |         0 
 101721 Thread 48 - PartitionProcessorThre...694-a8ec-9c5c49d0014a-2-9 |  1889000 |   340000 |   735322889 |  22044749286 |         0 |      0 |  1411913294 |       0 |      0 |         0 
 101722 Thread 49 - PartitionProcessorThre...94-a8ec-9c5c49d0014a-2-10 |  1900000 |   390000 |   755639042 |  22648149818 |         0 |      0 |  1366688111 |       0 |      0 |         0 
 101723 Thread 50 - PartitionProcessorThre...94-a8ec-9c5c49d0014a-2-11 |  1890000 |   381000 |   748349964 |  22460224837 |         0 |      0 |  1411454453 |       0 |      0 |         0 
 101724 Thread 51 - PartitionProcessorThre...94-a8ec-9c5c49d0014a-2-12 |  1869000 |   393000 |   743615217 |  22371064290 |         0 |      0 |  1523698467 |       0 |      0 |         0 
 101725 Thread 52 - PartitionProcessorThre...94-a8ec-9c5c49d0014a-2-13 |  1799000 |   396000 |   721599081 |  21708128341 |         0 |      0 |  1224859038 |       0 |      0 |         0 
 101726 Thread 53 - PartitionProcessorThre...94-a8ec-9c5c49d0014a-2-14 |  1865000 |   374000 |   737150026 |  22143600435 |         0 |      0 |  1464534424 |       0 |      0 |         0 
 101727 Thread 54 - PartitionProcessorThre...94-a8ec-9c5c49d0014a-2-15 |  1893000 |   378000 |   749032464 |  22460273880 |         0 |      0 |  1361827037 |       0 |      0 |         0 
 101728 Thread 55 - PartitionProcessorThre...94-a8ec-9c5c49d0014a-2-16 |  1903000 |   393000 |   756445280 |  22707455806 |      1024 |      0 |  1235575613 | 1375139 |      0 |         0 
 101729 Thread 56 - PartitionProcessorThre...94-a8ec-9c5c49d0014a-2-17 |  1769000 |   350000 |   699168612 |  20957124505 |         0 |      0 |  1603363571 |       0 |      0 |         0 
 101730 Thread 57 - PartitionProcessorThre...94-a8ec-9c5c49d0014a-2-18 |  1795000 |   370000 |   713856659 |  21411589181 |         0 |      0 |  1426096075 |       0 |      0 |         0 
 101731 Thread 58 - PartitionProcessorThre...94-a8ec-9c5c49d0014a-2-19 |  1841000 |   387000 |   734530968 |  22035057286 |         0 |      0 |  1507488372 |       0 |      0 |         0 
 101732 Thread 59 - PartitionProcessorThre...694-a8ec-9c5c49d0014a-0-0 |  1815000 |   374000 |   722483194 |  21649094040 |         0 |      0 |  1555805439 |       0 |      0 |         0 
 101733 Thread 60 - PartitionProcessorThre...694-a8ec-9c5c49d0014a-0-1 |  1891000 |   346000 |   740636354 |  22123964392 |         0 |      0 |  1400087100 |       0 |      0 |         0 
 101734 Thread 61 - PartitionProcessorThre...694-a8ec-9c5c49d0014a-0-2 |  1864000 |   402000 |   749743280 |  22411067599 |         0 |      0 |  1471937616 |       0 |      0 |         0 
 101735 Thread 62 - PartitionProcessorThre...694-a8ec-9c5c49d0014a-0-3 |  1903000 |   393000 |   759687554 |  22707477548 |         0 |      0 |  1485986471 |       0 |      0 |         0 
 101736 Thread 63 - PartitionProcessorThre...694-a8ec-9c5c49d0014a-0-4 |  1964000 |   394000 |   780231639 |  23320376064 |      8192 |      0 |  1291795002 |       0 |      0 |         0 
 101737 Thread 64 - PartitionProcessorThre...694-a8ec-9c5c49d0014a-0-5 |  1816000 |   362000 |   720106612 |  21540469697 |         0 |      0 |  1518935403 |       0 |      0 |         0 
 101738 Thread 65 - PartitionProcessorThre...694-a8ec-9c5c49d0014a-0-6 |  1831000 |   363000 |   726344784 |  21699016505 |         0 |      0 |  1126159426 |       0 |      0 |         0 
 101739 Thread 66 - PartitionProcessorThre...694-a8ec-9c5c49d0014a-0-7 |  1835000 |   391000 |   736838647 |  22015043802 |         0 |      0 |  1538507161 |       0 |      0 |         0 
 101740 Thread 67 - PartitionProcessorThre...694-a8ec-9c5c49d0014a-0-8 |  1826000 |   363000 |   724866839 |  21649025911 |         0 |      0 |  1333259731 |   17382 |      0 |         0 
 101741 Thread 68 - PartitionProcessorThre...694-a8ec-9c5c49d0014a-0-9 |  1807000 |   388000 |   725822108 |  21708470966 |         0 |      0 |  1373766340 |   13279 |      0 |         0 
 101742 Thread 69 - PartitionProcessorThre...94-a8ec-9c5c49d0014a-0-10 |  1838000 |   372000 |   730986538 |  21857119587 |         0 |      0 |  1452942715 |   18418 |      0 |         0 
 101743 Thread 70 - PartitionProcessorThre...94-a8ec-9c5c49d0014a-0-11 |  1916000 |   379000 |   759227069 |  22697594567 |         0 |      0 |  1454418011 |       0 |      0 |         0 
 101744 Thread 71 - PartitionProcessorThre...94-a8ec-9c5c49d0014a-0-12 |  1917000 |   375000 |   756717847 |  22667403169 |         0 |      0 |  1592909570 |       0 |      0 |         0 
 101745 Thread 72 - PartitionProcessorThre...94-a8ec-9c5c49d0014a-0-13 |  1935000 |   384000 |   765707550 |  22934839329 |         0 |      0 |  1347432329 |       0 |      0 |         0 
 101746 Thread 73 - PartitionProcessorThre...94-a8ec-9c5c49d0014a-0-14 |  1869000 |   428000 |   759281608 |  22717236825 |         0 |      0 |  1354495693 |       0 |      0 |         0 
 101747 Thread 74 - PartitionProcessorThre...94-a8ec-9c5c49d0014a-0-15 |  1907000 |   380000 |   754776772 |  22618111587 |         0 |      0 |  1454447634 |       0 |      0 |         0 
 101748 Thread 75 - PartitionProcessorThre...94-a8ec-9c5c49d0014a-0-16 |  1951000 |   363000 |   764848327 |  22885530876 |         0 |      0 |  1568075641 |       0 |      0 |         0 
 101749 Thread 76 - PartitionProcessorThre...94-a8ec-9c5c49d0014a-0-17 |  1836000 |   357000 |   724621292 |  21688783853 |         0 |      0 |  1611343991 |       0 |      0 |         0 
 101750 Thread 77 - PartitionProcessorThre...94-a8ec-9c5c49d0014a-0-18 |  1887000 |   394000 |   752531370 |  22559065185 |         0 |      0 |  1623287400 |       0 |      0 |         0 
 101751 Thread 78 - PartitionProcessorThre...94-a8ec-9c5c49d0014a-0-19 |  1876000 |   412000 |   757635167 |  22628269255 |         0 |      0 |  1451769467 |       0 |      0 |         0 
 102365 Thread 79 - process reaper                                     |        0 |        0 |           0 |            0 |      1024 |      0 |       74153 |       0 |      0 |         0 
 102367 Thread 80 - Attach Listener                                    |   139000 |    90000 |    78888417 |   2270279144 |   4657152 | 126976 |     1249795 |       0 |      0 |         0 
