                                 Task                                  |  utime   |  stime   |     rss     |     vmem     |   read    | write  |    d:cpu    | d:bio  | d:swap | d:reclaim 
 104817 Thread 1 - main                                                |  1049000 |   106000 |    79764107 |   8167255571 |  15109120 |   1024 |     8103217 |      0 |      0 |         0 
 104824 Thread 2 - Reference Handler                                   |     1000 |     1000 |      108730 |     13721253 |         0 |      0 |      299191 |      0 |      0 |         0 
 104825 Thread 3 - Finalizer                                           |        0 |     1000 |       16886 |      6212687 |      5120 |      0 |       30437 |      0 |      0 |         0 
 104826 Thread 4 - Signal Dispatcher                                   |        0 |        0 |           0 |            0 |         0 |      0 |      122053 |      0 |      0 |         0 
 104832 Thread 11 - Common-Cleaner                                     |     1000 |        0 |       24445 |      6768882 |         0 |      0 |      341114 |      0 |      0 |         0 
 104838 Thread 13 - RMI Scheduler(0)                                   |        0 |     2000 |      479835 |     16868285 |      1024 |      0 |       28727 |      0 |      0 |         0 
 104844 Thread 14 - RMI RenewClean-[10.231.182.152:33760]              |     2000 |        0 |      170328 |     14875023 |         0 |      0 |           0 |      0 |      0 |         0 
 104845 Thread 15 - RMI GC Daemon                                      |     1000 |        0 |       82132 |      7437511 |         0 |      0 |      205262 |      0 |      0 |         0 
 104847 Thread 16 - logging-metrics-publisher                          |   209000 |    20000 |    80749565 |   2263626714 |     17408 | 323584 |   191684856 |      0 |      0 |         0 
 104849 Thread 17 - DecatonSubscriptionThread-decaton-benchmark        | 27144000 | 35926000 | 25302202657 | 622650327334 | 623766528 | 103424 | 18912890989 | 303810 |      0 |         0 
 104852 Thread 18 - kafka-coordinator-hear...hread | decaton-benchmark |   229000 |    50000 |   109612136 |   2751550675 |   6714368 |   5120 |    19090126 | 555276 |      0 |         0 
 104857 Thread 19 - PartitionProcessorThre...fe0-ad18-a0937b42e594-1-0 |  1985000 |   387000 |   951630460 |  23442296610 |     33792 |      0 |  1369484216 |      0 |      0 |         0 
 104858 Thread 20 - PartitionProcessorThre...fe0-ad18-a0937b42e594-1-1 |  2048000 |   472000 |  1015205565 |  24920968602 |         0 |      0 |  1506620805 |      0 |      0 |         0 
 104859 Thread 21 - PartitionProcessorThre...fe0-ad18-a0937b42e594-1-2 |  2047000 |   413000 |   989474354 |  24328312895 |         0 |      0 |  1376189921 |      0 |      0 |         0 
 104860 Thread 22 - PartitionProcessorThre...fe0-ad18-a0937b42e594-1-3 |  2030000 |   397000 |   978577112 |  23995452634 |      2048 |      0 |  1534461425 |      0 |      0 |         0 
 104861 Thread 23 - PartitionProcessorThre...fe0-ad18-a0937b42e594-1-4 |  1945000 |   400000 |   942889026 |  23188432560 |      4096 |      0 |  1598695513 |      0 |      0 |         0 
 104862 Thread 24 - PartitionProcessorThre...fe0-ad18-a0937b42e594-1-5 |  1965000 |   400000 |   952725690 |  23386479177 |         0 |      0 |  1457354677 |      0 |      0 |         0 
 104863 Thread 25 - PartitionProcessorThre...fe0-ad18-a0937b42e594-1-6 |  1983000 |   411000 |   966750468 |  23674631188 |      8192 |      0 |  1678131179 |      0 |      0 |         0 
 104864 Thread 26 - PartitionProcessorThre...fe0-ad18-a0937b42e594-1-7 |  2022000 |   392000 |   972788104 |  23868205403 |         0 |      0 |  1539673113 |      0 |      0 |         0 
 104865 Thread 27 - PartitionProcessorThre...fe0-ad18-a0937b42e594-1-8 |  2096000 |   415000 |  1012837303 |  24829097427 |      3072 |      0 |  1648127413 |      0 |      0 |         0 
 104866 Thread 28 - PartitionProcessorThre...fe0-ad18-a0937b42e594-1-9 |  2056000 |   431000 |  1002654827 |  24591386388 |         0 |      0 |  1673139019 |      0 |      0 |         0 
 104867 Thread 29 - PartitionProcessorThre...e0-ad18-a0937b42e594-1-10 |  2046000 |   418000 |   991138889 |  24365702259 |         0 |      0 |  1587562051 |      0 |      0 |         0 
 104868 Thread 30 - PartitionProcessorThre...e0-ad18-a0937b42e594-1-11 |  2092000 |   429000 |  1015116698 |  24931669763 |         0 |      0 |  1427137408 |      0 |      0 |         0 
 104869 Thread 31 - PartitionProcessorThre...e0-ad18-a0937b42e594-1-12 |  2004000 |   410000 |   973271061 |  23872120560 |         0 |      0 |  1513528109 |      0 |      0 |         0 
 104870 Thread 32 - PartitionProcessorThre...e0-ad18-a0937b42e594-1-13 |  1971000 |   408000 |   961387706 |  23528834243 |         0 |      0 |  1304864119 |      0 |      0 |         0 
 104871 Thread 33 - PartitionProcessorThre...e0-ad18-a0937b42e594-1-14 |  1956000 |   430000 |   959054686 |  23596678458 |         0 |      0 |  1202213506 |      0 |      0 |         0 
 104872 Thread 34 - PartitionProcessorThre...e0-ad18-a0937b42e594-1-15 |  2072000 |   425000 |  1001799081 |  24688860665 |         0 |      0 |  1507918056 |      0 |      0 |         0 
 104873 Thread 35 - PartitionProcessorThre...e0-ad18-a0937b42e594-1-16 |  2018000 |   410000 |   976031042 |  24013376966 |         0 |      0 |  1467605263 |      0 |      0 |         0 
 104874 Thread 36 - PartitionProcessorThre...e0-ad18-a0937b42e594-1-17 |  2107000 |   437000 |  1022974112 |  25157110473 |         0 |      0 |  1392138890 |      0 |      0 |         0 
 104875 Thread 37 - PartitionProcessorThre...e0-ad18-a0937b42e594-1-18 |  2028000 |   418000 |   985381206 |  24187799989 |         0 |      0 |  1337628885 |      0 |      0 |         0 
 104876 Thread 38 - PartitionProcessorThre...e0-ad18-a0937b42e594-1-19 |  2017000 |   401000 |   973385999 |  23908095286 |         0 |      0 |  1496730084 |      0 |      0 |         0 
 104879 Thread 39 - PartitionProcessorThre...fe0-ad18-a0937b42e594-0-0 |  2060000 |   421000 |   989322362 |  24538650060 |         0 |      0 |  1314536234 |      0 |      0 |         0 
 104880 Thread 40 - PartitionProcessorThre...fe0-ad18-a0937b42e594-0-1 |  2015000 |   419000 |   971564890 |  24076366923 |         0 |      0 |  1550129819 |      0 |      0 |         0 
 104881 Thread 41 - PartitionProcessorThre...fe0-ad18-a0937b42e594-0-2 |  2004000 |   417000 |   960524819 |  23946627817 |      1024 |      0 |  1583085050 |      0 |      0 |         0 
 104882 Thread 42 - PartitionProcessorThre...fe0-ad18-a0937b42e594-0-3 |  2073000 |   431000 |  1000956851 |  24768187239 |         0 |      0 |  1455530844 |      0 |      0 |         0 
 104883 Thread 43 - PartitionProcessorThre...fe0-ad18-a0937b42e594-0-4 |  2076000 |   442000 |  1002356417 |  24906909024 |         0 |      0 |  1525509085 |      0 |      0 |         0 
 104884 Thread 44 - PartitionProcessorThre...fe0-ad18-a0937b42e594-0-5 |  2059000 |   402000 |   983008480 |  24343283493 |         0 |      0 |  1591653511 |      0 |      0 |         0 
 104885 Thread 45 - PartitionProcessorThre...fe0-ad18-a0937b42e594-0-6 |  2103000 |   445000 |  1021680608 |  25204570642 |         0 |      0 |  1377449748 |      0 |      0 |         0 
 104886 Thread 46 - PartitionProcessorThre...fe0-ad18-a0937b42e594-0-7 |  2104000 |   418000 |  1004262495 |  24947158337 |         0 |      0 |  1670986919 |      0 |      0 |         0 
 104887 Thread 47 - PartitionProcessorThre...fe0-ad18-a0937b42e594-0-8 |  2153000 |   408000 |  1024764690 |  25333467470 |         0 |      0 |  1449181671 |      0 |      0 |         0 
 104888 Thread 48 - PartitionProcessorThre...fe0-ad18-a0937b42e594-0-9 |  2045000 |   439000 |   989541749 |  24570581825 |         0 |      0 |  1458146950 |      0 |      0 |         0 
 104889 Thread 49 - PartitionProcessorThre...e0-ad18-a0937b42e594-0-10 |  2058000 |   428000 |   995622374 |  24591295575 |         0 |      0 |  1453109226 |      0 |      0 |         0 
 104890 Thread 50 - PartitionProcessorThre...e0-ad18-a0937b42e594-0-11 |  2009000 |   398000 |   961641296 |  23808503368 |         0 |      0 |  1368005066 |      0 |      0 |         0 
 104891 Thread 51 - PartitionProcessorThre...e0-ad18-a0937b42e594-0-12 |  2049000 |   390000 |   974349452 |  24125763923 |         0 |      0 |  1307293058 |      0 |      0 |         0 
 104892 Thread 52 - PartitionProcessorThre...e0-ad18-a0937b42e594-0-13 |  2039000 |   428000 |   987966257 |  24403656833 |      1024 |      0 |  1383538228 |      0 |      0 |         0 
 104893 Thread 53 - PartitionProcessorThre...e0-ad18-a0937b42e594-0-14 |  2020000 |   421000 |   975386784 |  24145822091 |         0 |      0 |  1663969585 |      0 |      0 |         0 
 104894 Thread 54 - PartitionProcessorThre...e0-ad18-a0937b42e594-0-15 |  1981000 |   421000 |   962169335 |  23760978814 |         0 |      0 |  1302749593 |      0 |      0 |         0 
 104895 Thread 55 - PartitionProcessorThre...e0-ad18-a0937b42e594-0-16 |  2005000 |   421000 |   969206601 |  23997991712 |         0 |      0 |  1587608953 |      0 |      0 |         0 
 104896 Thread 56 - PartitionProcessorThre...e0-ad18-a0937b42e594-0-17 |  2060000 |   438000 |  1000207636 |  24710252001 |         0 |      0 |  1350043232 |      0 |      0 |         0 
 104897 Thread 57 - PartitionProcessorThre...e0-ad18-a0937b42e594-0-18 |  2032000 |   424000 |   982005855 |  24293841134 |         0 |      0 |  1473248031 |      0 |      0 |         0 
 104898 Thread 58 - PartitionProcessorThre...e0-ad18-a0937b42e594-0-19 |  2057000 |   439000 |   999706159 |  24689083591 |         0 |      0 |  1545853757 |      0 |      0 |         0 
 104900 Thread 59 - PartitionProcessorThre...fe0-ad18-a0937b42e594-2-0 |  2072000 |   390000 |   992279151 |  24354455415 |         0 |      0 |  1225425789 |      0 |      0 |         0 
 104901 Thread 60 - PartitionProcessorThre...fe0-ad18-a0937b42e594-2-1 |  2029000 |   388000 |   972577866 |  23908598313 |         0 |      0 |  1517650195 |      0 |      0 |         0 
 104902 Thread 61 - PartitionProcessorThre...fe0-ad18-a0937b42e594-2-2 |  2088000 |   423000 |  1014525007 |  24838515942 |         0 |      0 |  1441816527 |      0 |      0 |         0 
 104903 Thread 62 - PartitionProcessorThre...fe0-ad18-a0937b42e594-2-3 |  2037000 |   387000 |   977907882 |  23977662919 |         0 |      0 |  1457088848 |      0 |      0 |         0 
 104904 Thread 63 - PartitionProcessorThre...fe0-ad18-a0937b42e594-2-4 |  2142000 |   430000 |  1037505432 |  25442529626 |         0 |      0 |  1456480450 |      0 |      0 |         0 
 104905 Thread 64 - PartitionProcessorThre...fe0-ad18-a0937b42e594-2-5 |  2006000 |   448000 |   993848964 |  24275962595 |         0 |      0 |  1656703114 |      0 |      0 |         0 
 104906 Thread 65 - PartitionProcessorThre...fe0-ad18-a0937b42e594-2-6 |  2022000 |   424000 |   987383061 |  24196810036 |         0 |      0 |  1585293432 |      0 |      0 |         0 
 104907 Thread 66 - PartitionProcessorThre...fe0-ad18-a0937b42e594-2-7 |  2129000 |   411000 |  1025450643 |  25126124161 |         0 |      0 |  1579909104 |      0 |      0 |         0 
 104908 Thread 67 - PartitionProcessorThre...fe0-ad18-a0937b42e594-2-8 |  2097000 |   460000 |  1031434850 |  25294735395 |         0 |      0 |  1495082540 |      0 |      0 |         0 
 104909 Thread 68 - PartitionProcessorThre...fe0-ad18-a0937b42e594-2-9 |  2072000 |   433000 |  1010693749 |  24779596821 |         0 |      0 |  1407766454 |      0 |      0 |         0 
 104910 Thread 69 - PartitionProcessorThre...e0-ad18-a0937b42e594-2-10 |  2045000 |   426000 |   997341932 |  24443822786 |         0 |      0 |  1573730439 |      0 |      0 |         0 
 104911 Thread 70 - PartitionProcessorThre...e0-ad18-a0937b42e594-2-11 |  1988000 |   434000 |   978332878 |  23959302165 |         0 |      0 |  1463606929 |      0 |      0 |         0 
 104912 Thread 71 - PartitionProcessorThre...e0-ad18-a0937b42e594-2-12 |  2056000 |   445000 |  1004190378 |  24740522227 |         0 |      0 |  1394292925 |      0 |      0 |         0 
 104913 Thread 72 - PartitionProcessorThre...e0-ad18-a0937b42e594-2-13 |  2065000 |   455000 |  1016281686 |  24928511145 |         0 |      0 |  1525523732 |      0 |      0 |         0 
 104914 Thread 73 - PartitionProcessorThre...e0-ad18-a0937b42e594-2-14 |  2056000 |   454000 |  1014225667 |  24829525501 |         0 |      0 |  1547044120 |      0 |      0 |         0 
 104915 Thread 74 - PartitionProcessorThre...e0-ad18-a0937b42e594-2-15 |  2135000 |   411000 |  1026195225 |  25184932044 |         0 |      0 |  1347853610 |      0 |      0 |         0 
 104916 Thread 75 - PartitionProcessorThre...e0-ad18-a0937b42e594-2-16 |  2040000 |   425000 |   993176347 |  24383834200 |         0 |      0 |  1383466398 |      0 |      0 |         0 
 104917 Thread 76 - PartitionProcessorThre...e0-ad18-a0937b42e594-2-17 |  2014000 |   414000 |   979947804 |  24018084771 |         0 |      0 |  1719016876 |      0 |      0 |         0 
 104918 Thread 77 - PartitionProcessorThre...e0-ad18-a0937b42e594-2-18 |  2058000 |   450000 |  1009730217 |  24809894481 |         0 |      0 |  1422527173 |      0 |      0 |         0 
 104919 Thread 78 - PartitionProcessorThre...e0-ad18-a0937b42e594-2-19 |  1957000 |   423000 |   960175644 |  23543195669 |         0 |      0 |  1449794978 |      0 |      0 |         0 
 105363 Thread 79 - process reaper                                     |        0 |     1000 |      417218 |      9919164 |      1024 |      0 |       20933 |      0 |      0 |         0 
 105365 Thread 80 - Attach Listener                                    |   119000 |   107000 |    93596769 |   2240495859 |   4657152 | 195584 |     1032678 |      0 |      0 |         0 
