                                 Task                                 |  utime   |  stime   |     rss     |     vmem     |   read    | write  |    d:cpu    | d:bio  | d:swap | d:reclaim 
 26724 Thread 1 - main                                                |   813000 |   134000 |    63829935 |   7249264650 |  34526208 |   1024 |     3198002 |      0 |      0 |         0 
 26746 Thread 2 - Reference Handler                                   |     8000 |        0 |      895828 |     66484945 |         0 |      0 |       39572 |      0 |      0 |         0 
 26747 Thread 3 - Finalizer                                           |     7000 |        0 |      727199 |     56725078 |     13312 |      0 |      773300 |      0 |      0 |         0 
 26748 Thread 4 - Surrogate Locker Thread (Concurrent GC)             |        0 |     1000 |      104503 |      7966628 |         0 |      0 |           0 |      0 |      0 |         0 
 26749 Thread 5 - Signal Dispatcher                                   |     1000 |        0 |      304023 |      9760089 |         0 |      0 |           0 |      0 |      0 |         0 
 26757 Thread 12 - RMI Scheduler(0)                                   |        0 |     1000 |      299847 |      9759867 |      2048 |      0 |     1416167 |      0 |      0 |         0 
 26758 Thread 13 - RMI RenewClean-[10.231.182.152:38384]              |        0 |        0 |           0 |            0 |      1024 |      0 |           0 |      0 |      0 |         0 
 26759 Thread 14 - GC Daemon                                          |        0 |        0 |           0 |            0 |         0 |      0 |        4518 |      0 |      0 |         0 
 26761 Thread 15 - DecatonSubscriptionThread-decaton-benchmark        | 24065000 | 34647000 | 17604911970 | 572102064045 | 575227904 | 112640 | 14841546027 | 200926 |      0 |         0 
 26763 Thread 16 - kafka-coordinator-hear...hread | decaton-benchmark |   220000 |    28000 |    74274702 |   2415431327 |   4854784 |   5120 |    24840966 |  57033 |      0 |         0 
 26768 Thread 17 - PartitionProcessorThre...2e9-964a-45e5b4a0a3cd-1-0 |  1099000 |   383000 |   442059864 |  14463568549 |         0 |      0 |   923878556 |      0 |      0 |         0 
 26769 Thread 18 - PartitionProcessorThre...2e9-964a-45e5b4a0a3cd-1-1 |  1141000 |   434000 |   470934817 |  15365026533 |     34816 |      0 |  1069411566 |      0 |      0 |         0 
 26770 Thread 19 - PartitionProcessorThre...2e9-964a-45e5b4a0a3cd-1-2 |  1106000 |   420000 |   456889798 |  14891961065 |         0 |      0 |  1133866600 |      0 |      0 |         0 
 26771 Thread 20 - PartitionProcessorThre...2e9-964a-45e5b4a0a3cd-1-3 |  1131000 |   403000 |   454641270 |  14971300135 |  10831872 |      0 |   884173673 |      0 |      0 |         0 
 26772 Thread 21 - PartitionProcessorThre...2e9-964a-45e5b4a0a3cd-1-4 |  1118000 |   416000 |   459543540 |  14969997783 |         0 |      0 |  1038006916 |      0 |      0 |         0 
 26773 Thread 22 - PartitionProcessorThre...2e9-964a-45e5b4a0a3cd-1-5 |  1193000 |   363000 |   464380180 |  15185644010 |         0 |      0 |   990611080 |      0 |      0 |         0 
 26774 Thread 23 - PartitionProcessorThre...2e9-964a-45e5b4a0a3cd-1-6 |  1136000 |   372000 |   450038516 |  14712572463 |      3072 |      0 |  1155680156 |      0 |      0 |         0 
 26775 Thread 24 - PartitionProcessorThre...2e9-964a-45e5b4a0a3cd-1-7 |  1131000 |   372000 |   447694427 |  14665560463 |         0 |      0 |  1060332703 |      0 |      0 |         0 
 26776 Thread 25 - PartitionProcessorThre...2e9-964a-45e5b4a0a3cd-1-8 |  1186000 |   403000 |   474097407 |  15507969314 |         0 |      0 |  1151482093 |      0 |      0 |         0 
 26777 Thread 26 - PartitionProcessorThre...2e9-964a-45e5b4a0a3cd-1-9 |  1143000 |   416000 |   465088290 |  15213191291 |      1024 |      0 |  1025650844 |      0 |      0 |         0 
 26778 Thread 27 - PartitionProcessorThre...e9-964a-45e5b4a0a3cd-1-10 |  1147000 |   411000 |   464139762 |  15206326408 |         0 |      0 |   908916121 |      0 |      0 |         0 
 26779 Thread 28 - PartitionProcessorThre...e9-964a-45e5b4a0a3cd-1-11 |  1156000 |   415000 |   471051133 |  15332839361 |         0 |      0 |  1034068374 |      0 |      0 |         0 
 26780 Thread 29 - PartitionProcessorThre...e9-964a-45e5b4a0a3cd-1-12 |  1110000 |   356000 |   437544962 |  14306140893 |      3072 |      0 |  1013390467 |      0 |      0 |         0 
 26781 Thread 30 - PartitionProcessorThre...e9-964a-45e5b4a0a3cd-1-13 |  1140000 |   384000 |   454625887 |  14872497908 |         0 |      0 |   952779653 |      0 |      0 |         0 
 26782 Thread 31 - PartitionProcessorThre...e9-964a-45e5b4a0a3cd-1-14 |  1151000 |   403000 |   465133973 |  15166547088 |         0 |      0 |  1029953376 |      0 |      0 |         0 
 26783 Thread 32 - PartitionProcessorThre...e9-964a-45e5b4a0a3cd-1-15 |  1090000 |   427000 |   452464618 |  14804677322 |         0 |      0 |  1006767728 |      0 |      0 |         0 
 26784 Thread 33 - PartitionProcessorThre...e9-964a-45e5b4a0a3cd-1-16 |  1102000 |   401000 |   448890466 |  14668555393 |         0 |      0 |   999555487 |      0 |      0 |         0 
 26785 Thread 34 - PartitionProcessorThre...e9-964a-45e5b4a0a3cd-1-17 |  1121000 |   380000 |   449764196 |  14648363393 |         0 |      0 |  1169398583 |      0 |      0 |         0 
 26786 Thread 35 - PartitionProcessorThre...e9-964a-45e5b4a0a3cd-1-18 |  1163000 |   361000 |   454029177 |  14872731877 |         0 |      0 |  1051790442 |      0 |      0 |         0 
 26787 Thread 36 - PartitionProcessorThre...e9-964a-45e5b4a0a3cd-1-19 |  1144000 |   402000 |   462400427 |  15089266838 |         0 |      0 |  1064114683 |      0 |      0 |         0 
 26788 Thread 37 - PartitionProcessorThre...2e9-964a-45e5b4a0a3cd-2-0 |  1061000 |   370000 |   431580243 |  13966963413 |         0 |      0 |   988032599 |      0 |      0 |         0 
 26789 Thread 38 - PartitionProcessorThre...2e9-964a-45e5b4a0a3cd-2-1 |  1081000 |   416000 |   450642028 |  14611064990 |         0 |      0 |   938610790 |      0 |      0 |         0 
 26790 Thread 39 - PartitionProcessorThre...2e9-964a-45e5b4a0a3cd-2-2 |  1101000 |   398000 |   451615012 |  14630729737 |         0 |      0 |   953977150 |      0 |      0 |         0 
 26791 Thread 40 - PartitionProcessorThre...2e9-964a-45e5b4a0a3cd-2-3 |  1144000 |   389000 |   460204223 |  14962814912 |         0 |      0 |   931295964 |      0 |      0 |         0 
 26792 Thread 41 - PartitionProcessorThre...2e9-964a-45e5b4a0a3cd-2-4 |  1062000 |   367000 |   429737220 |  13947403057 |         0 |      0 |  1008645098 |      0 |      0 |         0 
 26793 Thread 42 - PartitionProcessorThre...2e9-964a-45e5b4a0a3cd-2-5 |  1082000 |   396000 |   444485485 |  14425906315 |         0 |      0 |   967128078 |      0 |      0 |         0 
 26794 Thread 43 - PartitionProcessorThre...2e9-964a-45e5b4a0a3cd-2-6 |  1090000 |   379000 |   441186466 |  14337774744 |         0 |      0 |  1038230577 |      0 |      0 |         0 
 26795 Thread 44 - PartitionProcessorThre...2e9-964a-45e5b4a0a3cd-2-7 |  1056000 |   373000 |   430420595 |  13947704034 |         0 |      0 |  1039742183 |      0 |      0 |         0 
 26796 Thread 45 - PartitionProcessorThre...2e9-964a-45e5b4a0a3cd-2-8 |  1101000 |   376000 |   445391442 |  14416115237 |         0 |      0 |  1023891125 |      0 |      0 |         0 
 26797 Thread 46 - PartitionProcessorThre...2e9-964a-45e5b4a0a3cd-2-9 |  1111000 |   392000 |   451314962 |  14669840572 |         0 |      0 |   988988440 |      0 |      0 |         0 
 26798 Thread 47 - PartitionProcessorThre...e9-964a-45e5b4a0a3cd-2-10 |  1133000 |   415000 |   465940829 |  15108880639 |         0 |      0 |  1034033884 |      0 |      0 |         0 
 26799 Thread 48 - PartitionProcessorThre...e9-964a-45e5b4a0a3cd-2-11 |  1112000 |   403000 |   457020262 |  14787135111 |         0 |      0 |  1008208202 |      0 |      0 |         0 
 26800 Thread 49 - PartitionProcessorThre...e9-964a-45e5b4a0a3cd-2-12 |  1106000 |   372000 |   445235856 |  14425792604 |         0 |      0 |   832849787 |      0 |      0 |         0 
 26801 Thread 50 - PartitionProcessorThre...e9-964a-45e5b4a0a3cd-2-13 |  1180000 |   358000 |   463000368 |  15011618174 |         0 |      0 |  1074255475 |      0 |      0 |         0 
 26802 Thread 51 - PartitionProcessorThre...e9-964a-45e5b4a0a3cd-2-14 |  1115000 |   393000 |   453530259 |  14718753619 |         0 |      0 |  1164171369 |      0 |      0 |         0 
 26803 Thread 52 - PartitionProcessorThre...e9-964a-45e5b4a0a3cd-2-15 |  1060000 |   370000 |   430197020 |  13957370268 |         0 |      0 |   876392743 |      0 |      0 |         0 
 26804 Thread 53 - PartitionProcessorThre...e9-964a-45e5b4a0a3cd-2-16 |  1074000 |   384000 |   438949563 |  14230490494 |      1024 |      0 |  1042991319 |      0 |      0 |         0 
 26805 Thread 54 - PartitionProcessorThre...e9-964a-45e5b4a0a3cd-2-17 |  1048000 |   402000 |   436730903 |  14152505190 |         0 |      0 |  1076074031 |      0 |      0 |         0 
 26806 Thread 55 - PartitionProcessorThre...e9-964a-45e5b4a0a3cd-2-18 |  1104000 |   412000 |   456806825 |  14796729979 |         0 |      0 |  1016672870 |      0 |      0 |         0 
 26807 Thread 56 - PartitionProcessorThre...e9-964a-45e5b4a0a3cd-2-19 |  1054000 |   345000 |   421378892 |  13654856729 |         0 |      0 |   971387654 |      0 |      0 |         0 
 26808 Thread 57 - PartitionProcessorThre...2e9-964a-45e5b4a0a3cd-0-0 |  1115000 |   387000 |   453101977 |  14660036072 |         0 |      0 |  1108328780 |      0 |      0 |         0 
 26809 Thread 58 - PartitionProcessorThre...2e9-964a-45e5b4a0a3cd-0-1 |  1106000 |   377000 |   447500481 |  14474413619 |         0 |      0 |  1117583707 |      0 |      0 |         0 
 26810 Thread 59 - PartitionProcessorThre...2e9-964a-45e5b4a0a3cd-0-2 |  1054000 |   410000 |   442739423 |  14289354127 |         0 |      0 |  1120096446 |      0 |      0 |         0 
 26811 Thread 60 - PartitionProcessorThre...2e9-964a-45e5b4a0a3cd-0-3 |  1138000 |   420000 |   470482981 |  15206703143 |         0 |      0 |  1130894441 |      0 |      0 |         0 
 26812 Thread 61 - PartitionProcessorThre...2e9-964a-45e5b4a0a3cd-0-4 |  1097000 |   408000 |   454763516 |  14689415033 |         0 |      0 |  1114469438 |      0 |      0 |         0 
 26813 Thread 62 - PartitionProcessorThre...2e9-964a-45e5b4a0a3cd-0-5 |  1121000 |   378000 |   453003348 |  14630815022 |         0 |      0 |   891065382 |      0 |      0 |         0 
 26814 Thread 63 - PartitionProcessorThre...2e9-964a-45e5b4a0a3cd-0-6 |  1091000 |   384000 |   445751317 |  14396433201 |         0 |      0 |   954375712 |      0 |      0 |         0 
 26815 Thread 64 - PartitionProcessorThre...2e9-964a-45e5b4a0a3cd-0-7 |  1084000 |   371000 |   439901177 |  14201234424 |         0 |      0 |  1051702329 |      0 |      0 |         0 
 26816 Thread 65 - PartitionProcessorThre...2e9-964a-45e5b4a0a3cd-0-8 |  1066000 |   387000 |   438967669 |  14181830319 |         0 |      0 |   972822180 |      0 |      0 |         0 
 26817 Thread 66 - PartitionProcessorThre...2e9-964a-45e5b4a0a3cd-0-9 |  1036000 |   387000 |   429894216 |  13888885647 |         0 |      0 |   966161033 |      0 |      0 |         0 
 26818 Thread 67 - PartitionProcessorThre...e9-964a-45e5b4a0a3cd-0-10 |  1105000 |   376000 |   447623829 |  14455228170 |         0 |      0 |   993208082 |      0 |      0 |         0 
 26819 Thread 68 - PartitionProcessorThre...e9-964a-45e5b4a0a3cd-0-11 |  1162000 |   385000 |   467460790 |  15099388439 |         0 |      0 |   818534722 |      0 |      0 |         0 
 26820 Thread 69 - PartitionProcessorThre...e9-964a-45e5b4a0a3cd-0-12 |  1134000 |   387000 |   458935755 |  14845507049 |         0 |      0 |   805589852 |      0 |      0 |         0 
 26821 Thread 70 - PartitionProcessorThre...e9-964a-45e5b4a0a3cd-0-13 |  1089000 |   402000 |   449931130 |  14552462615 |         0 |      0 |  1115939816 |      0 |      0 |         0 
 26822 Thread 71 - PartitionProcessorThre...e9-964a-45e5b4a0a3cd-0-14 |  1084000 |   410000 |   451289321 |  14581808279 |         0 |      0 |  1043464663 |      0 |      0 |         0 
 26823 Thread 72 - PartitionProcessorThre...e9-964a-45e5b4a0a3cd-0-15 |  1117000 |   358000 |   446203641 |  14396684666 |         0 |      0 |   880219056 |      0 |      0 |         0 
 26824 Thread 73 - PartitionProcessorThre...e9-964a-45e5b4a0a3cd-0-16 |  1104000 |   391000 |   452043759 |  14591875346 |         0 |      0 |  1033881783 |      0 |      0 |         0 
 26825 Thread 74 - PartitionProcessorThre...e9-964a-45e5b4a0a3cd-0-17 |  1179000 |   395000 |   475859633 |  15362783240 |         0 |      0 |   968774905 |      0 |      0 |         0 
 26826 Thread 75 - PartitionProcessorThre...e9-964a-45e5b4a0a3cd-0-18 |  1124000 |   422000 |   467344544 |  15089691850 |         0 |      0 |   979225347 |      0 |      0 |         0 
 26827 Thread 76 - PartitionProcessorThre...e9-964a-45e5b4a0a3cd-0-19 |  1053000 |   416000 |   443392501 |  14337964381 |         0 |      0 |  1128442531 |      0 |      0 |         0 
 27299 Thread 77 - process reaper                                     |     1000 |        0 |      308937 |      9791078 |         0 |      0 |           0 |      0 |      0 |         0 
 27304 Thread 78 - Attach Listener                                    |   447000 |    96000 |   166223909 |   5308709229 |   4874240 | 133120 |      889950 |      0 |      0 |         0 
