                                Task                                 |  utime   |  stime   |     rss     |     vmem     |   read    | write  |    d:cpu    |  d:bio  | d:swap | d:reclaim 
 6617 Thread 1 - main                                                |   848000 |   180000 |    67799794 |   7900762283 |  34323456 |   1024 |     9651408 |       0 |      0 |         0 
 6639 Thread 2 - Reference Handler                                   |     7000 |     1000 |      844496 |     63469863 |         0 |      0 |     1466509 |       0 |      0 |         0 
 6640 Thread 3 - Finalizer                                           |     7000 |        0 |      619406 |     55537363 |     13312 |      0 |     1167021 |       0 |      0 |         0 
 6641 Thread 4 - Surrogate Locker Thread (Concurrent GC)             |        0 |     1000 |       26679 |      7227285 |         0 |      0 |           0 |       0 |      0 |         0 
 6642 Thread 5 - Signal Dispatcher                                   |        0 |        0 |           0 |            0 |         0 |      0 |           0 |       0 |      0 |         0 
 6651 Thread 12 - RMI Scheduler(0)                                   |     3000 |        0 |      641277 |     27278308 |      4096 |      0 |      106568 |       0 |      0 |         0 
 6652 Thread 13 - RMI RenewClean-[10.231.182.152:36956]              |        0 |        0 |           0 |            0 |      1024 |      0 |        8986 |       0 |      0 |         0 
 6653 Thread 14 - GC Daemon                                          |        0 |        0 |           0 |            0 |         0 |      0 |           0 |       0 |      0 |         0 
 6655 Thread 15 - DecatonSubscriptionThread-decaton-benchmark        | 28518000 | 34285000 | 17612685825 | 612072440842 | 622986240 | 128000 | 20509157601 | 9748422 |      0 |         0 
 6658 Thread 16 - kafka-coordinator-hear...hread | decaton-benchmark |   212000 |    45000 |    70710753 |   2497861354 |   8023040 |   5120 |    23496833 |  232037 |      0 |         0 
 6662 Thread 17 - PartitionProcessorThre...887-b62c-969c921550d6-2-0 |  1504000 |   452000 |   547180852 |  19074494862 |     34816 |      0 |  1771776477 |       0 |      0 |         0 
 6663 Thread 18 - PartitionProcessorThre...887-b62c-969c921550d6-2-1 |  1509000 |   465000 |   553536485 |  19253273144 |         0 |      0 |  1796371682 |       0 |      0 |         0 
 6664 Thread 19 - PartitionProcessorThre...887-b62c-969c921550d6-2-2 |  1552000 |   444000 |   558645934 |  19461039714 |      7168 |      0 |  1909340854 |       0 |      0 |         0 
 6665 Thread 20 - PartitionProcessorThre...887-b62c-969c921550d6-2-3 |  1545000 |   481000 |   566985731 |  19762128909 |         0 |      0 |  1715855573 |       0 |      0 |         0 
 6666 Thread 21 - PartitionProcessorThre...887-b62c-969c921550d6-2-4 |  1495000 |   500000 |   558734297 |  19464207542 |         0 |      0 |  1705856677 |       0 |      0 |         0 
 6667 Thread 22 - PartitionProcessorThre...887-b62c-969c921550d6-2-5 |  1444000 |   449000 |   529223317 |  18466871816 |         0 |      0 |  1782436173 |       0 |      0 |         0 
 6668 Thread 23 - PartitionProcessorThre...887-b62c-969c921550d6-2-6 |  1497000 |   452000 |   544569246 |  19009148195 |         0 |      0 |  1835267549 |       0 |      0 |         0 
 6669 Thread 24 - PartitionProcessorThre...887-b62c-969c921550d6-2-7 |  1501000 |   467000 |   549097125 |  19200414417 |         0 |      0 |  2003045271 |       0 |      0 |         0 
 6670 Thread 25 - PartitionProcessorThre...887-b62c-969c921550d6-2-8 |  1388000 |   477000 |   520768516 |  18192263195 |         0 |      0 |  1876226434 |       0 |      0 |         0 
 6671 Thread 26 - PartitionProcessorThre...887-b62c-969c921550d6-2-9 |  1469000 |   478000 |   544223024 |  18992603773 |         0 |      0 |  1778042652 |       0 |      0 |         0 
 6672 Thread 27 - PartitionProcessorThre...87-b62c-969c921550d6-2-10 |  1473000 |   445000 |   536599887 |  18711663441 |         0 |      0 |  1764897095 |       0 |      0 |         0 
 6673 Thread 28 - PartitionProcessorThre...87-b62c-969c921550d6-2-11 |  1475000 |   466000 |   540202532 |  18931251648 |         0 |      0 |  1777820459 |       0 |      0 |         0 
 6674 Thread 29 - PartitionProcessorThre...87-b62c-969c921550d6-2-12 |  1529000 |   498000 |   564030036 |  19768715636 |         0 |      0 |  1920755964 |  638810 |      0 |         0 
 6675 Thread 30 - PartitionProcessorThre...87-b62c-969c921550d6-2-13 |  1471000 |   463000 |   538051063 |  18861520824 |         0 |      0 |  1767371719 |       0 |      0 |         0 
 6676 Thread 31 - PartitionProcessorThre...87-b62c-969c921550d6-2-14 |  1496000 |   490000 |   554650235 |  19374639847 |         0 |      0 |  1766704971 |       0 |      0 |         0 
 6677 Thread 32 - PartitionProcessorThre...87-b62c-969c921550d6-2-15 |  1465000 |   461000 |   539672161 |  18791050648 |         0 |      0 |  1716661350 |       0 |      0 |         0 
 6678 Thread 33 - PartitionProcessorThre...87-b62c-969c921550d6-2-16 |  1491000 |   462000 |   547546012 |  19054466366 |         0 |      0 |  1717546440 |       0 |      0 |         0 
 6679 Thread 34 - PartitionProcessorThre...87-b62c-969c921550d6-2-17 |  1496000 |   450000 |   545047743 |  18986861605 |         0 |      0 |  1709504645 |       0 |      0 |         0 
 6680 Thread 35 - PartitionProcessorThre...87-b62c-969c921550d6-2-18 |  1529000 |   491000 |   565928414 |  19709120112 |         0 |      0 |  1641300904 |       0 |      0 |         0 
 6681 Thread 36 - PartitionProcessorThre...87-b62c-969c921550d6-2-19 |  1557000 |   501000 |   575855469 |  20078810753 |         0 |      0 |  1888361226 |       0 |      0 |         0 
 6682 Thread 37 - PartitionProcessorThre...887-b62c-969c921550d6-1-0 |  1460000 |   487000 |   545908110 |  19004158851 |         0 |      0 |  1658819749 |       0 |      0 |         0 
 6683 Thread 38 - PartitionProcessorThre...887-b62c-969c921550d6-1-1 |  1434000 |   480000 |   537762137 |  18682091878 |         0 |      0 |  1706713588 |       0 |      0 |         0 
 6684 Thread 39 - PartitionProcessorThre...887-b62c-969c921550d6-1-2 |  1489000 |   460000 |   545021637 |  19022975527 |         0 |      0 |  1464615363 |       0 |      0 |         0 
 6685 Thread 40 - PartitionProcessorThre...887-b62c-969c921550d6-1-3 |  1466000 |   450000 |   537104860 |  18701184624 |         0 |      0 |  1598387805 |       0 |      0 |         0 
 6686 Thread 41 - PartitionProcessorThre...887-b62c-969c921550d6-1-4 |  1428000 |   464000 |   531047739 |  18467309800 |         0 |      0 |  1768691747 |       0 |      0 |         0 
 6687 Thread 42 - PartitionProcessorThre...887-b62c-969c921550d6-1-5 |  1452000 |   472000 |   541192864 |  18779775952 |         0 |      0 |  1452981528 |       0 |      0 |         0 
 6688 Thread 43 - PartitionProcessorThre...887-b62c-969c921550d6-1-6 |  1454000 |   465000 |   539526540 |  18730015058 |         0 |      0 |  1619839259 |       0 |      0 |         0 
 6689 Thread 44 - PartitionProcessorThre...887-b62c-969c921550d6-1-7 |  1548000 |   436000 |   558134735 |  19364321976 |      1024 |      0 |  1739760123 |       0 |      0 |         0 
 6690 Thread 45 - PartitionProcessorThre...887-b62c-969c921550d6-1-8 |  1433000 |   484000 |   538592961 |  18710616620 |         0 |      0 |  1606509269 |       0 |      0 |         0 
 6691 Thread 46 - PartitionProcessorThre...887-b62c-969c921550d6-1-9 |  1462000 |   469000 |   542555239 |  18847793855 |         0 |      0 |  1675099630 |       0 |      0 |         0 
 6692 Thread 47 - PartitionProcessorThre...87-b62c-969c921550d6-1-10 |  1344000 |   457000 |   505602669 |  17578872003 |         0 |      0 |  1769714178 |       0 |      0 |         0 
 6693 Thread 48 - PartitionProcessorThre...87-b62c-969c921550d6-1-11 |  1433000 |   457000 |   531616161 |  18447866863 |         0 |      0 |  1748340852 |       0 |      0 |         0 
 6694 Thread 49 - PartitionProcessorThre...87-b62c-969c921550d6-1-12 |  1443000 |   451000 |   531081497 |  18486652890 |         0 |      0 |  1764789122 |       0 |      0 |         0 
 6695 Thread 50 - PartitionProcessorThre...87-b62c-969c921550d6-1-13 |  1479000 |   461000 |   545765083 |  18935241296 |         0 |      0 |  1576203266 |       0 |      0 |         0 
 6696 Thread 51 - PartitionProcessorThre...87-b62c-969c921550d6-1-14 |  1432000 |   538000 |   552887747 |  19228422152 |         0 |      0 |  1697858086 |       0 |      0 |         0 
 6697 Thread 52 - PartitionProcessorThre...87-b62c-969c921550d6-1-15 |  1481000 |   470000 |   549694856 |  19042869003 |         0 |      0 |  1601896353 |       0 |      0 |         0 
 6698 Thread 53 - PartitionProcessorThre...87-b62c-969c921550d6-1-16 |  1417000 |   504000 |   539253508 |  18750378784 |         0 |      0 |  1562352520 |       0 |      0 |         0 
 6699 Thread 54 - PartitionProcessorThre...87-b62c-969c921550d6-1-17 |  1524000 |   473000 |   559657082 |  19491263456 |         0 |      0 |  1608599921 |       0 |      0 |         0 
 6700 Thread 55 - PartitionProcessorThre...87-b62c-969c921550d6-1-18 |  1532000 |   459000 |   559086317 |  19433290151 |         0 |      0 |  1825629434 |       0 |      0 |         0 
 6701 Thread 56 - PartitionProcessorThre...87-b62c-969c921550d6-1-19 |  1472000 |   455000 |   539931618 |  18808701870 |         0 |      0 |  1789688677 |       0 |      0 |         0 
 6702 Thread 57 - PartitionProcessorThre...887-b62c-969c921550d6-0-0 |  1442000 |   458000 |   537307641 |  18545615054 |         0 |      0 |  1556606359 |       0 |      0 |         0 
 6703 Thread 58 - PartitionProcessorThre...887-b62c-969c921550d6-0-1 |  1479000 |   523000 |   565422192 |  19541171792 |         0 |      0 |  1747048248 |       0 |      0 |         0 
 6704 Thread 59 - PartitionProcessorThre...887-b62c-969c921550d6-0-2 |  1497000 |   483000 |   559104989 |  19325571839 |         0 |      0 |  1503634642 |       0 |      0 |         0 
 6705 Thread 60 - PartitionProcessorThre...887-b62c-969c921550d6-0-3 |  1540000 |   486000 |   572966430 |  19775651132 |         0 |      0 |  1832632202 |       0 |      0 |         0 
 6706 Thread 61 - PartitionProcessorThre...887-b62c-969c921550d6-0-4 |  1451000 |   516000 |   555485582 |  19199239308 |         0 |      0 |  1818447594 |       0 |      0 |         0 
 6707 Thread 62 - PartitionProcessorThre...887-b62c-969c921550d6-0-5 |  1417000 |   473000 |   533757376 |  18448045456 |         0 |      0 |  1794600231 |       0 |      0 |         0 
 6708 Thread 63 - PartitionProcessorThre...887-b62c-969c921550d6-0-6 |  1406000 |   480000 |   533035497 |  18409543507 |      1024 |      0 |  1680732055 |       0 |      0 |         0 
 6709 Thread 64 - PartitionProcessorThre...887-b62c-969c921550d6-0-7 |  1470000 |   430000 |   537050719 |  18546023261 |         0 |      0 |  1810020722 |       0 |      0 |         0 
 6710 Thread 65 - PartitionProcessorThre...887-b62c-969c921550d6-0-8 |  1429000 |   445000 |   529694411 |  18292036589 |         0 |      0 |  1700688574 |       0 |      0 |         0 
 6711 Thread 66 - PartitionProcessorThre...887-b62c-969c921550d6-0-9 |  1432000 |   454000 |   533252235 |  18408520593 |         0 |      0 |  1736730943 |       0 |      0 |         0 
 6712 Thread 67 - PartitionProcessorThre...87-b62c-969c921550d6-0-10 |  1448000 |   505000 |   551922387 |  19062752429 |         0 |      0 |  1633506447 |       0 |      0 |         0 
 6713 Thread 68 - PartitionProcessorThre...87-b62c-969c921550d6-0-11 |  1388000 |   522000 |   540262567 |  18643469409 |         0 |      0 |  1711522938 |       0 |      0 |         0 
 6714 Thread 69 - PartitionProcessorThre...87-b62c-969c921550d6-0-12 |  1509000 |   496000 |   567926786 |  19572006972 |         0 |      0 |  1691379977 |       0 |      0 |         0 
 6715 Thread 70 - PartitionProcessorThre...87-b62c-969c921550d6-0-13 |  1364000 |   523000 |   533086485 |  18418723413 |         0 |      0 |  1518797717 |       0 |      0 |         0 
 6716 Thread 71 - PartitionProcessorThre...87-b62c-969c921550d6-0-14 |  1488000 |   443000 |   545652461 |  18847714136 |         0 |      0 |  1750359475 |       0 |      0 |         0 
 6717 Thread 72 - PartitionProcessorThre...87-b62c-969c921550d6-0-15 |  1468000 |   475000 |   547992786 |  18963999593 |         0 |      0 |  1763161513 |       0 |      0 |         0 
 6718 Thread 73 - PartitionProcessorThre...87-b62c-969c921550d6-0-16 |  1443000 |   467000 |   539345122 |  18642005695 |         0 |      0 |  1794718123 |       0 |      0 |         0 
 6719 Thread 74 - PartitionProcessorThre...87-b62c-969c921550d6-0-17 |  1546000 |   459000 |   566568200 |  19570068542 |         0 |      0 |  1609923821 |       0 |      0 |         0 
 6720 Thread 75 - PartitionProcessorThre...87-b62c-969c921550d6-0-18 |  1457000 |   478000 |   547471555 |  18887948277 |         0 |      0 |  1817942452 |       0 |      0 |         0 
 6721 Thread 76 - PartitionProcessorThre...87-b62c-969c921550d6-0-19 |  1412000 |   499000 |   539224266 |  18652815558 |         0 |      0 |  1543877697 |       0 |      0 |         0 
 7010 Thread 77 - process reaper                                     |     1000 |     1000 |      574738 |     19546496 |         0 |      0 |     1716513 |       0 |      0 |         0 
 7015 Thread 78 - Attach Listener                                    |   429000 |   112000 |   154942822 |   5288278940 |   5144576 | 226304 |     2938513 |       0 |      0 |         0 
