                                 Task                                 |  utime   |  stime   |     rss     |     vmem     |   read    | write  |    d:cpu    | d:bio  | d:swap | d:reclaim 
 77816 Thread 1 - main                                                |   708000 |   148000 |    53855248 |   6535146303 |  22109184 |   1024 |    17004149 |      0 |      0 |         0 
 77838 Thread 2 - Reference Handler                                   |     6000 |        0 |      751820 |     49442871 |         0 |      0 |           0 |      0 |      0 |         0 
 77839 Thread 3 - Finalizer                                           |     4000 |     2000 |      554238 |     48464664 |     13312 |      0 |     1040665 |      0 |      0 |         0 
 77840 Thread 4 - Surrogate Locker Thread (Concurrent GC)             |        0 |        0 |           0 |            0 |         0 |      0 |           0 |      0 |      0 |         0 
 77841 Thread 5 - Signal Dispatcher                                   |        0 |        0 |           0 |            0 |         0 |      0 |           0 |      0 |      0 |         0 
 77851 Thread 12 - RMI Scheduler(0)                                   |     3000 |        0 |      657308 |     27276285 |      4096 |      0 |           0 |      0 |      0 |         0 
 77852 Thread 13 - RMI RenewClean-[10.231.182.152:33429]              |        0 |     1000 |       75730 |      7826242 |      1024 |      0 |      288859 |      0 |      0 |         0 
 77853 Thread 14 - GC Daemon                                          |     1000 |        0 |       75984 |      7893246 |         0 |      0 |        4732 |      0 |      0 |         0 
 77855 Thread 15 - DecatonSubscriptionThread-decaton-benchmark        | 31603000 | 34075000 | 19073089149 | 639902993490 | 636637184 | 134144 | 22172165268 | 335145 |      0 |         0 
 77858 Thread 16 - kafka-coordinator-hear...hread | decaton-benchmark |   194000 |    74000 |    77463964 |   2615562855 |   6163456 |   5120 |    42648341 | 224007 |      0 |         0 
 77861 Thread 17 - PartitionProcessorThre...f31-8219-bc79dc8bb0e9-1-0 |  1412000 |   453000 |   540080093 |  18195799489 |     33792 |      0 |  1805085512 |      0 |      0 |         0 
 77862 Thread 18 - PartitionProcessorThre...f31-8219-bc79dc8bb0e9-1-1 |  1455000 |   464000 |   559376339 |  18728091602 |         0 |      0 |  1765617789 |      0 |      0 |         0 
 77863 Thread 19 - PartitionProcessorThre...f31-8219-bc79dc8bb0e9-1-2 |  1479000 |   514000 |   575393066 |  19447791969 |         0 |      0 |  1977043749 |      0 |      0 |         0 
 77864 Thread 20 - PartitionProcessorThre...f31-8219-bc79dc8bb0e9-1-3 |  1470000 |   454000 |   556681175 |  18777801395 |         0 |      0 |  2081052947 |      0 |      0 |         0 
 77865 Thread 21 - PartitionProcessorThre...f31-8219-bc79dc8bb0e9-1-4 |  1435000 |   449000 |   546059101 |  18387987817 |         0 |      0 |  1673954560 |      0 |      0 |         0 
 77866 Thread 22 - PartitionProcessorThre...f31-8219-bc79dc8bb0e9-1-5 |  1424000 |   471000 |   550206953 |  18495070887 |         0 |      0 |  1691063693 |      0 |      0 |         0 
 77867 Thread 23 - PartitionProcessorThre...f31-8219-bc79dc8bb0e9-1-6 |  1581000 |   467000 |   595490390 |  19988003184 |         0 |      0 |  1923545664 |      0 |      0 |         0 
 77868 Thread 24 - PartitionProcessorThre...f31-8219-bc79dc8bb0e9-1-7 |  1447000 |   449000 |   548946949 |  18501541485 |         0 |      0 |  2065019944 |      0 |      0 |         0 
 77869 Thread 25 - PartitionProcessorThre...f31-8219-bc79dc8bb0e9-1-8 |  1443000 |   466000 |   554260918 |  18630554184 |      5120 |      0 |  1815371696 |      0 |      0 |         0 
 77870 Thread 26 - PartitionProcessorThre...f31-8219-bc79dc8bb0e9-1-9 |  1460000 |   452000 |   554643519 |  18659845168 |    117760 |      0 |  1936145791 |      0 |      0 |         0 
 77871 Thread 27 - PartitionProcessorThre...31-8219-bc79dc8bb0e9-1-10 |  1431000 |   489000 |   556774894 |  18737299551 |      1024 |      0 |  2027970908 |      0 |      0 |         0 
 77872 Thread 28 - PartitionProcessorThre...31-8219-bc79dc8bb0e9-1-11 |  1505000 |   479000 |   576354433 |  19363740160 |      4096 |      0 |  2132539211 |      0 |      0 |         0 
 77873 Thread 29 - PartitionProcessorThre...31-8219-bc79dc8bb0e9-1-12 |  1451000 |   485000 |   563690570 |  18895054129 |         0 |      0 |  1945304792 |      0 |      0 |         0 
 77874 Thread 30 - PartitionProcessorThre...31-8219-bc79dc8bb0e9-1-13 |  1427000 |   498000 |   558462945 |  18787996653 |         0 |      0 |  2205824704 |      0 |      0 |         0 
 77875 Thread 31 - PartitionProcessorThre...31-8219-bc79dc8bb0e9-1-14 |  1467000 |   448000 |   555675636 |  18688356770 |         0 |      0 |  1866093746 |      0 |      0 |         0 
 77876 Thread 32 - PartitionProcessorThre...31-8219-bc79dc8bb0e9-1-15 |  1483000 |   449000 |   559074695 |  18854015301 |         0 |      0 |  1831418013 |      0 |      0 |         0 
 77877 Thread 33 - PartitionProcessorThre...31-8219-bc79dc8bb0e9-1-16 |  1582000 |   464000 |   593815683 |  19968756238 |         0 |      0 |  1783580616 |      0 |      0 |         0 
 77878 Thread 34 - PartitionProcessorThre...31-8219-bc79dc8bb0e9-1-17 |  1506000 |   463000 |   571213245 |  19216822692 |         0 |      0 |  1912597706 |      0 |      0 |         0 
 77879 Thread 35 - PartitionProcessorThre...31-8219-bc79dc8bb0e9-1-18 |  1516000 |   473000 |   577870558 |  19412946316 |      3072 |      0 |  1817441365 |      0 |      0 |         0 
 77880 Thread 36 - PartitionProcessorThre...31-8219-bc79dc8bb0e9-1-19 |  1432000 |   478000 |   554604582 |  18640117262 |         0 |      0 |  1891305955 |      0 |      0 |         0 
 77881 Thread 37 - PartitionProcessorThre...f31-8219-bc79dc8bb0e9-0-0 |  1417000 |   492000 |   553750359 |  18632635598 |         0 |      0 |  1720598529 |      0 |      0 |         0 
 77882 Thread 38 - PartitionProcessorThre...f31-8219-bc79dc8bb0e9-0-1 |  1473000 |   441000 |   556721250 |  18681450020 |         0 |      0 |  1858258154 |      0 |      0 |         0 
 77883 Thread 39 - PartitionProcessorThre...f31-8219-bc79dc8bb0e9-0-2 |  1487000 |   446000 |   559619871 |  18867213934 |         0 |      0 |  1875231845 |      0 |      0 |         0 
 77884 Thread 40 - PartitionProcessorThre...f31-8219-bc79dc8bb0e9-0-3 |  1391000 |   449000 |   534316089 |  17959420934 |         0 |      0 |  1636862349 |      0 |      0 |         0 
 77885 Thread 41 - PartitionProcessorThre...f31-8219-bc79dc8bb0e9-0-4 |  1360000 |   512000 |   546095015 |  18272462035 |         0 |      0 |  1789135363 |      0 |      0 |         0 
 77886 Thread 42 - PartitionProcessorThre...f31-8219-bc79dc8bb0e9-0-5 |  1438000 |   441000 |   546112179 |  18340375809 |         0 |      0 |  1988270252 |      0 |      0 |         0 
 77887 Thread 43 - PartitionProcessorThre...f31-8219-bc79dc8bb0e9-0-6 |  1452000 |   407000 |   540779394 |  18145166235 |         0 |      0 |  1815926395 |      0 |      0 |         0 
 77888 Thread 44 - PartitionProcessorThre...f31-8219-bc79dc8bb0e9-0-7 |  1424000 |   450000 |   545459590 |  18292407367 |         0 |      0 |  1800918001 |      0 |      0 |         0 
 77889 Thread 45 - PartitionProcessorThre...f31-8219-bc79dc8bb0e9-0-8 |  1439000 |   463000 |   553288105 |  18565533246 |         0 |      0 |  1766948003 |      0 |      0 |         0 
 77890 Thread 46 - PartitionProcessorThre...f31-8219-bc79dc8bb0e9-0-9 |  1406000 |   478000 |   548785511 |  18388990520 |         0 |      0 |  1892989394 |      0 |      0 |         0 
 77891 Thread 47 - PartitionProcessorThre...31-8219-bc79dc8bb0e9-0-10 |  1440000 |   485000 |   560194171 |  18789385274 |         0 |      0 |  1845403313 |      0 |      0 |         0 
 77892 Thread 48 - PartitionProcessorThre...31-8219-bc79dc8bb0e9-0-11 |  1467000 |   478000 |   567413039 |  18984533824 |         0 |      0 |  1948291048 |      0 |      0 |         0 
 77893 Thread 49 - PartitionProcessorThre...31-8219-bc79dc8bb0e9-0-12 |  1479000 |   454000 |   562577007 |  18867592571 |         0 |      0 |  1861067530 |      0 |      0 |         0 
 77894 Thread 50 - PartitionProcessorThre...31-8219-bc79dc8bb0e9-0-13 |  1358000 |   502000 |   542181394 |  18155753403 |         0 |      0 |  1876218033 |      0 |      0 |         0 
 77895 Thread 51 - PartitionProcessorThre...31-8219-bc79dc8bb0e9-0-14 |  1411000 |   488000 |   552863464 |  18536082356 |         0 |      0 |  1809261460 |      0 |      0 |         0 
 77896 Thread 52 - PartitionProcessorThre...31-8219-bc79dc8bb0e9-0-15 |  1478000 |   514000 |   581196714 |  19443783910 |         0 |      0 |  2021089489 |      0 |      0 |         0 
 77897 Thread 53 - PartitionProcessorThre...31-8219-bc79dc8bb0e9-0-16 |  1392000 |   463000 |   539794312 |  18105886543 |         0 |      0 |  1972028868 |      0 |      0 |         0 
 77898 Thread 54 - PartitionProcessorThre...31-8219-bc79dc8bb0e9-0-17 |  1444000 |   457000 |   553658238 |  18555274160 |         0 |      0 |  1912308439 |      0 |      0 |         0 
 77899 Thread 55 - PartitionProcessorThre...31-8219-bc79dc8bb0e9-0-18 |  1460000 |   430000 |   549438113 |  18447598082 |         0 |      0 |  1783806011 |      0 |      0 |         0 
 77900 Thread 56 - PartitionProcessorThre...31-8219-bc79dc8bb0e9-0-19 |  1415000 |   436000 |   536586711 |  18066294473 |         0 |      0 |  1961426143 |      0 |      0 |         0 
 77901 Thread 57 - PartitionProcessorThre...f31-8219-bc79dc8bb0e9-2-0 |  1476000 |   456000 |   564681441 |  18857791610 |         0 |      0 |  1968681495 | 248752 |      0 |         0 
 77902 Thread 58 - PartitionProcessorThre...f31-8219-bc79dc8bb0e9-2-1 |  1422000 |   489000 |   557725418 |  18653164516 |         0 |      0 |  1679637551 |      0 |      0 |         0 
 77903 Thread 59 - PartitionProcessorThre...f31-8219-bc79dc8bb0e9-2-2 |  1404000 |   519000 |   561536628 |  18770621297 |         0 |      0 |  1950183545 |      0 |      0 |         0 
 77904 Thread 60 - PartitionProcessorThre...f31-8219-bc79dc8bb0e9-2-3 |  1460000 |   478000 |   565113714 |  18916353817 |         0 |      0 |  1999816743 |      0 |      0 |         0 
 77905 Thread 61 - PartitionProcessorThre...f31-8219-bc79dc8bb0e9-2-4 |  1442000 |   439000 |   548188597 |  18359738028 |         0 |      0 |  1832911828 |      0 |      0 |         0 
 77906 Thread 62 - PartitionProcessorThre...f31-8219-bc79dc8bb0e9-2-5 |  1447000 |   451000 |   552256418 |  18526552254 |         0 |      0 |  1818896367 |      0 |      0 |         0 
 77907 Thread 63 - PartitionProcessorThre...f31-8219-bc79dc8bb0e9-2-6 |  1496000 |   460000 |   569220374 |  19091467778 |         0 |      0 |  1689577717 |      0 |      0 |         0 
 77908 Thread 64 - PartitionProcessorThre...f31-8219-bc79dc8bb0e9-2-7 |  1369000 |   436000 |   526764199 |  17618760895 |         0 |      0 |  1628738058 |      0 |      0 |         0 
 77909 Thread 65 - PartitionProcessorThre...f31-8219-bc79dc8bb0e9-2-8 |  1469000 |   461000 |   561972464 |  18837223422 |         0 |      0 |  1820160480 |      0 |      0 |         0 
 77910 Thread 66 - PartitionProcessorThre...f31-8219-bc79dc8bb0e9-2-9 |  1439000 |   446000 |   550323730 |  18398677770 |         0 |      0 |  1714401674 |      0 |      0 |         0 
 77911 Thread 67 - PartitionProcessorThre...31-8219-bc79dc8bb0e9-2-10 |  1447000 |   431000 |   546128488 |  18330525504 |         0 |      0 |  2015689450 |      0 |      0 |         0 
 77912 Thread 68 - PartitionProcessorThre...31-8219-bc79dc8bb0e9-2-11 |  1457000 |   448000 |   554734480 |  18594629684 |         0 |      0 |  1913450886 |      0 |      0 |         0 
 77913 Thread 69 - PartitionProcessorThre...31-8219-bc79dc8bb0e9-2-12 |  1424000 |   489000 |   557480289 |  18672007614 |         0 |      0 |  1955335446 |      0 |      0 |         0 
 77914 Thread 70 - PartitionProcessorThre...31-8219-bc79dc8bb0e9-2-13 |  1428000 |   436000 |   544019886 |  18194141028 |         0 |      0 |  1953448669 |      0 |      0 |         0 
 77915 Thread 71 - PartitionProcessorThre...31-8219-bc79dc8bb0e9-2-14 |  1475000 |   494000 |   574856804 |  19218709824 |         0 |      0 |  2173547064 |      0 |      0 |         0 
 77916 Thread 72 - PartitionProcessorThre...31-8219-bc79dc8bb0e9-2-15 |  1467000 |   479000 |   566649101 |  18994567684 |         0 |      0 |  1938365936 |      0 |      0 |         0 
 77917 Thread 73 - PartitionProcessorThre...31-8219-bc79dc8bb0e9-2-16 |  1424000 |   460000 |   549717843 |  18388698489 |         0 |      0 |  1918316509 |      0 |      0 |         0 
 77918 Thread 74 - PartitionProcessorThre...31-8219-bc79dc8bb0e9-2-17 |  1430000 |   424000 |   542842047 |  18097939074 |         0 |      0 |  1885105810 |      0 |      0 |         0 
 77919 Thread 75 - PartitionProcessorThre...31-8219-bc79dc8bb0e9-2-18 |  1483000 |   486000 |   574427578 |  19219244426 |         0 |      0 |  1858192715 |      0 |      0 |         0 
 77920 Thread 76 - PartitionProcessorThre...31-8219-bc79dc8bb0e9-2-19 |  1474000 |   480000 |   569960706 |  19072942356 |         0 |      0 |  1816992166 |      0 |      0 |         0 
 78387 Thread 77 - process reaper                                     |     1000 |        0 |      302570 |      9788734 |         0 |      0 |       29334 |      0 |      0 |         0 
 78393 Thread 78 - Attach Listener                                    |   445000 |   100000 |   162890444 |   5327473050 |   5304320 | 254976 |     5909254 |      0 |      0 |         0 
