                                 Task                                 |  utime   |  stime   |     rss     |     vmem     |   read    | write  |    d:cpu    | d:bio  | d:swap | d:reclaim 
 57709 Thread 1 - main                                                |   824000 |   135000 |    63981970 |   7387764661 |  34250752 |   1024 |    14125259 |      0 |      0 |         0 
 57731 Thread 2 - Reference Handler                                   |     7000 |        0 |      726734 |     57335058 |         0 |      0 |      460874 |      0 |      0 |         0 
 57732 Thread 3 - Finalizer                                           |     7000 |        0 |      705921 |     57262019 |     13312 |      0 |      940190 |      0 |      0 |         0 
 57733 Thread 4 - Surrogate Locker Thread (Concurrent GC)             |        0 |        0 |           0 |            0 |         0 |      0 |        8255 |      0 |      0 |         0 
 57734 Thread 5 - Signal Dispatcher                                   |        0 |     1000 |      301867 |      9757738 |         0 |      0 |           0 |      0 |      0 |         0 
 57742 Thread 12 - RMI Scheduler(0)                                   |     2000 |     1000 |      666183 |     27276261 |      4096 |      0 |      947164 |      0 |      0 |         0 
 57743 Thread 13 - RMI RenewClean-[10.231.182.152:40161]              |        0 |        0 |           0 |            0 |      1024 |      0 |           0 |      0 |      0 |         0 
 57744 Thread 14 - GC Daemon                                          |        0 |        0 |           0 |            0 |         0 |      0 |           0 |      0 |      0 |         0 
 57747 Thread 15 - DecatonSubscriptionThread-decaton-benchmark        | 31623000 | 34590000 | 19590253992 | 645277645548 | 624819200 | 125952 | 19673806542 | 130145 |      0 |         0 
 57748 Thread 16 - kafka-coordinator-hear...hread | decaton-benchmark |   207000 |    57000 |    76112241 |   2560236273 |   6114304 |   4096 |    21435094 | 412182 |      0 |         0 
 57753 Thread 17 - PartitionProcessorThre...402-8ed6-e70ffea02f99-1-0 |  1318000 |   437000 |   514213372 |  17105042892 |     39936 |      0 |  1427231519 |      0 |      0 |         0 
 57754 Thread 18 - PartitionProcessorThre...402-8ed6-e70ffea02f99-1-1 |  1435000 |   461000 |   556776407 |  18485264415 |         0 |      0 |  1512224344 |      0 |      0 |         0 
 57755 Thread 19 - PartitionProcessorThre...402-8ed6-e70ffea02f99-1-2 |  1393000 |   480000 |   548607298 |  18258452568 |      3072 |      0 |  1583600071 |      0 |      0 |         0 
 57756 Thread 20 - PartitionProcessorThre...402-8ed6-e70ffea02f99-1-3 |  1427000 |   509000 |   568541212 |  18877651044 |      1024 |      0 |  1540412762 |      0 |      0 |         0 
 57757 Thread 21 - PartitionProcessorThre...402-8ed6-e70ffea02f99-1-4 |  1265000 |   465000 |   508975380 |  16871326040 |         0 |      0 |  1541598821 |      0 |      0 |         0 
 57758 Thread 22 - PartitionProcessorThre...402-8ed6-e70ffea02f99-1-5 |  1375000 |   468000 |   542552306 |  17973530642 |         0 |      0 |  1673834936 |      0 |      0 |         0 
 57759 Thread 23 - PartitionProcessorThre...402-8ed6-e70ffea02f99-1-6 |  1380000 |   465000 |   543045516 |  17994773509 |         0 |      0 |  1687060268 |      0 |      0 |         0 
 57760 Thread 24 - PartitionProcessorThre...402-8ed6-e70ffea02f99-1-7 |  1398000 |   486000 |   552377040 |  18372673392 |         0 |      0 |  1650336970 |      0 |      0 |         0 
 57761 Thread 25 - PartitionProcessorThre...402-8ed6-e70ffea02f99-1-8 |  1363000 |   470000 |   538391106 |  17873800056 |         0 |      0 |  1646762609 |      0 |      0 |         0 
 57762 Thread 26 - PartitionProcessorThre...402-8ed6-e70ffea02f99-1-9 |  1322000 |   473000 |   528559997 |  17507936857 |         0 |      0 |  1583490312 |      0 |      0 |         0 
 57763 Thread 27 - PartitionProcessorThre...02-8ed6-e70ffea02f99-1-10 |  1329000 |   458000 |   525776036 |  17429734076 |         0 |      0 |  1424470460 |      0 |      0 |         0 
 57764 Thread 28 - PartitionProcessorThre...02-8ed6-e70ffea02f99-1-11 |  1445000 |   440000 |   553676083 |  18380848997 |         0 |      0 |  1341216668 |      0 |      0 |         0 
 57765 Thread 29 - PartitionProcessorThre...02-8ed6-e70ffea02f99-1-12 |  1401000 |   464000 |   547229962 |  18185102181 |         0 |      0 |  1410803068 |      0 |      0 |         0 
 57766 Thread 30 - PartitionProcessorThre...02-8ed6-e70ffea02f99-1-13 |  1364000 |   429000 |   527067985 |  17485856728 |         0 |      0 |  1605967084 |      0 |      0 |         0 
 57767 Thread 31 - PartitionProcessorThre...02-8ed6-e70ffea02f99-1-14 |  1295000 |   450000 |   514489348 |  17022352607 |         0 |      0 |  1397252746 |      0 |      0 |         0 
 57768 Thread 32 - PartitionProcessorThre...02-8ed6-e70ffea02f99-1-15 |  1379000 |   451000 |   539140505 |  17848559861 |         0 |      0 |  1592100308 |      0 |      0 |         0 
 57769 Thread 33 - PartitionProcessorThre...02-8ed6-e70ffea02f99-1-16 |  1462000 |   458000 |   567169204 |  18732314521 |         0 |      0 |  1662571329 |      0 |      0 |         0 
 57770 Thread 34 - PartitionProcessorThre...02-8ed6-e70ffea02f99-1-17 |  1407000 |   472000 |   549451692 |  18319543876 |         0 |      0 |  1489884450 |      0 |      0 |         0 
 57771 Thread 35 - PartitionProcessorThre...02-8ed6-e70ffea02f99-1-18 |  1375000 |   472000 |   542583372 |  18016014568 |         0 |      0 |  1631625923 |      0 |      0 |         0 
 57772 Thread 36 - PartitionProcessorThre...02-8ed6-e70ffea02f99-1-19 |  1379000 |   448000 |   534877595 |  17815867950 |         0 |      0 |  1702194560 |      0 |      0 |         0 
 57774 Thread 37 - PartitionProcessorThre...402-8ed6-e70ffea02f99-0-0 |  1324000 |   493000 |   538623501 |  17735184103 |         0 |      0 |  1459625622 |      0 |      0 |         0 
 57775 Thread 38 - PartitionProcessorThre...402-8ed6-e70ffea02f99-0-1 |  1249000 |   459000 |   506524954 |  16670694029 |         0 |      0 |  1457336505 |      0 |      0 |         0 
 57776 Thread 39 - PartitionProcessorThre...402-8ed6-e70ffea02f99-0-2 |  1326000 |   436000 |   524228227 |  17199076865 |         0 |      0 |  1418325481 |      0 |      0 |         0 
 57777 Thread 40 - PartitionProcessorThre...402-8ed6-e70ffea02f99-0-3 |  1337000 |   441000 |   527935376 |  17354416990 |         0 |      0 |  1406429032 |      0 |      0 |         0 
 57778 Thread 41 - PartitionProcessorThre...402-8ed6-e70ffea02f99-0-4 |  1257000 |   450000 |   506577239 |  16661300158 |         0 |      0 |  1500096811 |      0 |      0 |         0 
 57779 Thread 42 - PartitionProcessorThre...402-8ed6-e70ffea02f99-0-5 |  1286000 |   500000 |   530196692 |  17432234302 |         0 |      0 |  1282476174 |      0 |      0 |         0 
 57780 Thread 43 - PartitionProcessorThre...402-8ed6-e70ffea02f99-0-6 |  1222000 |   470000 |   503756454 |  16514747959 |         0 |      0 |  1383426140 |      0 |      0 |         0 
 57781 Thread 44 - PartitionProcessorThre...402-8ed6-e70ffea02f99-0-7 |  1336000 |   480000 |   539184692 |  17725973865 |         0 |      0 |  1588216166 |      0 |      0 |         0 
 57782 Thread 45 - PartitionProcessorThre...402-8ed6-e70ffea02f99-0-8 |  1294000 |   493000 |   530961571 |  17442646997 |         0 |      0 |  1421042060 |      0 |      0 |         0 
 57783 Thread 46 - PartitionProcessorThre...402-8ed6-e70ffea02f99-0-9 |  1337000 |   451000 |   530779591 |  17452130298 |         0 |      0 |  1571889519 |      0 |      0 |         0 
 57784 Thread 47 - PartitionProcessorThre...02-8ed6-e70ffea02f99-0-10 |  1327000 |   539000 |   554308442 |  18214667923 |         0 |      0 |  1433077696 |      0 |      0 |         0 
 57785 Thread 48 - PartitionProcessorThre...02-8ed6-e70ffea02f99-0-11 |  1332000 |   449000 |   528362270 |  17383841954 |         0 |      0 |  1387127011 |      0 |      0 |         0 
 57786 Thread 49 - PartitionProcessorThre...02-8ed6-e70ffea02f99-0-12 |  1297000 |   456000 |   519534028 |  17109590197 |      1024 |      0 |  1611650425 |      0 |      0 |         0 
 57787 Thread 50 - PartitionProcessorThre...02-8ed6-e70ffea02f99-0-13 |  1298000 |   448000 |   517950786 |  17041799849 |         0 |      0 |  1592640897 |      0 |      0 |         0 
 57788 Thread 51 - PartitionProcessorThre...02-8ed6-e70ffea02f99-0-14 |  1301000 |   447000 |   517652005 |  17061600572 |         0 |      0 |  1466680686 |      0 |      0 |         0 
 57789 Thread 52 - PartitionProcessorThre...02-8ed6-e70ffea02f99-0-15 |  1342000 |   445000 |   531738587 |  17442942490 |         0 |      0 |  1366198280 |      0 |      0 |         0 
 57790 Thread 53 - PartitionProcessorThre...02-8ed6-e70ffea02f99-0-16 |  1298000 |   417000 |   510248114 |  16739272259 |         0 |      0 |  1350532608 |      0 |      0 |         0 
 57791 Thread 54 - PartitionProcessorThre...02-8ed6-e70ffea02f99-0-17 |  1323000 |   490000 |   538875391 |  17695899759 |         0 |      0 |  1471376042 |      0 |      0 |         0 
 57792 Thread 55 - PartitionProcessorThre...02-8ed6-e70ffea02f99-0-18 |  1375000 |   491000 |   552601715 |  18212701931 |      1024 |      0 |  1588112388 |      0 |      0 |         0 
 57793 Thread 56 - PartitionProcessorThre...02-8ed6-e70ffea02f99-0-19 |  1329000 |   453000 |   528244903 |  17393242298 |         0 |      0 |  1440663582 |      0 |      0 |         0 
 57794 Thread 57 - PartitionProcessorThre...402-8ed6-e70ffea02f99-2-0 |  1423000 |   516000 |   577957321 |  18926002560 |         0 |      0 |  1536035781 |      0 |      0 |         0 
 57795 Thread 58 - PartitionProcessorThre...402-8ed6-e70ffea02f99-2-1 |  1270000 |   504000 |   528461778 |  17315686318 |         0 |      0 |  1808656489 |      0 |      0 |         0 
 57796 Thread 59 - PartitionProcessorThre...402-8ed6-e70ffea02f99-2-2 |  1303000 |   457000 |   523696606 |  17179095154 |         0 |      0 |  1604417217 |      0 |      0 |         0 
 57797 Thread 60 - PartitionProcessorThre...402-8ed6-e70ffea02f99-2-3 |  1238000 |   491000 |   515757239 |  16876414622 |         0 |      0 |  1329850673 |      0 |      0 |         0 
 57798 Thread 61 - PartitionProcessorThre...402-8ed6-e70ffea02f99-2-4 |  1283000 |   458000 |   518093044 |  16993565236 |         0 |      0 |  1361408553 |      0 |      0 |         0 
 57799 Thread 62 - PartitionProcessorThre...402-8ed6-e70ffea02f99-2-5 |  1339000 |   439000 |   530306274 |  17355198599 |         0 |      0 |  1454068035 |      0 |      0 |         0 
 57800 Thread 63 - PartitionProcessorThre...402-8ed6-e70ffea02f99-2-6 |  1341000 |   463000 |   538755864 |  17609270314 |         0 |      0 |  1606124857 |      0 |      0 |         0 
 57801 Thread 64 - PartitionProcessorThre...402-8ed6-e70ffea02f99-2-7 |  1330000 |   430000 |   525233079 |  17179844216 |         0 |      0 |  1408602788 |      0 |      0 |         0 
 57802 Thread 65 - PartitionProcessorThre...402-8ed6-e70ffea02f99-2-8 |  1330000 |   471000 |   536486684 |  17578967806 |         0 |      0 |  1375277508 |      0 |      0 |         0 
 57803 Thread 66 - PartitionProcessorThre...402-8ed6-e70ffea02f99-2-9 |  1367000 |   502000 |   558095380 |  18244287325 |         0 |      0 |  1444067879 |      0 |      0 |         0 
 57804 Thread 67 - PartitionProcessorThre...02-8ed6-e70ffea02f99-2-10 |  1342000 |   476000 |   542651598 |  17745717700 |         0 |      0 |  1510967370 |      0 |      0 |         0 
 57805 Thread 68 - PartitionProcessorThre...02-8ed6-e70ffea02f99-2-11 |  1320000 |   482000 |   537540411 |  17589155247 |         0 |      0 |  1666939485 |      0 |      0 |         0 
 57806 Thread 69 - PartitionProcessorThre...02-8ed6-e70ffea02f99-2-12 |  1349000 |   472000 |   543329653 |  17774775326 |         0 |      0 |  1734632950 |      0 |      0 |         0 
 57807 Thread 70 - PartitionProcessorThre...02-8ed6-e70ffea02f99-2-13 |  1298000 |   435000 |   515986747 |  16914740669 |         0 |      0 |  1489792806 |      0 |      0 |         0 
 57808 Thread 71 - PartitionProcessorThre...02-8ed6-e70ffea02f99-2-14 |  1271000 |   441000 |   509602888 |  16710391857 |         0 |      0 |  1497018618 |      0 |      0 |         0 
 57809 Thread 72 - PartitionProcessorThre...02-8ed6-e70ffea02f99-2-15 |  1319000 |   518000 |   548194446 |  17931295978 |         0 |      0 |  1479668018 |      0 |      0 |         0 
 57810 Thread 73 - PartitionProcessorThre...02-8ed6-e70ffea02f99-2-16 |  1297000 |   555000 |   551282485 |  18078161650 |         0 |      0 |  1483225188 |      0 |      0 |         0 
 57811 Thread 74 - PartitionProcessorThre...02-8ed6-e70ffea02f99-2-17 |  1305000 |   445000 |   522592837 |  17081925740 |         0 |      0 |  1520699562 |      0 |      0 |         0 
 57812 Thread 75 - PartitionProcessorThre...02-8ed6-e70ffea02f99-2-18 |  1280000 |   494000 |   528580942 |  17315794005 |         0 |      0 |  1554983023 |      0 |      0 |         0 
 57813 Thread 76 - PartitionProcessorThre...02-8ed6-e70ffea02f99-2-19 |  1341000 |   451000 |   530466700 |  17489933048 |         0 |      0 |  1461324463 |      0 |      0 |         0 
 58237 Thread 77 - process reaper                                     |     2000 |     1000 |      930343 |     29334410 |         0 |      0 |        1305 |      0 |      0 |         0 
 58243 Thread 78 - Attach Listener                                    |   420000 |   112000 |   162318706 |   5200258846 |   5144576 | 177152 |     3205021 |      0 |      0 |         0 
