                                 Task                                 |  utime   |  stime   |     rss     |     vmem     |   read    | write  |    d:cpu    | d:bio  | d:swap | d:reclaim 
 30909 Thread 1 - main                                                |   589000 |    78000 |    41157947 |   5054870685 |  21203968 |   1024 |     3805042 |      0 |      0 |         0 
 30931 Thread 2 - Reference Handler                                   |     9000 |        0 |     1157839 |     72064636 |         0 |      0 |      308683 |      0 |      0 |         0 
 30932 Thread 3 - Finalizer                                           |     7000 |        0 |      690523 |     54304042 |      5120 |      0 |      497055 |      0 |      0 |         0 
 30933 Thread 4 - Surrogate Locker Thread (Concurrent GC)             |        0 |        0 |           0 |            0 |         0 |      0 |           0 |      0 |      0 |         0 
 30934 Thread 5 - Signal Dispatcher                                   |        0 |        0 |           0 |            0 |         0 |      0 |           0 |      0 |      0 |         0 
 30943 Thread 11 - DecatonSubscriptionThread-decaton-benchmark        | 27262000 | 29431000 | 16961888202 | 551801070263 | 584593408 | 128000 | 17873085093 | 136090 |      0 |         0 
 30945 Thread 13 - kafka-coordinator-hear...hread | decaton-benchmark |   188000 |    36000 |    66854241 |   2179996800 |   7158784 |   4096 |    30538363 | 269168 |      0 |         0 
 30948 Thread 14 - PartitionProcessorThre...fbf-b106-59447051630b-0-0 |  1222000 |   448000 |   501145382 |  16289367152 |         0 |      0 |  1439595471 |      0 |      0 |         0 
 30949 Thread 15 - PartitionProcessorThre...fbf-b106-59447051630b-0-1 |  1207000 |   392000 |   479251804 |  15591236679 |     32768 |      0 |  1480857317 |      0 |      0 |         0 
 30950 Thread 16 - PartitionProcessorThre...fbf-b106-59447051630b-0-2 |  1190000 |   409000 |   477458832 |  15596058246 |         0 |      0 |  1502363430 |      0 |      0 |         0 
 30951 Thread 17 - PartitionProcessorThre...fbf-b106-59447051630b-0-3 |  1230000 |   423000 |   496001085 |  16124350015 |         0 |      0 |  1455121979 |      0 |      0 |         0 
 30952 Thread 18 - PartitionProcessorThre...fbf-b106-59447051630b-0-4 |  1184000 |   397000 |   474513476 |  15422679910 |         0 |      0 |  1552971781 |      0 |      0 |         0 
 30953 Thread 19 - PartitionProcessorThre...fbf-b106-59447051630b-0-5 |  1149000 |   342000 |   447669527 |  14544627430 |         0 |      0 |  1639606431 |      0 |      0 |         0 
 30954 Thread 20 - PartitionProcessorThre...fbf-b106-59447051630b-0-6 |  1178000 |   402000 |   474268035 |  15408715230 |      6144 |      0 |  1464140383 |      0 |      0 |         0 
 30955 Thread 21 - PartitionProcessorThre...fbf-b106-59447051630b-0-7 |  1180000 |   403000 |   474573519 |  15436029543 |    124928 |      0 |  1344836867 |      0 |      0 |         0 
 30956 Thread 22 - PartitionProcessorThre...fbf-b106-59447051630b-0-8 |  1194000 |   396000 |   477780488 |  15510303906 |         0 |      0 |  1480964537 |      0 |      0 |         0 
 30957 Thread 23 - PartitionProcessorThre...fbf-b106-59447051630b-0-9 |  1176000 |   431000 |   480651957 |  15668818570 |      1024 |      0 |  1509551362 |      0 |      0 |         0 
 30958 Thread 24 - PartitionProcessorThre...bf-b106-59447051630b-0-10 |  1240000 |   447000 |   505745195 |  16454266648 |         0 |      0 |  1496486926 |      0 |      0 |         0 
 30959 Thread 25 - PartitionProcessorThre...bf-b106-59447051630b-0-11 |  1223000 |   400000 |   487514761 |  15831867461 |         0 |      0 |  1646764305 |      0 |      0 |         0 
 30960 Thread 26 - PartitionProcessorThre...bf-b106-59447051630b-0-12 |  1155000 |   423000 |   473967105 |  15392601699 |         0 |      0 |  1621992685 |      0 |      0 |         0 
 30961 Thread 27 - PartitionProcessorThre...bf-b106-59447051630b-0-13 |  1189000 |   408000 |   478103398 |  15578627324 |      1024 |      0 |  1563026335 |      0 |      0 |         0 
 30962 Thread 28 - PartitionProcessorThre...bf-b106-59447051630b-0-14 |  1161000 |   364000 |   457769672 |  14873382348 |     10240 |      0 |  1501605248 |      0 |      0 |         0 
 30963 Thread 29 - PartitionProcessorThre...bf-b106-59447051630b-0-15 |  1102000 |   403000 |   451034734 |  14681348711 |         0 |      0 |  1465421481 |      0 |      0 |         0 
 30964 Thread 30 - PartitionProcessorThre...bf-b106-59447051630b-0-16 |  1220000 |   391000 |   483450699 |  15712884859 |      1024 |      0 |  1559065162 |      0 |      0 |         0 
 30965 Thread 31 - PartitionProcessorThre...bf-b106-59447051630b-0-17 |  1176000 |   387000 |   469804148 |  15247006933 |         0 |      0 |  1454610860 |      0 |      0 |         0 
 30966 Thread 32 - PartitionProcessorThre...bf-b106-59447051630b-0-18 |  1185000 |   378000 |   469440914 |  15246696891 |      3072 |      0 |  1417545433 |      0 |      0 |         0 
 30967 Thread 33 - PartitionProcessorThre...bf-b106-59447051630b-0-19 |  1206000 |   400000 |   482880347 |  15666883336 |     23552 |      0 |  1456356780 |      0 |      0 |         0 
 30968 Thread 34 - PartitionProcessorThre...fbf-b106-59447051630b-2-0 |  1194000 |   379000 |   472755339 |  15345097219 |         0 |      0 |  1612166027 |      0 |      0 |         0 
 30969 Thread 35 - PartitionProcessorThre...fbf-b106-59447051630b-2-1 |  1131000 |   384000 |   455270933 |  14778773316 |         0 |      0 |  1359057548 |      0 |      0 |         0 
 30970 Thread 36 - PartitionProcessorThre...fbf-b106-59447051630b-2-2 |  1175000 |   448000 |   487258335 |  15832724629 |         0 |      0 |  1455510983 |      0 |      0 |         0 
 30971 Thread 37 - PartitionProcessorThre...fbf-b106-59447051630b-2-3 |  1099000 |   376000 |   443806859 |  14389069180 |         0 |      0 |  1353637305 |      0 |      0 |         0 
 30972 Thread 38 - PartitionProcessorThre...fbf-b106-59447051630b-2-4 |  1092000 |   410000 |   452185652 |  14653040410 |         0 |      0 |  1453988703 |      0 |      0 |         0 
 30973 Thread 39 - PartitionProcessorThre...fbf-b106-59447051630b-2-5 |  1170000 |   401000 |   472129593 |  15325283601 |         0 |      0 |  1478219678 |      0 |      0 |         0 
 30974 Thread 40 - PartitionProcessorThre...fbf-b106-59447051630b-2-6 |  1228000 |   363000 |   476841074 |  15520560844 |         0 |      0 |  1420496012 |      0 |      0 |         0 
 30975 Thread 41 - PartitionProcessorThre...fbf-b106-59447051630b-2-7 |  1135000 |   357000 |   448705707 |  14555158293 |         0 |      0 |  1530726090 |      0 |      0 |         0 
 30976 Thread 42 - PartitionProcessorThre...fbf-b106-59447051630b-2-8 |  1133000 |   375000 |   453662902 |  14711528836 |         0 |      0 |  1480211175 |      0 |      0 |         0 
 30977 Thread 43 - PartitionProcessorThre...fbf-b106-59447051630b-2-9 |  1244000 |   387000 |   489379187 |  15910994195 |         0 |      0 |  1364405341 |      0 |      0 |         0 
 30978 Thread 44 - PartitionProcessorThre...bf-b106-59447051630b-2-10 |  1189000 |   419000 |   483739413 |  15686857824 |         0 |      0 |  1408743708 |      0 |      0 |         0 
 30979 Thread 45 - PartitionProcessorThre...bf-b106-59447051630b-2-11 |  1149000 |   437000 |   476638312 |  15472046430 |         0 |      0 |  1498727337 |      0 |      0 |         0 
 30980 Thread 46 - PartitionProcessorThre...bf-b106-59447051630b-2-12 |  1185000 |   388000 |   473820789 |  15345330926 |         0 |      0 |  1456370390 |      0 |      0 |         0 
 30981 Thread 47 - PartitionProcessorThre...bf-b106-59447051630b-2-13 |  1123000 |   427000 |   466193460 |  15120894887 |         0 |      0 |  1423904122 |      0 |      0 |         0 
 30982 Thread 48 - PartitionProcessorThre...bf-b106-59447051630b-2-14 |  1096000 |   362000 |   439767597 |  14223518961 |         0 |      0 |  1520588833 |      0 |      0 |         0 
 30983 Thread 49 - PartitionProcessorThre...bf-b106-59447051630b-2-15 |  1169000 |   377000 |   465357472 |  15081859246 |         0 |      0 |  1378629932 |      0 |      0 |         0 
 30984 Thread 50 - PartitionProcessorThre...bf-b106-59447051630b-2-16 |  1158000 |   397000 |   467742496 |  15169622164 |         0 |      0 |  1371749814 |      0 |      0 |         0 
 30985 Thread 51 - PartitionProcessorThre...bf-b106-59447051630b-2-17 |  1202000 |   390000 |   479393539 |  15530574449 |         0 |      0 |  1505507997 |      0 |      0 |         0 
 30986 Thread 52 - PartitionProcessorThre...bf-b106-59447051630b-2-18 |  1210000 |   385000 |   480879351 |  15559997726 |         0 |      0 |  1555426976 |      0 |      0 |         0 
 30987 Thread 53 - PartitionProcessorThre...bf-b106-59447051630b-2-19 |  1161000 |   374000 |   461688363 |  14974340394 |         0 |      0 |  1443577746 |      0 |      0 |         0 
 30988 Thread 54 - PartitionProcessorThre...fbf-b106-59447051630b-1-0 |  1157000 |   366000 |   460286222 |  14857777039 |         0 |      0 |  1552754925 |      0 |      0 |         0 
 30989 Thread 55 - PartitionProcessorThre...fbf-b106-59447051630b-1-1 |  1180000 |   434000 |   487819624 |  15745445230 |         0 |      0 |  1364947865 |      0 |      0 |         0 
 30990 Thread 56 - PartitionProcessorThre...fbf-b106-59447051630b-1-2 |  1218000 |   402000 |   488344085 |  15804170394 |         0 |      0 |  1257350051 |      0 |      0 |         0 
 30991 Thread 57 - PartitionProcessorThre...fbf-b106-59447051630b-1-3 |  1188000 |   410000 |   481267019 |  15589184933 |         0 |      0 |  1305747869 |      0 |      0 |         0 
 30992 Thread 58 - PartitionProcessorThre...fbf-b106-59447051630b-1-4 |  1131000 |   392000 |   460294691 |  14857716879 |         0 |      0 |  1550704985 |      0 |      0 |         0 
 30993 Thread 59 - PartitionProcessorThre...fbf-b106-59447051630b-1-5 |  1174000 |   397000 |   474057617 |  15326378762 |         0 |      0 |  1255578513 |      0 |      0 |         0 
 30994 Thread 60 - PartitionProcessorThre...fbf-b106-59447051630b-1-6 |  1191000 |   408000 |   482550605 |  15599494015 |  10831872 |      0 |  1430665251 |      0 |      0 |         0 
 30995 Thread 61 - PartitionProcessorThre...fbf-b106-59447051630b-1-7 |  1111000 |   361000 |   444538394 |  14360225070 |         0 |      0 |  1144014609 |      0 |      0 |         0 
 30996 Thread 62 - PartitionProcessorThre...fbf-b106-59447051630b-1-8 |  1184000 |   422000 |   483615187 |  15667584437 |         0 |      0 |  1348586821 |      0 |      0 |         0 
 30997 Thread 63 - PartitionProcessorThre...fbf-b106-59447051630b-1-9 |  1249000 |   384000 |   492968909 |  15931148883 |         0 |      0 |  1385008375 |      0 |      0 |         0 
 30998 Thread 64 - PartitionProcessorThre...bf-b106-59447051630b-1-10 |  1151000 |   391000 |   464844480 |  15043207348 |         0 |      0 |  1581757514 |      0 |      0 |         0 
 30999 Thread 65 - PartitionProcessorThre...bf-b106-59447051630b-1-11 |  1110000 |   389000 |   451184945 |  14623536000 |         0 |      0 |  1501218696 |      0 |      0 |         0 
 31000 Thread 66 - PartitionProcessorThre...bf-b106-59447051630b-1-12 |  1192000 |   390000 |   477390558 |  15433243648 |         0 |      0 |  1392120286 |      0 |      0 |         0 
 31001 Thread 67 - PartitionProcessorThre...bf-b106-59447051630b-1-13 |  1158000 |   412000 |   474429273 |  15316525180 |         0 |      0 |  1384881759 |      0 |      0 |         0 
 31002 Thread 68 - PartitionProcessorThre...bf-b106-59447051630b-1-14 |  1187000 |   360000 |   466756070 |  15091623516 |         0 |      0 |  1438800740 |      0 |      0 |         0 
 31003 Thread 69 - PartitionProcessorThre...bf-b106-59447051630b-1-15 |  1180000 |   419000 |   483589730 |  15599189859 |         0 |      0 |  1555583589 |      0 |      0 |         0 
 31004 Thread 70 - PartitionProcessorThre...bf-b106-59447051630b-1-16 |  1143000 |   410000 |   469731187 |  15150590301 |         0 |      0 |  1411131484 |      0 |      0 |         0 
 31005 Thread 71 - PartitionProcessorThre...bf-b106-59447051630b-1-17 |  1053000 |   412000 |   441262035 |  14291752031 |         0 |      0 |  1252185787 |      0 |      0 |         0 
 31006 Thread 72 - PartitionProcessorThre...bf-b106-59447051630b-1-18 |  1177000 |   385000 |   470573863 |  15238081723 |         0 |      0 |  1498034446 |      0 |      0 |         0 
 31007 Thread 73 - PartitionProcessorThre...bf-b106-59447051630b-1-19 |  1175000 |   366000 |   465007742 |  15033282441 |         0 |      0 |  1374459554 |      0 |      0 |         0 
 31403 Thread 74 - process reaper                                     |     1000 |     1000 |      665449 |     19571249 |      2048 |      0 |           0 |      0 |      0 |         0 
 31409 Thread 75 - Attach Listener                                    |   352000 |    93000 |   138184854 |   4348674104 |   5304320 | 134144 |     4331290 |      0 |      0 |         0 
