                                 Task                                 |  utime   |  stime   |     rss     |     vmem     |   read    | write  |    d:cpu    |  d:bio  | d:swap | d:reclaim 
 87474 Thread 1 - main                                                |   573000 |    79000 |    39889170 |   4938891271 |  21054464 |   1024 |    11093834 |       0 |      0 |         0 
 87496 Thread 2 - Reference Handler                                   |     5000 |        0 |      678738 |     40823089 |         0 |      0 |      695524 |       0 |      0 |         0 
 87497 Thread 3 - Finalizer                                           |     8000 |     1000 |     1251624 |     73099765 |      5120 |      0 |     1297028 |       0 |      0 |         0 
 87498 Thread 4 - Surrogate Locker Thread (Concurrent GC)             |     1000 |        0 |       32011 |      7163285 |         0 |      0 |       13604 |       0 |      0 |         0 
 87499 Thread 5 - Signal Dispatcher                                   |        0 |        0 |           0 |            0 |         0 |      0 |        3786 |       0 |      0 |         0 
 87508 Thread 11 - DecatonSubscriptionThread-decaton-benchmark        | 29320000 | 32234000 | 18798635156 | 599433886400 | 637069312 | 121856 | 18307566465 |  153207 |      0 |         0 
 87510 Thread 13 - kafka-coordinator-hear...hread | decaton-benchmark |   172000 |    38000 |    63863839 |   2047031304 |   6089728 |   4096 |    22349930 |  919272 |      0 |         0 
 87513 Thread 14 - PartitionProcessorThre...4df-a321-2975d133118d-1-0 |  1307000 |   450000 |   532119898 |  17129606106 |    159744 |      0 |  1348241361 |       0 |      0 |         0 
 87514 Thread 15 - PartitionProcessorThre...4df-a321-2975d133118d-1-1 |  1286000 |   479000 |   534584293 |  17216682676 |         0 |      0 |  1509860650 |       0 |      0 |         0 
 87515 Thread 16 - PartitionProcessorThre...4df-a321-2975d133118d-1-2 |  1236000 |   429000 |   506879586 |  16245545895 |         0 |      0 |  1078890554 |       0 |      0 |         0 
 87516 Thread 17 - PartitionProcessorThre...4df-a321-2975d133118d-1-3 |  1332000 |   463000 |   543841633 |  17510657703 |         0 |      0 |  1245562208 |       0 |      0 |         0 
 87517 Thread 18 - PartitionProcessorThre...4df-a321-2975d133118d-1-4 |  1237000 |   447000 |   511212844 |  16428350582 |      4096 |      0 |  1495041593 |       0 |      0 |         0 
 87518 Thread 19 - PartitionProcessorThre...4df-a321-2975d133118d-1-5 |  1210000 |   458000 |   506873098 |  16273369047 |         0 |      0 |  1511738968 |       0 |      0 |         0 
 87519 Thread 20 - PartitionProcessorThre...4df-a321-2975d133118d-1-6 |  1308000 |   413000 |   523720781 |  16788997250 |         0 |      0 |  1547027413 |       0 |      0 |         0 
 87520 Thread 21 - PartitionProcessorThre...4df-a321-2975d133118d-1-7 |  1284000 |   444000 |   524050938 |  16857736348 |         0 |      0 |  1445208010 |       0 |      0 |         0 
 87521 Thread 22 - PartitionProcessorThre...4df-a321-2975d133118d-1-8 |  1286000 |   453000 |   529071231 |  16961298969 |      3072 |      0 |  1424179589 |       0 |      0 |         0 
 87522 Thread 23 - PartitionProcessorThre...4df-a321-2975d133118d-1-9 |  1308000 |   437000 |   532355738 |  17022150805 |      1024 |      0 |  1298823450 |       0 |      0 |         0 
 87523 Thread 24 - PartitionProcessorThre...df-a321-2975d133118d-1-10 |  1290000 |   405000 |   516145735 |  16536083469 |      1024 |      0 |  1526586868 |       0 |      0 |         0 
 87524 Thread 25 - PartitionProcessorThre...df-a321-2975d133118d-1-11 |  1250000 |   435000 |   513024145 |  16435572852 |         0 |      0 |  1422756972 |       0 |      0 |         0 
 87525 Thread 26 - PartitionProcessorThre...df-a321-2975d133118d-1-12 |  1241000 |   430000 |   507766024 |  16301676641 |         0 |      0 |  1501145964 |       0 |      0 |         0 
 87526 Thread 27 - PartitionProcessorThre...df-a321-2975d133118d-1-13 |  1274000 |   441000 |   521954996 |  16732704680 |         0 |      0 |  1405712603 |       0 |      0 |         0 
 87527 Thread 28 - PartitionProcessorThre...df-a321-2975d133118d-1-14 |  1305000 |   441000 |   528258902 |  17035744930 |         0 |      0 |  1381907008 |       0 |      0 |         0 
 87528 Thread 29 - PartitionProcessorThre...df-a321-2975d133118d-1-15 |  1274000 |   464000 |   527161191 |  16957036657 |      1024 |      0 |  1383889898 |       0 |      0 |         0 
 87529 Thread 30 - PartitionProcessorThre...df-a321-2975d133118d-1-16 |  1277000 |   443000 |   524045699 |  16782668579 |         0 |      0 |  1499955681 |       0 |      0 |         0 
 87530 Thread 31 - PartitionProcessorThre...df-a321-2975d133118d-1-17 |  1340000 |   423000 |   534543766 |  17199632707 |     35840 |      0 |  1453264532 |       0 |      0 |         0 
 87531 Thread 32 - PartitionProcessorThre...df-a321-2975d133118d-1-18 |  1380000 |   478000 |   565947543 |  18129415817 |         0 |      0 |  1420837765 |       0 |      0 |         0 
 87532 Thread 33 - PartitionProcessorThre...df-a321-2975d133118d-1-19 |  1294000 |   436000 |   526853707 |  16880474489 |         0 |      0 |  1398919406 |       0 |      0 |         0 
 87533 Thread 34 - PartitionProcessorThre...4df-a321-2975d133118d-0-0 |  1233000 |   459000 |   519761551 |  16509997864 |         0 |      0 |  1411969713 |       0 |      0 |         0 
 87534 Thread 35 - PartitionProcessorThre...4df-a321-2975d133118d-0-1 |  1250000 |   465000 |   527585621 |  16735041184 |         0 |      0 |  1388432525 |       0 |      0 |         0 
 87535 Thread 36 - PartitionProcessorThre...4df-a321-2975d133118d-0-2 |  1220000 |   459000 |   514346360 |  16383805954 |         0 |      0 |  1384866795 |       0 |      0 |         0 
 87536 Thread 37 - PartitionProcessorThre...4df-a321-2975d133118d-0-3 |  1187000 |   443000 |   501451004 |  15905064020 |         0 |      0 |  1529732316 |       0 |      0 |         0 
 87537 Thread 38 - PartitionProcessorThre...4df-a321-2975d133118d-0-4 |  1221000 |   443000 |   511462055 |  16237323809 |         0 |      0 |  1511754857 |       0 |      0 |         0 
 87538 Thread 39 - PartitionProcessorThre...4df-a321-2975d133118d-0-5 |  1269000 |   468000 |   532752395 |  16949023442 |         0 |      0 |  1237449387 |       0 |      0 |         0 
 87539 Thread 40 - PartitionProcessorThre...4df-a321-2975d133118d-0-6 |  1261000 |   459000 |   528467227 |  16784657508 |         0 |      0 |  1475254313 |       0 |      0 |         0 
 87540 Thread 41 - PartitionProcessorThre...4df-a321-2975d133118d-0-7 |  1212000 |   483000 |   520643145 |  16539600129 |         0 |      0 |  1171771167 |       0 |      0 |         0 
 87541 Thread 42 - PartitionProcessorThre...4df-a321-2975d133118d-0-8 |  1224000 |   430000 |   506651965 |  16138856348 |         0 |      0 |  1295172779 |       0 |      0 |         0 
 87542 Thread 43 - PartitionProcessorThre...4df-a321-2975d133118d-0-9 |  1264000 |   449000 |   526118469 |  16715110164 |         0 |      0 |  1293182711 |       0 |      0 |         0 
 87543 Thread 44 - PartitionProcessorThre...df-a321-2975d133118d-0-10 |  1286000 |   428000 |   526520938 |  16724971571 |         0 |      0 |  1291810955 |       0 |      0 |         0 
 87544 Thread 45 - PartitionProcessorThre...df-a321-2975d133118d-0-11 |  1192000 |   437000 |   500329539 |  15895499040 |         0 |      0 |  1392515499 |       0 |      0 |         0 
 87545 Thread 46 - PartitionProcessorThre...df-a321-2975d133118d-0-12 |  1184000 |   457000 |   503975114 |  16013007528 |         0 |      0 |  1528262383 |       0 |      0 |         0 
 87546 Thread 47 - PartitionProcessorThre...df-a321-2975d133118d-0-13 |  1281000 |   420000 |   522102434 |  16598017239 |         0 |      0 |  1540436543 |       0 |      0 |         0 
 87547 Thread 48 - PartitionProcessorThre...df-a321-2975d133118d-0-14 |  1238000 |   443000 |   516150410 |  16403550051 |         0 |      0 |  1526237218 |       0 |      0 |         0 
 87548 Thread 49 - PartitionProcessorThre...df-a321-2975d133118d-0-15 |  1234000 |   417000 |   506966563 |  16110803133 |         0 |      0 |  1595401059 |       0 |      0 |         0 
 87549 Thread 50 - PartitionProcessorThre...df-a321-2975d133118d-0-16 |  1206000 |   474000 |   516018223 |  16393294000 |         0 |      0 |  1705722815 |       0 |      0 |         0 
 87550 Thread 51 - PartitionProcessorThre...df-a321-2975d133118d-0-17 |  1218000 |   444000 |   510484590 |  16217590848 |         0 |      0 |  1435969832 |       0 |      0 |         0 
 87551 Thread 52 - PartitionProcessorThre...df-a321-2975d133118d-0-18 |  1319000 |   434000 |   538464625 |  17106093270 |         0 |      0 |  1576715220 |       0 |      0 |         0 
 87552 Thread 53 - PartitionProcessorThre...df-a321-2975d133118d-0-19 |  1248000 |   482000 |   532443949 |  16882351348 |         0 |      0 |  1559368959 |       0 |      0 |         0 
 87553 Thread 54 - PartitionProcessorThre...4df-a321-2975d133118d-2-0 |  1212000 |   464000 |   515948617 |  16354306000 |         0 |      0 |  1479572311 |       0 |      0 |         0 
 87554 Thread 55 - PartitionProcessorThre...4df-a321-2975d133118d-2-1 |  1310000 |   451000 |   541200414 |  17183655133 |         0 |      0 |  1450440579 |       0 |      0 |         0 
 87555 Thread 56 - PartitionProcessorThre...4df-a321-2975d133118d-2-2 |  1259000 |   441000 |   523724863 |  16589001942 |         0 |      0 |  1342388988 |       0 |      0 |         0 
 87556 Thread 57 - PartitionProcessorThre...4df-a321-2975d133118d-2-3 |  1281000 |   457000 |   533960320 |  16959446246 |         0 |      0 |  1350473264 |       0 |      0 |         0 
 87557 Thread 58 - PartitionProcessorThre...4df-a321-2975d133118d-2-4 |  1230000 |   479000 |   526271711 |  16676668516 |         0 |      0 |  1275952005 |       0 |      0 |         0 
 87558 Thread 59 - PartitionProcessorThre...4df-a321-2975d133118d-2-5 |  1222000 |   453000 |   515843024 |  16345227442 |         0 |      0 |  1348391883 |       0 |      0 |         0 
 87559 Thread 60 - PartitionProcessorThre...4df-a321-2975d133118d-2-6 |  1238000 |   491000 |   532756172 |  16871990868 |         0 |      0 |  1364800393 |       0 |      0 |         0 
 87560 Thread 61 - PartitionProcessorThre...4df-a321-2975d133118d-2-7 |  1240000 |   405000 |   506332813 |  16052012598 |         0 |      0 |  1224508065 | 9758707 |      0 |         0 
 87561 Thread 62 - PartitionProcessorThre...4df-a321-2975d133118d-2-8 |  1305000 |   395000 |   523765102 |  16588080332 |         0 |      0 |  1311244320 |       0 |      0 |         0 
 87562 Thread 63 - PartitionProcessorThre...4df-a321-2975d133118d-2-9 |  1229000 |   470000 |   522470156 |  16578649450 |         0 |      0 |  1357365053 |       0 |      0 |         0 
 87563 Thread 64 - PartitionProcessorThre...df-a321-2975d133118d-2-10 |  1209000 |   436000 |   506172157 |  16051635290 |         0 |      0 |  1604734548 |       0 |      0 |         0 
 87564 Thread 65 - PartitionProcessorThre...df-a321-2975d133118d-2-11 |  1289000 |   448000 |   535256520 |  16949417586 |         0 |      0 |  1504283628 |       0 |      0 |         0 
 87565 Thread 66 - PartitionProcessorThre...df-a321-2975d133118d-2-12 |  1243000 |   394000 |   503880680 |  15974657227 |         0 |      0 |  1366871696 |       0 |      0 |         0 
 87566 Thread 67 - PartitionProcessorThre...df-a321-2975d133118d-2-13 |  1293000 |   456000 |   538535699 |  17067022664 |         0 |      0 |  1446832914 |       0 |      0 |         0 
 87567 Thread 68 - PartitionProcessorThre...df-a321-2975d133118d-2-14 |  1355000 |   457000 |   557628426 |  17680983020 |         0 |      0 |  1403514234 |       0 |      0 |         0 
 87568 Thread 69 - PartitionProcessorThre...df-a321-2975d133118d-2-15 |  1192000 |   441000 |   502451075 |  15934745555 |         0 |      0 |  1642390959 |       0 |      0 |         0 
 87569 Thread 70 - PartitionProcessorThre...df-a321-2975d133118d-2-16 |  1301000 |   479000 |   547941836 |  17369413723 |         0 |      0 |  1431900315 |       0 |      0 |         0 
 87570 Thread 71 - PartitionProcessorThre...df-a321-2975d133118d-2-17 |  1308000 |   433000 |   535899973 |  16988779071 |         0 |      0 |  1428208161 |       0 |      0 |         0 
 87571 Thread 72 - PartitionProcessorThre...df-a321-2975d133118d-2-18 |  1302000 |   417000 |   529727559 |  16774357219 |         0 |      0 |  1434533360 |       0 |      0 |         0 
 87572 Thread 73 - PartitionProcessorThre...df-a321-2975d133118d-2-19 |  1218000 |   438000 |   510158539 |  16160197715 |         0 |      0 |  1460797034 |       0 |      0 |         0 
 87841 Thread 74 - process reaper                                     |     1000 |        0 |      321390 |      9785996 |      2048 |      0 |        6698 |       0 |      0 |         0 
 87847 Thread 75 - Attach Listener                                    |   363000 |    97000 |   144087057 |   4495238179 |   5304320 | 168960 |     1540136 |       0 |      0 |         0 
