                                 Task                                 |  utime   |  stime   |     rss     |     vmem     |   read    | write  |    d:cpu    |  d:bio  | d:swap | d:reclaim 
 15915 Thread 1 - main                                                |   701000 |   147000 |    53321697 |   6472388607 |  22117376 |   2048 |     5842693 |       0 |      0 |         0 
 15937 Thread 2 - Reference Handler                                   |     7000 |     2000 |     1156609 |     76851128 |         0 |      0 |     1004228 |       0 |      0 |         0 
 15938 Thread 3 - Finalizer                                           |     6000 |        0 |      602097 |     49296769 |      5120 |      0 |      465276 |       0 |      0 |         0 
 15939 Thread 4 - Surrogate Locker Thread (Concurrent GC)             |        0 |        0 |           0 |            0 |         0 |      0 |           0 |       0 |      0 |         0 
 15940 Thread 5 - Signal Dispatcher                                   |     1000 |        0 |      294542 |      9757742 |         0 |      0 |        1171 |       0 |      0 |         0 
 15948 Thread 12 - RMI Scheduler(0)                                   |     1000 |        0 |      287128 |      9757519 |      4096 |      0 |      805391 |       0 |      0 |         0 
 15949 Thread 13 - RMI RenewClean-[10.231.182.152:46356]              |        0 |     1000 |       75312 |      7762238 |      1024 |      0 |           0 |       0 |      0 |         0 
 15950 Thread 14 - GC Daemon                                          |        0 |        0 |           0 |            0 |         0 |      0 |        1825 |       0 |      0 |         0 
 15952 Thread 15 - DecatonSubscriptionThread-decaton-benchmark        | 29661000 | 30889000 | 17504708580 | 589704823972 | 585103360 | 150528 | 19370463264 | 1814572 |      0 |         0 
 15954 Thread 16 - kafka-coordinator-hear...hread | decaton-benchmark |   245000 |    84000 |    95549495 |   3209742170 |   6430720 |   7168 |    30525043 |  491135 |      0 |         0 
 15959 Thread 17 - PartitionProcessorThre...4fd-b700-ab2907150860-0-0 |  1279000 |   423000 |   491493278 |  16587920381 |    158720 |      0 |  1676572005 |       0 |      0 |         0 
 15960 Thread 18 - PartitionProcessorThre...4fd-b700-ab2907150860-0-1 |  1288000 |   392000 |   485238762 |  16385229342 |         0 |      0 |  1806936521 |       0 |      0 |         0 
 15961 Thread 19 - PartitionProcessorThre...4fd-b700-ab2907150860-0-2 |  1304000 |   434000 |   502992039 |  16952936228 |         0 |      0 |  1850416228 |       0 |      0 |         0 
 15962 Thread 20 - PartitionProcessorThre...4fd-b700-ab2907150860-0-3 |  1309000 |   374000 |   489704879 |  16422616318 |         0 |      0 |  1718573424 |       0 |      0 |         0 
 15963 Thread 21 - PartitionProcessorThre...4fd-b700-ab2907150860-0-4 |  1303000 |   401000 |   493214028 |  16627473264 |         0 |      0 |  1800834261 |       0 |      0 |         0 
 15964 Thread 22 - PartitionProcessorThre...4fd-b700-ab2907150860-0-5 |  1287000 |   437000 |   497585891 |  16820004451 |         0 |      0 |  1740879870 |       0 |      0 |         0 
 15965 Thread 23 - PartitionProcessorThre...4fd-b700-ab2907150860-0-6 |  1253000 |   458000 |   495063086 |  16694084681 |         0 |      0 |  1825231784 |       0 |      0 |         0 
 15966 Thread 24 - PartitionProcessorThre...4fd-b700-ab2907150860-0-7 |  1257000 |   419000 |   486923922 |  16353730318 |         0 |      0 |  1771102255 |       0 |      0 |         0 
 15967 Thread 25 - PartitionProcessorThre...4fd-b700-ab2907150860-0-8 |  1331000 |   457000 |   517565305 |  17445371962 |         0 |      0 |  1725023048 |       0 |      0 |         0 
 15968 Thread 26 - PartitionProcessorThre...4fd-b700-ab2907150860-0-9 |  1322000 |   420000 |   504719024 |  16997123490 |         0 |      0 |  1541703624 |       0 |      0 |         0 
 15969 Thread 27 - PartitionProcessorThre...fd-b700-ab2907150860-0-10 |  1328000 |   429000 |   507998156 |  17142417041 |         0 |      0 |  1862393701 |       0 |      0 |         0 
 15970 Thread 28 - PartitionProcessorThre...fd-b700-ab2907150860-0-11 |  1217000 |   426000 |   474284051 |  16031122740 |         0 |      0 |  1795494302 |       0 |      0 |         0 
 15971 Thread 29 - PartitionProcessorThre...fd-b700-ab2907150860-0-12 |  1303000 |   397000 |   490968328 |  16587060447 |         0 |      0 |  1866212409 |       0 |      0 |         0 
 15972 Thread 30 - PartitionProcessorThre...fd-b700-ab2907150860-0-13 |  1354000 |   394000 |   505815227 |  17054798443 |         0 |      0 |  1772317320 |       0 |      0 |         0 
 15973 Thread 31 - PartitionProcessorThre...fd-b700-ab2907150860-0-14 |  1349000 |   430000 |   514018621 |  17358796572 |         0 |      0 |  1856457151 |       0 |      0 |         0 
 15974 Thread 32 - PartitionProcessorThre...fd-b700-ab2907150860-0-15 |  1343000 |   401000 |   504292410 |  17016446306 |         0 |      0 |  1805115258 |       0 |      0 |         0 
 15975 Thread 33 - PartitionProcessorThre...fd-b700-ab2907150860-0-16 |  1370000 |   407000 |   515169805 |  17338975845 |         0 |      0 |  1810398585 |       0 |      0 |         0 
 15976 Thread 34 - PartitionProcessorThre...fd-b700-ab2907150860-0-17 |  1300000 |   424000 |   497370352 |  16820595717 |      1024 |      0 |  1800345249 |       0 |      0 |         0 
 15977 Thread 35 - PartitionProcessorThre...fd-b700-ab2907150860-0-18 |  1236000 |   397000 |   472221473 |  15934163565 |         0 |      0 |  1886039755 |       0 |      0 |         0 
 15978 Thread 36 - PartitionProcessorThre...fd-b700-ab2907150860-0-19 |  1264000 |   412000 |   484323727 |  16352859916 |  10831872 |      0 |  1666112980 |       0 |      0 |         0 
 15979 Thread 37 - PartitionProcessorThre...4fd-b700-ab2907150860-2-0 |  1302000 |   414000 |   499323528 |  16744618853 |         0 |      0 |  1754598900 |       0 |      0 |         0 
 15980 Thread 38 - PartitionProcessorThre...4fd-b700-ab2907150860-2-1 |  1282000 |   430000 |   495479145 |  16706000443 |         0 |      0 |  1624045855 |       0 |      0 |         0 
 15981 Thread 39 - PartitionProcessorThre...4fd-b700-ab2907150860-2-2 |  1316000 |   390000 |   495331840 |  16647938705 |         0 |      0 |  1815199780 |       0 |      0 |         0 
 15982 Thread 40 - PartitionProcessorThre...4fd-b700-ab2907150860-2-3 |  1274000 |   406000 |   489185934 |  16393835682 |      3072 |      0 |  1561309606 |       0 |      0 |         0 
 15983 Thread 41 - PartitionProcessorThre...4fd-b700-ab2907150860-2-4 |  1279000 |   445000 |   500588274 |  16823320740 |         0 |      0 |  1829366551 |       0 |      0 |         0 
 15984 Thread 42 - PartitionProcessorThre...4fd-b700-ab2907150860-2-5 |  1292000 |   375000 |   483770828 |  16267147744 |         0 |      0 |  1784788201 |       0 |      0 |         0 
 15985 Thread 43 - PartitionProcessorThre...4fd-b700-ab2907150860-2-6 |  1269000 |   443000 |   497922778 |  16705958088 |         0 |      0 |  1639538611 |       0 |      0 |         0 
 15986 Thread 44 - PartitionProcessorThre...4fd-b700-ab2907150860-2-7 |  1253000 |   380000 |   475135239 |  15935456900 |         0 |      0 |  1611028868 |       0 |      0 |         0 
 15987 Thread 45 - PartitionProcessorThre...4fd-b700-ab2907150860-2-8 |  1264000 |   385000 |   478590125 |  16091410182 |         0 |      0 |  1804178255 |       0 |      0 |         0 
 15988 Thread 46 - PartitionProcessorThre...4fd-b700-ab2907150860-2-9 |  1242000 |   382000 |   472156188 |  15847327654 |         0 |      0 |  1756118044 |       0 |      0 |         0 
 15989 Thread 47 - PartitionProcessorThre...fd-b700-ab2907150860-2-10 |  1244000 |   437000 |   487610055 |  16403599264 |         0 |      0 |  1658899397 |       0 |      0 |         0 
 15990 Thread 48 - PartitionProcessorThre...fd-b700-ab2907150860-2-11 |  1314000 |   428000 |   507279293 |  16999030752 |         0 |      0 |  1786912782 |       0 |      0 |         0 
 15991 Thread 49 - PartitionProcessorThre...fd-b700-ab2907150860-2-12 |  1346000 |   386000 |   503024321 |  16901402154 |         0 |      0 |  1693549082 |       0 |      0 |         0 
 15992 Thread 50 - PartitionProcessorThre...fd-b700-ab2907150860-2-13 |  1252000 |   418000 |   486669383 |  16296342186 |         0 |      0 |  1828848073 |       0 |      0 |         0 
 15993 Thread 51 - PartitionProcessorThre...fd-b700-ab2907150860-2-14 |  1329000 |   373000 |   494966145 |  16608443701 |         0 |      0 |  1839200046 |       0 |      0 |         0 
 15994 Thread 52 - PartitionProcessorThre...fd-b700-ab2907150860-2-15 |  1142000 |   422000 |   454277528 |  15262065600 |         0 |      0 |  1636975345 |       0 |      0 |         0 
 15995 Thread 53 - PartitionProcessorThre...fd-b700-ab2907150860-2-16 |  1222000 |   396000 |   470346844 |  15788819088 |         0 |      0 |  1770790272 |       0 |      0 |         0 
 15996 Thread 54 - PartitionProcessorThre...fd-b700-ab2907150860-2-17 |  1221000 |   389000 |   467363504 |  15710640330 |         0 |      0 |  1823667195 |       0 |      0 |         0 
 15997 Thread 55 - PartitionProcessorThre...fd-b700-ab2907150860-2-18 |  1360000 |   431000 |   521714727 |  17477220498 |         0 |      0 |  1712012396 |       0 |      0 |         0 
 15998 Thread 56 - PartitionProcessorThre...fd-b700-ab2907150860-2-19 |  1335000 |   450000 |   519090785 |  17418735373 |         0 |      0 |  1674709758 |       0 |      0 |         0 
 15999 Thread 57 - PartitionProcessorThre...4fd-b700-ab2907150860-1-0 |  1310000 |   412000 |   500239110 |  16803607545 |         0 |      0 |  1746571854 |       0 |      0 |         0 
 16000 Thread 58 - PartitionProcessorThre...4fd-b700-ab2907150860-1-1 |  1208000 |   380000 |   462458313 |  15496089291 |         0 |      0 |  1782449815 |       0 |      0 |         0 
 16001 Thread 59 - PartitionProcessorThre...4fd-b700-ab2907150860-1-2 |  1286000 |   420000 |   496303321 |  16647878494 |         0 |      0 |  1539232004 |       0 |      0 |         0 
 16002 Thread 60 - PartitionProcessorThre...4fd-b700-ab2907150860-1-3 |  1370000 |   393000 |   513087305 |  17204602541 |         0 |      0 |  1862725864 |       0 |      0 |         0 
 16003 Thread 61 - PartitionProcessorThre...4fd-b700-ab2907150860-1-4 |  1288000 |   382000 |   485550676 |  16296263307 |         0 |      0 |  1588336432 |       0 |      0 |         0 
 16004 Thread 62 - PartitionProcessorThre...4fd-b700-ab2907150860-1-5 |  1370000 |   420000 |   520486590 |  17467280478 |         0 |      0 |  1532581319 |       0 |      0 |         0 
 16005 Thread 63 - PartitionProcessorThre...4fd-b700-ab2907150860-1-6 |  1245000 |   395000 |   477163157 |  16003853498 |         0 |      0 |  1617279391 |       0 |      0 |         0 
 16006 Thread 64 - PartitionProcessorThre...4fd-b700-ab2907150860-1-7 |  1260000 |   407000 |   485665254 |  16266904627 |         0 |      0 |  1615730987 |       0 |      0 |         0 
 16007 Thread 65 - PartitionProcessorThre...4fd-b700-ab2907150860-1-8 |  1296000 |   423000 |   499850965 |  16774582713 |         0 |      0 |  1843840962 |       0 |      0 |         0 
 16008 Thread 66 - PartitionProcessorThre...4fd-b700-ab2907150860-1-9 |  1319000 |   405000 |   501695383 |  16823937424 |         0 |      0 |  1665754512 |       0 |      0 |         0 
 16009 Thread 67 - PartitionProcessorThre...fd-b700-ab2907150860-1-10 |  1218000 |   404000 |   471960618 |  15828103318 |         0 |      0 |  1677509098 |       0 |      0 |         0 
 16010 Thread 68 - PartitionProcessorThre...fd-b700-ab2907150860-1-11 |  1279000 |   418000 |   493447887 |  16559658920 |         0 |      0 |  1872053389 |       0 |      0 |         0 
 16011 Thread 69 - PartitionProcessorThre...fd-b700-ab2907150860-1-12 |  1349000 |   391000 |   506471703 |  16979691572 |         0 |      0 |  1525776011 |       0 |      0 |         0 
 16012 Thread 70 - PartitionProcessorThre...fd-b700-ab2907150860-1-13 |  1280000 |   438000 |   499349571 |  16764939017 |         0 |      0 |  1675467683 |       0 |      0 |         0 
 16013 Thread 71 - PartitionProcessorThre...fd-b700-ab2907150860-1-14 |  1333000 |   374000 |   496654981 |  16657463771 |         0 |      0 |  1564047866 |       0 |      0 |         0 
 16014 Thread 72 - PartitionProcessorThre...fd-b700-ab2907150860-1-15 |  1285000 |   419000 |   495524133 |  16628506990 |         0 |      0 |  1643764130 |       0 |      0 |         0 
 16015 Thread 73 - PartitionProcessorThre...fd-b700-ab2907150860-1-16 |  1280000 |   422000 |   494686864 |  16608934537 |         0 |      0 |  1750155268 |       0 |      0 |         0 
 16016 Thread 74 - PartitionProcessorThre...fd-b700-ab2907150860-1-17 |  1408000 |   354000 |   513093848 |  17193982806 |         0 |      0 |  1723604752 |       0 |      0 |         0 
 16017 Thread 75 - PartitionProcessorThre...fd-b700-ab2907150860-1-18 |  1310000 |   429000 |   505947215 |  16969445029 |         0 |      0 |  1753302090 |       0 |      0 |         0 
 16018 Thread 76 - PartitionProcessorThre...fd-b700-ab2907150860-1-19 |  1334000 |   412000 |   509112180 |  17038064447 |         0 |      0 |  1644779091 |       0 |      0 |         0 
 16619 Thread 77 - process reaper                                     |     2000 |     1000 |      911792 |     29357898 |         0 |      0 |       12227 |       0 |      0 |         0 
 16625 Thread 78 - Attach Listener                                    |   412000 |   104000 |   153145346 |   5044049143 |   5304320 | 105472 |     4669728 |       0 |      0 |         0 
