                                 Task                                 |  utime   |  stime   |     rss     |     vmem     |   read    | write  |    d:cpu    |  d:bio  | d:swap | d:reclaim 
 18810 Thread 1 - main                                                |   701000 |   129000 |    52765295 |   6346320240 |  22108160 |   1024 |    17539918 |       0 |      0 |         0 
 18832 Thread 2 - Reference Handler                                   |     1000 |        0 |      102195 |      7966281 |         0 |      0 |      526872 |       0 |      0 |         0 
 18833 Thread 3 - Finalizer                                           |     5000 |        0 |      470257 |     40571402 |     13312 |      0 |     2127924 |       0 |      0 |         0 
 18834 Thread 4 - Surrogate Locker Thread (Concurrent GC)             |        0 |        0 |           0 |            0 |         0 |      0 |        5847 |       0 |      0 |         0 
 18835 Thread 5 - Signal Dispatcher                                   |     1000 |        0 |      295839 |      9757742 |         0 |      0 |           0 |       0 |      0 |         0 
 18845 Thread 12 - RMI Scheduler(0)                                   |     3000 |        0 |      852207 |     29272558 |      4096 |      0 |       18566 |       0 |      0 |         0 
 18846 Thread 13 - RMI RenewClean-[10.231.182.152:38214]              |     2000 |        0 |      157046 |     15719480 |      1024 |      0 |           0 |       0 |      0 |         0 
 18847 Thread 14 - GC Daemon                                          |        0 |     1000 |       75695 |      7829242 |         0 |      0 |           0 |       0 |      0 |         0 
 18849 Thread 15 - DecatonSubscriptionThread-decaton-benchmark        | 32827000 | 34449000 | 19444704157 | 655496432865 | 635864064 | 142336 | 21531665386 |  310718 |      0 |         0 
 18851 Thread 16 - kafka-coordinator-hear...hread | decaton-benchmark |   269000 |    72000 |    97592050 |   3322763077 |   7046144 |   6144 |    38485761 |  387382 |      0 |         0 
 18855 Thread 17 - PartitionProcessorThre...d16-87e7-fd7c694a328e-1-0 |  1362000 |   449000 |   525187352 |  17665692576 |    117760 |      0 |  1600989899 |       0 |      0 |         0 
 18856 Thread 18 - PartitionProcessorThre...d16-87e7-fd7c694a328e-1-1 |  1339000 |   475000 |   526191047 |  17687531428 |     35840 |      0 |  1679709399 |       0 |      0 |         0 
 18857 Thread 19 - PartitionProcessorThre...d16-87e7-fd7c694a328e-1-2 |  1363000 |   445000 |   525796371 |  17642071275 |         0 |      0 |  1651447291 |       0 |      0 |         0 
 18858 Thread 20 - PartitionProcessorThre...d16-87e7-fd7c694a328e-1-3 |  1400000 |   479000 |   546919496 |  18336310931 |      1024 |      0 |  1835131540 |       0 |      0 |         0 
 18859 Thread 21 - PartitionProcessorThre...d16-87e7-fd7c694a328e-1-4 |  1363000 |   453000 |   528514547 |  17723136111 |      3072 |      0 |  1671037763 |       0 |      0 |         0 
 18860 Thread 22 - PartitionProcessorThre...d16-87e7-fd7c694a328e-1-5 |  1336000 |   458000 |   521101504 |  17507053592 |         0 |      0 |  1676154662 |       0 |      0 |         0 
 18861 Thread 23 - PartitionProcessorThre...d16-87e7-fd7c694a328e-1-6 |  1434000 |   415000 |   537533934 |  18045280744 |         0 |      0 |  1821176060 |       0 |      0 |         0 
 18862 Thread 24 - PartitionProcessorThre...d16-87e7-fd7c694a328e-1-7 |  1412000 |   463000 |   546381660 |  18301424088 |         0 |      0 |  1535085180 |       0 |      0 |         0 
 18863 Thread 25 - PartitionProcessorThre...d16-87e7-fd7c694a328e-1-8 |  1371000 |   505000 |   545628063 |  18310307736 |         0 |      0 |  1553514114 |       0 |      0 |         0 
 18864 Thread 26 - PartitionProcessorThre...d16-87e7-fd7c694a328e-1-9 |  1343000 |   475000 |   528531184 |  17743612111 |         0 |      0 |  1798235065 |       0 |      0 |         0 
 18865 Thread 27 - PartitionProcessorThre...16-87e7-fd7c694a328e-1-10 |  1352000 |   411000 |   512029883 |  17206187525 |         0 |      0 |  1783385051 |       0 |      0 |         0 
 18866 Thread 28 - PartitionProcessorThre...16-87e7-fd7c694a328e-1-11 |  1281000 |   405000 |   491105895 |  16454718162 |         0 |      0 |  1723476742 |       0 |      0 |         0 
 18867 Thread 29 - PartitionProcessorThre...16-87e7-fd7c694a328e-1-12 |  1368000 |   481000 |   538345231 |  18046819678 |         0 |      0 |  1761087009 |       0 |      0 |         0 
 18868 Thread 30 - PartitionProcessorThre...16-87e7-fd7c694a328e-1-13 |  1380000 |   471000 |   537661906 |  18065753443 |         0 |      0 |  1847943606 |       0 |      0 |         0 
 18869 Thread 31 - PartitionProcessorThre...16-87e7-fd7c694a328e-1-14 |  1327000 |   477000 |   523870840 |  17607846381 |         0 |      0 |  1782114264 |       0 |      0 |         0 
 18870 Thread 32 - PartitionProcessorThre...16-87e7-fd7c694a328e-1-15 |  1518000 |   467000 |   576945254 |  19373237466 |         0 |      0 |  1719081017 |       0 |      0 |         0 
 18871 Thread 33 - PartitionProcessorThre...16-87e7-fd7c694a328e-1-16 |  1397000 |   498000 |   550717840 |  18496344060 |         0 |      0 |  1630334995 |       0 |      0 |         0 
 18872 Thread 34 - PartitionProcessorThre...16-87e7-fd7c694a328e-1-17 |  1378000 |   476000 |   538983781 |  18095528428 |         0 |      0 |  1803955197 |       0 |      0 |         0 
 18873 Thread 35 - PartitionProcessorThre...16-87e7-fd7c694a328e-1-18 |  1347000 |   487000 |   533753516 |  17900604990 |         0 |      0 |  1752041381 |       0 |      0 |         0 
 18874 Thread 36 - PartitionProcessorThre...16-87e7-fd7c694a328e-1-19 |  1370000 |   476000 |   537184895 |  18017093631 |         0 |      0 |  1661478690 |       0 |      0 |         0 
 18875 Thread 37 - PartitionProcessorThre...d16-87e7-fd7c694a328e-0-0 |  1480000 |   521000 |   573667984 |  19531251970 |         0 |      0 |  2015131421 |       0 |      0 |         0 
 18876 Thread 38 - PartitionProcessorThre...d16-87e7-fd7c694a328e-0-1 |  1368000 |   491000 |   533975992 |  18144584111 |         0 |      0 |  1846765360 |       0 |      0 |         0 
 18877 Thread 39 - PartitionProcessorThre...d16-87e7-fd7c694a328e-0-2 |  1403000 |   501000 |   541680918 |  18584017689 |      3072 |      0 |  1655913480 |       0 |      0 |         0 
 18878 Thread 40 - PartitionProcessorThre...d16-87e7-fd7c694a328e-0-3 |  1433000 |   468000 |   546230887 |  18555687627 |         0 |      0 |  1815888371 |       0 |      0 |         0 
 18879 Thread 41 - PartitionProcessorThre...d16-87e7-fd7c694a328e-0-4 |  1420000 |   457000 |   540918594 |  18320679470 |         0 |      0 |  1680344038 |       0 |      0 |         0 
 18880 Thread 42 - PartitionProcessorThre...d16-87e7-fd7c694a328e-0-5 |  1362000 |   518000 |   540725266 |  18350707654 |         0 |      0 |  1629670145 |       0 |      0 |         0 
 18881 Thread 43 - PartitionProcessorThre...d16-87e7-fd7c694a328e-0-6 |  1464000 |   462000 |   554203598 |  18799681084 |         0 |      0 |  1691966867 |       0 |      0 |         0 
 18882 Thread 44 - PartitionProcessorThre...d16-87e7-fd7c694a328e-0-7 |  1511000 |   454000 |   561995320 |  19180270669 |         0 |      0 |  1504746067 |       0 |      0 |         0 
 18883 Thread 45 - PartitionProcessorThre...d16-87e7-fd7c694a328e-0-8 |  1383000 |   431000 |   522876578 |  17707124404 |         0 |      0 |  1544648378 |       0 |      0 |         0 
 18884 Thread 46 - PartitionProcessorThre...d16-87e7-fd7c694a328e-0-9 |  1411000 |   470000 |   538998957 |  18359774189 |      1024 |      0 |  1805878029 |       0 |      0 |         0 
 18885 Thread 47 - PartitionProcessorThre...16-87e7-fd7c694a328e-0-10 |  1347000 |   487000 |   526973102 |  17902004943 |         0 |      0 |  1924260918 |       0 |      0 |         0 
 18886 Thread 48 - PartitionProcessorThre...16-87e7-fd7c694a328e-0-11 |  1327000 |   447000 |   510796453 |  17315781221 |         0 |      0 |  1662358748 | 2182776 |      0 |         0 
 18887 Thread 49 - PartitionProcessorThre...16-87e7-fd7c694a328e-0-12 |  1349000 |   438000 |   512952309 |  17442399439 |         0 |      0 |  1255929337 |       0 |      0 |         0 
 18888 Thread 50 - PartitionProcessorThre...16-87e7-fd7c694a328e-0-13 |  1501000 |   475000 |   569534793 |  19287326517 |         0 |      0 |  1549405823 |       0 |      0 |         0 
 18889 Thread 51 - PartitionProcessorThre...16-87e7-fd7c694a328e-0-14 |  1440000 |   463000 |   545801234 |  18574682572 |      1024 |      0 |  1456899118 |       0 |      0 |         0 
 18890 Thread 52 - PartitionProcessorThre...16-87e7-fd7c694a328e-0-15 |  1398000 |   547000 |   559172625 |  18985077302 |         0 |      0 |  1712708932 |       0 |      0 |         0 
 18891 Thread 53 - PartitionProcessorThre...16-87e7-fd7c694a328e-0-16 |  1429000 |   484000 |   549229481 |  18672079123 |         0 |      0 |  1599702581 |       0 |      0 |         0 
 18892 Thread 54 - PartitionProcessorThre...16-87e7-fd7c694a328e-0-17 |  1417000 |   486000 |   548039703 |  18574902181 |         0 |      0 |  1738045181 |       0 |      0 |         0 
 18893 Thread 55 - PartitionProcessorThre...16-87e7-fd7c694a328e-0-18 |  1402000 |   464000 |   534253672 |  18213221127 |         0 |      0 |  1745652747 |       0 |      0 |         0 
 18894 Thread 56 - PartitionProcessorThre...16-87e7-fd7c694a328e-0-19 |  1423000 |   445000 |   537602196 |  18233240256 |         0 |      0 |  1641355106 |       0 |      0 |         0 
 18895 Thread 57 - PartitionProcessorThre...d16-87e7-fd7c694a328e-2-0 |  1398000 |   479000 |   547472004 |  18322140256 |         0 |      0 |  1593664402 |       0 |      0 |         0 
 18896 Thread 58 - PartitionProcessorThre...d16-87e7-fd7c694a328e-2-1 |  1292000 |   453000 |   506421192 |  17033605014 |         0 |      0 |  1931570065 |       0 |      0 |         0 
 18897 Thread 59 - PartitionProcessorThre...d16-87e7-fd7c694a328e-2-2 |  1330000 |   452000 |   519210868 |  17395066236 |         0 |      0 |  1775608390 |       0 |      0 |         0 
 18898 Thread 60 - PartitionProcessorThre...d16-87e7-fd7c694a328e-2-3 |  1320000 |   469000 |   519306305 |  17463240045 |         0 |      0 |  1671522276 |       0 |      0 |         0 
 18899 Thread 61 - PartitionProcessorThre...d16-87e7-fd7c694a328e-2-4 |  1338000 |   463000 |   522859610 |  17579696842 |         0 |      0 |  1746408996 |       0 |      0 |         0 
 18900 Thread 62 - PartitionProcessorThre...d16-87e7-fd7c694a328e-2-5 |  1436000 |   497000 |   560825027 |  18868030763 |         0 |      0 |  1728423954 |       0 |      0 |         0 
 18901 Thread 63 - PartitionProcessorThre...d16-87e7-fd7c694a328e-2-6 |  1419000 |   478000 |   549613719 |  18516590986 |         0 |      0 |  1804139581 |       0 |      0 |         0 
 18902 Thread 64 - PartitionProcessorThre...d16-87e7-fd7c694a328e-2-7 |  1439000 |   488000 |   558355914 |  18809505814 |         0 |      0 |  1736951763 |       0 |      0 |         0 
 18903 Thread 65 - PartitionProcessorThre...d16-87e7-fd7c694a328e-2-8 |  1388000 |   477000 |   540386617 |  18203423099 |         0 |      0 |  1709450618 |       0 |      0 |         0 
 18904 Thread 66 - PartitionProcessorThre...d16-87e7-fd7c694a328e-2-9 |  1459000 |   451000 |   553321543 |  18643295705 |         0 |      0 |  1755476464 |       0 |      0 |         0 
 18905 Thread 67 - PartitionProcessorThre...16-87e7-fd7c694a328e-2-10 |  1393000 |   487000 |   545484699 |  18350410111 |         0 |      0 |  1775079862 |       0 |      0 |         0 
 18906 Thread 68 - PartitionProcessorThre...16-87e7-fd7c694a328e-2-11 |  1393000 |   463000 |   537421262 |  18115734220 |         0 |      0 |  1609583169 |       0 |      0 |         0 
 18907 Thread 69 - PartitionProcessorThre...16-87e7-fd7c694a328e-2-12 |  1318000 |   437000 |   509849371 |  17130033529 |         0 |      0 |  1891515831 |       0 |      0 |         0 
 18908 Thread 70 - PartitionProcessorThre...16-87e7-fd7c694a328e-2-13 |  1366000 |   495000 |   539793442 |  18164764510 |         0 |      0 |  1707102340 |       0 |      0 |         0 
 18909 Thread 71 - PartitionProcessorThre...16-87e7-fd7c694a328e-2-14 |  1344000 |   464000 |   525546997 |  17647152830 |         0 |      0 |  1560210073 |       0 |      0 |         0 
 18910 Thread 72 - PartitionProcessorThre...16-87e7-fd7c694a328e-2-15 |  1437000 |   434000 |   542955774 |  18262531990 |         0 |      0 |  1715572575 |       0 |      0 |         0 
 18911 Thread 73 - PartitionProcessorThre...16-87e7-fd7c694a328e-2-16 |  1399000 |   481000 |   545215825 |  18350473506 |         0 |      0 |  1855362053 |       0 |      0 |         0 
 18912 Thread 74 - PartitionProcessorThre...16-87e7-fd7c694a328e-2-17 |  1364000 |   447000 |   525668485 |  17676767705 |         0 |      0 |  1826055978 |       0 |      0 |         0 
 18913 Thread 75 - PartitionProcessorThre...16-87e7-fd7c694a328e-2-18 |  1356000 |   486000 |   535966000 |  17979877006 |         0 |      0 |  1720106023 |       0 |      0 |         0 
 18914 Thread 76 - PartitionProcessorThre...16-87e7-fd7c694a328e-2-19 |  1314000 |   469000 |   517747278 |  17403620584 |         0 |      0 |  1698116842 |       0 |      0 |         0 
 19464 Thread 77 - process reaper                                     |     2000 |     1000 |      922859 |     29334421 |         0 |      0 |     1012146 |       0 |      0 |         0 
 19470 Thread 78 - Attach Listener                                    |   429000 |   101000 |   158308358 |   5180878823 |   5304320 | 357376 |     1534736 |       0 |      0 |         0 
