                                 Task                                  |  utime   |  stime   |     rss     |     vmem     |   read    | write  |    d:cpu    | d:bio  | d:swap | d:reclaim 
 147991 Thread 1 - main                                                |   904000 |   139000 |    71600380 |   8027920376 |  34331648 |   1024 |     3632238 |      0 |      0 |         0 
 148013 Thread 2 - Reference Handler                                   |     6000 |        0 |      941074 |     52923968 |         0 |      0 |      240825 |      0 |      0 |         0 
 148014 Thread 3 - Finalizer                                           |     7000 |        0 |      611968 |     55537339 |      5120 |      0 |     5374048 |      0 |      0 |         0 
 148015 Thread 4 - Surrogate Locker Thread (Concurrent GC)             |        0 |     1000 |       26703 |      7228289 |         0 |      0 |        4381 |      0 |      0 |         0 
 148016 Thread 5 - Signal Dispatcher                                   |        0 |     1000 |      311257 |      9757750 |         0 |      0 |           0 |      0 |      0 |         0 
 148025 Thread 12 - RMI Scheduler(0)                                   |     1000 |        0 |      307386 |      9757527 |      4096 |      0 |      162665 |      0 |      0 |         0 
 148026 Thread 13 - RMI RenewClean-[10.231.182.152:35299]              |        0 |        0 |           0 |            0 |      1024 |      0 |       12081 |      0 |      0 |         0 
 148027 Thread 14 - GC Daemon                                          |        0 |        0 |           0 |            0 |         0 |      0 |           0 |      0 |      0 |         0 
 148030 Thread 15 - DecatonSubscriptionThread-decaton-benchmark        | 26100000 | 31140000 | 17352988638 | 557571003615 | 573971456 | 131072 | 18202965565 | 311747 |      0 |         0 
 148032 Thread 16 - kafka-coordinator-hear...hread | decaton-benchmark |   217000 |    42000 |    77666495 |   2524053057 |   5764096 |   5120 |    29427834 | 244383 |      0 |         0 
 148035 Thread 17 - PartitionProcessorThre...ceb-937f-09d8685d0e86-2-0 |  1311000 |   404000 |   515422344 |  16708115396 |     34816 |      0 |  1502548951 |      0 |      0 |         0 
 148036 Thread 18 - PartitionProcessorThre...ceb-937f-09d8685d0e86-2-1 |  1302000 |   469000 |   531595313 |  17252014294 |      2048 |      0 |  1715438940 |      0 |      0 |         0 
 148037 Thread 19 - PartitionProcessorThre...ceb-937f-09d8685d0e86-2-2 |  1337000 |   401000 |   522446430 |  16940668005 |         0 |      0 |  1830770257 |      0 |      0 |         0 
 148038 Thread 20 - PartitionProcessorThre...ceb-937f-09d8685d0e86-2-3 |  1291000 |   427000 |   514985395 |  16742808880 |         0 |      0 |  1768674520 |      0 |      0 |         0 
 148039 Thread 21 - PartitionProcessorThre...ceb-937f-09d8685d0e86-2-4 |  1301000 |   381000 |   505192489 |  16395048458 |         0 |      0 |  1746471659 |      0 |      0 |         0 
 148040 Thread 22 - PartitionProcessorThre...ceb-937f-09d8685d0e86-2-5 |  1265000 |   368000 |   492460067 |  15917077665 |         0 |      0 |  1721773563 |      0 |      0 |         0 
 148041 Thread 23 - PartitionProcessorThre...ceb-937f-09d8685d0e86-2-6 |  1347000 |   405000 |   526388606 |  17078694192 |      4096 |      0 |  1744712351 |      0 |      0 |         0 
 148042 Thread 24 - PartitionProcessorThre...ceb-937f-09d8685d0e86-2-7 |  1313000 |   390000 |   511779379 |  16596650103 |         0 |      0 |  1778017919 |      0 |      0 |         0 
 148043 Thread 25 - PartitionProcessorThre...ceb-937f-09d8685d0e86-2-8 |  1256000 |   452000 |   514826520 |  16646236212 |         0 |      0 |  1815566442 |      0 |      0 |         0 
 148044 Thread 26 - PartitionProcessorThre...ceb-937f-09d8685d0e86-2-9 |  1340000 |   435000 |   534319989 |  17303063137 |         0 |      0 |  1857634677 |      0 |      0 |         0 
 148045 Thread 27 - PartitionProcessorThre...eb-937f-09d8685d0e86-2-10 |  1291000 |   456000 |   525283168 |  17028541513 |         0 |      0 |  1582179004 |      0 |      0 |         0 
 148046 Thread 28 - PartitionProcessorThre...eb-937f-09d8685d0e86-2-11 |  1230000 |   405000 |   492492426 |  15936057302 |      1024 |      0 |  1448185722 |      0 |      0 |         0 
 148047 Thread 29 - PartitionProcessorThre...eb-937f-09d8685d0e86-2-12 |  1375000 |   425000 |   541874567 |  17550642606 |         0 |      0 |  1906090517 |      0 |      0 |         0 
 148048 Thread 30 - PartitionProcessorThre...eb-937f-09d8685d0e86-2-13 |  1362000 |   456000 |   545456903 |  17723187755 |  10832896 |      0 |  1782345474 |      0 |      0 |         0 
 148049 Thread 31 - PartitionProcessorThre...eb-937f-09d8685d0e86-2-14 |  1288000 |   438000 |   518932211 |  16826815325 |         0 |      0 |  1862627974 |      0 |      0 |         0 
 148050 Thread 32 - PartitionProcessorThre...eb-937f-09d8685d0e86-2-15 |  1223000 |   405000 |   490674934 |  15873626497 |         0 |      0 |  1742530457 |      0 |      0 |         0 
 148051 Thread 33 - PartitionProcessorThre...eb-937f-09d8685d0e86-2-16 |  1328000 |   456000 |   535153735 |  17390652571 |         0 |      0 |  1497605470 |      0 |      0 |         0 
 148052 Thread 34 - PartitionProcessorThre...eb-937f-09d8685d0e86-2-17 |  1339000 |   418000 |   530760180 |  17132274009 |         0 |      0 |  1621802578 |      0 |      0 |         0 
 148053 Thread 35 - PartitionProcessorThre...eb-937f-09d8685d0e86-2-18 |  1334000 |   421000 |   528375305 |  17109517196 |         0 |      0 |  1781465841 |      0 |      0 |         0 
 148054 Thread 36 - PartitionProcessorThre...eb-937f-09d8685d0e86-2-19 |  1276000 |   442000 |   517249336 |  16746396614 |         0 |      0 |  1742601968 |      0 |      0 |         0 
 148055 Thread 37 - PartitionProcessorThre...ceb-937f-09d8685d0e86-1-0 |  1237000 |   401000 |   498608637 |  15984134607 |         0 |      0 |  1743183232 |      0 |      0 |         0 
 148056 Thread 38 - PartitionProcessorThre...ceb-937f-09d8685d0e86-1-1 |  1289000 |   396000 |   513523645 |  16442669888 |         0 |      0 |  1468050661 |      0 |      0 |         0 
 148057 Thread 39 - PartitionProcessorThre...ceb-937f-09d8685d0e86-1-2 |  1198000 |   437000 |   497220852 |  15954822021 |         0 |      0 |  1693660289 |      0 |      0 |         0 
 148058 Thread 40 - PartitionProcessorThre...ceb-937f-09d8685d0e86-1-3 |  1287000 |   402000 |   512729286 |  16481569774 |         0 |      0 |  1591421983 |      0 |      0 |         0 
 148059 Thread 41 - PartitionProcessorThre...ceb-937f-09d8685d0e86-1-4 |  1354000 |   439000 |   545902422 |  17496531973 |         0 |      0 |  1765429024 |      0 |      0 |         0 
 148060 Thread 42 - PartitionProcessorThre...ceb-937f-09d8685d0e86-1-5 |  1284000 |   410000 |   516136938 |  16530334747 |         0 |      0 |  1706722061 |      0 |      0 |         0 
 148061 Thread 43 - PartitionProcessorThre...ceb-937f-09d8685d0e86-1-6 |  1203000 |   436000 |   500181743 |  15993770400 |         0 |      0 |  1294289725 |      0 |      0 |         0 
 148062 Thread 44 - PartitionProcessorThre...ceb-937f-09d8685d0e86-1-7 |  1264000 |   459000 |   523462786 |  16813559149 |         0 |      0 |  1728397479 |      0 |      0 |         0 
 148063 Thread 45 - PartitionProcessorThre...ceb-937f-09d8685d0e86-1-8 |  1369000 |   454000 |   556081157 |  17789140915 |      1024 |      0 |  1640521523 |      0 |      0 |         0 
 148064 Thread 46 - PartitionProcessorThre...ceb-937f-09d8685d0e86-1-9 |  1236000 |   397000 |   494505282 |  15935025501 |         0 |      0 |  1636510344 |      0 |      0 |         0 
 148065 Thread 47 - PartitionProcessorThre...eb-937f-09d8685d0e86-1-10 |  1194000 |   423000 |   492828251 |  15779055911 |         0 |      0 |  1763469205 |      0 |      0 |         0 
 148066 Thread 48 - PartitionProcessorThre...eb-937f-09d8685d0e86-1-11 |  1261000 |   420000 |   508980274 |  16403651017 |      1024 |      0 |  1646582430 |      0 |      0 |         0 
 148067 Thread 49 - PartitionProcessorThre...eb-937f-09d8685d0e86-1-12 |  1302000 |   431000 |   527609688 |  16910973911 |         0 |      0 |  1462324748 |      0 |      0 |         0 
 148069 Thread 50 - PartitionProcessorThre...eb-937f-09d8685d0e86-1-13 |  1213000 |   423000 |   498043344 |  15964359122 |         0 |      0 |  1590811098 |      0 |      0 |         0 
 148070 Thread 51 - PartitionProcessorThre...eb-937f-09d8685d0e86-1-14 |  1278000 |   422000 |   517262063 |  16588875247 |         0 |      0 |  1732865430 |      0 |      0 |         0 
 148071 Thread 52 - PartitionProcessorThre...eb-937f-09d8685d0e86-1-15 |  1313000 |   436000 |   534230653 |  17067351290 |         0 |      0 |  1722998090 |      0 |      0 |         0 
 148072 Thread 53 - PartitionProcessorThre...eb-937f-09d8685d0e86-1-16 |  1300000 |   457000 |   535935168 |  17145064759 |         0 |      0 |  1564581434 |      0 |      0 |         0 
 148073 Thread 54 - PartitionProcessorThre...eb-937f-09d8685d0e86-1-17 |  1236000 |   461000 |   517255458 |  16559678255 |         0 |      0 |  1733422479 |      0 |      0 |         0 
 148074 Thread 55 - PartitionProcessorThre...eb-937f-09d8685d0e86-1-18 |  1242000 |   434000 |   509753758 |  16354701677 |         0 |      0 |  1868548082 |      0 |      0 |         0 
 148075 Thread 56 - PartitionProcessorThre...eb-937f-09d8685d0e86-1-19 |  1346000 |   388000 |   528333848 |  16920630692 |         0 |      0 |  1502306685 |      0 |      0 |         0 
 148076 Thread 57 - PartitionProcessorThre...ceb-937f-09d8685d0e86-0-0 |  1314000 |   413000 |   527081715 |  16852528591 |         0 |      0 |  1714604717 |      0 |      0 |         0 
 148077 Thread 58 - PartitionProcessorThre...ceb-937f-09d8685d0e86-0-1 |  1271000 |   409000 |   513417024 |  16393865587 |         0 |      0 |  1665439887 |      0 |      0 |         0 
 148078 Thread 59 - PartitionProcessorThre...ceb-937f-09d8685d0e86-0-2 |  1304000 |   420000 |   527394262 |  16823104669 |         0 |      0 |  1729475733 |      0 |      0 |         0 
 148079 Thread 60 - PartitionProcessorThre...ceb-937f-09d8685d0e86-0-3 |  1326000 |   408000 |   529364200 |  16920706345 |         0 |      0 |  1649950517 |      0 |      0 |         0 
 148080 Thread 61 - PartitionProcessorThre...ceb-937f-09d8685d0e86-0-4 |  1301000 |   449000 |   535694536 |  17077354044 |         0 |      0 |  1720524303 |      0 |      0 |         0 
 148081 Thread 62 - PartitionProcessorThre...ceb-937f-09d8685d0e86-0-5 |  1237000 |   414000 |   505481754 |  16111510263 |         0 |      0 |  1422502497 |      0 |      0 |         0 
 148082 Thread 63 - PartitionProcessorThre...ceb-937f-09d8685d0e86-0-6 |  1246000 |   436000 |   514362161 |  16413208935 |         0 |      0 |  1706198043 |      0 |      0 |         0 
 148083 Thread 64 - PartitionProcessorThre...ceb-937f-09d8685d0e86-0-7 |  1271000 |   403000 |   512215915 |  16335912482 |         0 |      0 |  1402756880 |      0 |      0 |         0 
 148084 Thread 65 - PartitionProcessorThre...ceb-937f-09d8685d0e86-0-8 |  1260000 |   392000 |   504738661 |  16121034060 |         0 |      0 |  1818546886 |      0 |      0 |         0 
 148085 Thread 66 - PartitionProcessorThre...ceb-937f-09d8685d0e86-0-9 |  1201000 |   425000 |   496735262 |  15867027529 |         0 |      0 |  1742638088 |      0 |      0 |         0 
 148086 Thread 67 - PartitionProcessorThre...eb-937f-09d8685d0e86-0-10 |  1131000 |   414000 |   472626899 |  15076634564 |         0 |      0 |  1727171368 |      0 |      0 |         0 
 148087 Thread 68 - PartitionProcessorThre...eb-937f-09d8685d0e86-0-11 |  1234000 |   409000 |   502276485 |  16033158790 |         0 |      0 |  1742609969 |      0 |      0 |         0 
 148088 Thread 69 - PartitionProcessorThre...eb-937f-09d8685d0e86-0-12 |  1244000 |   426000 |   511325536 |  16296118935 |         0 |      0 |  1886780829 |      0 |      0 |         0 
 148089 Thread 70 - PartitionProcessorThre...eb-937f-09d8685d0e86-0-13 |  1321000 |   402000 |   526989422 |  16813605661 |         0 |      0 |  1893975855 |      0 |      0 |         0 
 148090 Thread 71 - PartitionProcessorThre...eb-937f-09d8685d0e86-0-14 |  1268000 |   453000 |   526521200 |  16794122563 |         0 |      0 |  1807879694 |      0 |      0 |         0 
 148091 Thread 72 - PartitionProcessorThre...eb-937f-09d8685d0e86-0-15 |  1258000 |   401000 |   507537274 |  16189213903 |         0 |      0 |  1553039431 |      0 |      0 |         0 
 148092 Thread 73 - PartitionProcessorThre...eb-937f-09d8685d0e86-0-16 |  1294000 |   442000 |   530412899 |  16940056477 |         0 |      0 |  1731647708 |      0 |      0 |         0 
 148093 Thread 74 - PartitionProcessorThre...eb-937f-09d8685d0e86-0-17 |  1230000 |   423000 |   507084176 |  16130855154 |         0 |      0 |  1521882474 |      0 |      0 |         0 
 148094 Thread 75 - PartitionProcessorThre...eb-937f-09d8685d0e86-0-18 |  1192000 |   454000 |   504293606 |  16062124611 |         0 |      0 |  1515421639 |      0 |      0 |         0 
 148095 Thread 76 - PartitionProcessorThre...eb-937f-09d8685d0e86-0-19 |  1250000 |   465000 |   524884418 |  16735266950 |         0 |      0 |  1379687006 |      0 |      0 |         0 
 148349 Thread 77 - process reaper                                     |     1000 |     1000 |      627429 |     19543984 |         0 |      0 |      538105 |      0 |      0 |         0 
 148355 Thread 78 - Attach Listener                                    |   444000 |   109000 |   173314889 |   5405575577 |   5144576 | 130048 |     5073619 |      0 |      0 |         0 
