                                 Task                                  |  utime   |  stime   |     rss     |     vmem     |   read    | write  |    d:cpu    | d:bio  | d:swap | d:reclaim 
 150664 Thread 1 - main                                                |   905000 |   170000 |    70243037 |   8248020083 |  34331648 |   1024 |    11068807 |      0 |      0 |         0 
 150686 Thread 2 - Reference Handler                                   |     5000 |        0 |      492546 |     40509933 |         0 |      0 |      127924 |      0 |      0 |         0 
 150687 Thread 3 - Finalizer                                           |     7000 |        0 |      596847 |     55259152 |      5120 |      0 |     3721595 |      0 |      0 |         0 
 150688 Thread 4 - Surrogate Locker Thread (Concurrent GC)             |        0 |        0 |           0 |            0 |         0 |      0 |       23947 |      0 |      0 |         0 
 150689 Thread 5 - Signal Dispatcher                                   |        0 |        0 |           0 |            0 |         0 |      0 |        3826 |      0 |      0 |         0 
 150698 Thread 12 - RMI Scheduler(0)                                   |     3000 |     1000 |     1172566 |     39058816 |      4096 |      0 |       71690 |      0 |      0 |         0 
 150699 Thread 13 - RMI RenewClean-[10.231.182.152:46743]              |     1000 |     1000 |      164296 |     15721496 |      1024 |      0 |           0 |      0 |      0 |         0 
 150700 Thread 14 - GC Daemon                                          |        0 |        0 |           0 |            0 |         0 |      0 |           0 |      0 |      0 |         0 
 150703 Thread 15 - DecatonSubscriptionThread-decaton-benchmark        | 28751000 | 34524000 | 18272265170 | 616609267018 | 623212544 | 137216 | 21230274700 | 155594 |      0 |         0 
 150707 Thread 16 - kafka-coordinator-hear...hread | decaton-benchmark |   228000 |    55000 |    80271179 |   2754832639 |   7752704 |   5120 |    25184486 | 423662 |      0 |         0 
 150712 Thread 17 - PartitionProcessorThre...f63-a0a2-fb5b51afc761-2-0 |  1390000 |   460000 |   530578485 |  18018242258 |     41984 |      0 |  1715026812 |      0 |      0 |         0 
 150713 Thread 18 - PartitionProcessorThre...f63-a0a2-fb5b51afc761-2-1 |  1399000 |   492000 |   545845641 |  18445813700 |         0 |      0 |  1621064142 |      0 |      0 |         0 
 150714 Thread 19 - PartitionProcessorThre...f63-a0a2-fb5b51afc761-2-2 |  1411000 |   445000 |   534367829 |  18101085051 |         0 |      0 |  1617493405 |      0 |      0 |         0 
 150715 Thread 20 - PartitionProcessorThre...f63-a0a2-fb5b51afc761-2-3 |  1458000 |   444000 |   547709797 |  18551247293 |         0 |      0 |  1563923038 |      0 |      0 |         0 
 150716 Thread 21 - PartitionProcessorThre...f63-a0a2-fb5b51afc761-2-4 |  1452000 |   509000 |   563782946 |  19123079242 |      1024 |      0 |  1696268601 |      0 |      0 |         0 
 150717 Thread 22 - PartitionProcessorThre...f63-a0a2-fb5b51afc761-2-5 |  1354000 |   507000 |   537074520 |  18151041258 |         0 |      0 |  1734632920 |      0 |      0 |         0 
 150718 Thread 23 - PartitionProcessorThre...f63-a0a2-fb5b51afc761-2-6 |  1400000 |   447000 |   530984302 |  18013507321 |         0 |      0 |  1523083989 |      0 |      0 |         0 
 150719 Thread 24 - PartitionProcessorThre...f63-a0a2-fb5b51afc761-2-7 |  1316000 |   468000 |   514320540 |  17402958048 |         0 |      0 |  1922581868 |      0 |      0 |         0 
 150720 Thread 25 - PartitionProcessorThre...f63-a0a2-fb5b51afc761-2-8 |  1375000 |   461000 |   528681669 |  17910870758 |         0 |      0 |  1867219313 |      0 |      0 |         0 
 150721 Thread 26 - PartitionProcessorThre...f63-a0a2-fb5b51afc761-2-9 |  1357000 |   434000 |   516137259 |  17470234739 |         0 |      0 |  1807770457 |      0 |      0 |         0 
 150722 Thread 27 - PartitionProcessorThre...63-a0a2-fb5b51afc761-2-10 |  1437000 |   399000 |   529530977 |  17907367282 |         0 |      0 |  1697276163 |      0 |      0 |         0 
 150723 Thread 28 - PartitionProcessorThre...63-a0a2-fb5b51afc761-2-11 |  1428000 |   461000 |   546186165 |  18428792356 |         0 |      0 |  1944739724 |      0 |      0 |         0 
 150724 Thread 29 - PartitionProcessorThre...63-a0a2-fb5b51afc761-2-12 |  1419000 |   481000 |   548135231 |  18534660016 |         0 |      0 |  1592215848 |      0 |      0 |         0 
 150725 Thread 30 - PartitionProcessorThre...63-a0a2-fb5b51afc761-2-13 |  1388000 |   480000 |   538809024 |  18223162360 |         0 |      0 |  1626012640 |      0 |      0 |         0 
 150726 Thread 31 - PartitionProcessorThre...63-a0a2-fb5b51afc761-2-14 |  1460000 |   467000 |   555320571 |  18798252825 |         0 |      0 |  1820637016 |      0 |      0 |         0 
 150727 Thread 32 - PartitionProcessorThre...63-a0a2-fb5b51afc761-2-15 |  1484000 |   505000 |   571587891 |  19402936414 |         0 |      0 |  1895258678 |      0 |      0 |         0 
 150728 Thread 33 - PartitionProcessorThre...63-a0a2-fb5b51afc761-2-16 |  1411000 |   470000 |   541906626 |  18350565207 |         0 |      0 |  1593776889 |      0 |      0 |         0 
 150729 Thread 34 - PartitionProcessorThre...63-a0a2-fb5b51afc761-2-17 |  1439000 |   475000 |   552691997 |  18670348922 |         0 |      0 |  1802670481 |      0 |      0 |         0 
 150730 Thread 35 - PartitionProcessorThre...63-a0a2-fb5b51afc761-2-18 |  1396000 |   492000 |   544961938 |  18416481934 |         0 |      0 |  1799009612 |      0 |      0 |         0 
 150731 Thread 36 - PartitionProcessorThre...63-a0a2-fb5b51afc761-2-19 |  1452000 |   455000 |   549987786 |  18602713504 |         0 |      0 |  1629974480 |      0 |      0 |         0 
 150732 Thread 37 - PartitionProcessorThre...f63-a0a2-fb5b51afc761-1-0 |  1416000 |   475000 |   546149680 |  18456618375 |         0 |      0 |  1770812765 |      0 |      0 |         0 
 150733 Thread 38 - PartitionProcessorThre...f63-a0a2-fb5b51afc761-1-1 |  1373000 |   484000 |   536917407 |  18124676989 |         0 |      0 |  1653204394 |      0 |      0 |         0 
 150734 Thread 39 - PartitionProcessorThre...f63-a0a2-fb5b51afc761-1-2 |  1412000 |   508000 |   556264454 |  18739429918 |         0 |      0 |  1638624593 |      0 |      0 |         0 
 150735 Thread 40 - PartitionProcessorThre...f63-a0a2-fb5b51afc761-1-3 |  1392000 |   464000 |   536340177 |  18115448926 |         0 |      0 |  1489884678 |      0 |      0 |         0 
 150736 Thread 41 - PartitionProcessorThre...f63-a0a2-fb5b51afc761-1-4 |  1377000 |   495000 |   541244106 |  18270800922 |         0 |      0 |  1630318643 |      0 |      0 |         0 
 150737 Thread 42 - PartitionProcessorThre...f63-a0a2-fb5b51afc761-1-5 |  1411000 |   434000 |   534188286 |  18008056696 |         0 |      0 |  1757986814 |      0 |      0 |         0 
 150738 Thread 43 - PartitionProcessorThre...f63-a0a2-fb5b51afc761-1-6 |  1492000 |   435000 |   556570637 |  18807434742 |         0 |      0 |  1748662053 |      0 |      0 |         0 
 150739 Thread 44 - PartitionProcessorThre...f63-a0a2-fb5b51afc761-1-7 |  1388000 |   470000 |   537407223 |  18133914458 |         0 |      0 |  1518089841 |      0 |      0 |         0 
 150740 Thread 45 - PartitionProcessorThre...f63-a0a2-fb5b51afc761-1-8 |  1294000 |   443000 |   498856216 |  16952414446 |         0 |      0 |  1482941227 |      0 |      0 |         0 
 150741 Thread 46 - PartitionProcessorThre...f63-a0a2-fb5b51afc761-1-9 |  1400000 |   481000 |   543883052 |  18358907934 |         0 |      0 |  1645240705 |      0 |      0 |         0 
 150742 Thread 47 - PartitionProcessorThre...63-a0a2-fb5b51afc761-1-10 |  1460000 |   470000 |   558339755 |  18837143762 |         0 |      0 |  1639497355 |      0 |      0 |         0 
 150743 Thread 48 - PartitionProcessorThre...63-a0a2-fb5b51afc761-1-11 |  1393000 |   462000 |   533985364 |  18104548649 |      1024 |      0 |  1794780560 |      0 |      0 |         0 
 150744 Thread 49 - PartitionProcessorThre...63-a0a2-fb5b51afc761-1-12 |  1344000 |   452000 |   517877173 |  17529324915 |         0 |      0 |  1641922471 |      0 |      0 |         0 
 150745 Thread 50 - PartitionProcessorThre...63-a0a2-fb5b51afc761-1-13 |  1417000 |   441000 |   536253419 |  18134193688 |      1024 |      0 |  1631816745 |      0 |      0 |         0 
 150746 Thread 51 - PartitionProcessorThre...63-a0a2-fb5b51afc761-1-14 |  1445000 |   485000 |   555362102 |  18836804059 |         0 |      0 |  1725699998 |      0 |      0 |         0 
 150747 Thread 52 - PartitionProcessorThre...63-a0a2-fb5b51afc761-1-15 |  1390000 |   450000 |   531293032 |  17958459813 |         0 |      0 |  1543154194 |      0 |      0 |         0 
 150748 Thread 53 - PartitionProcessorThre...63-a0a2-fb5b51afc761-1-16 |  1447000 |   469000 |   553910551 |  18700846340 |         0 |      0 |  1542655225 |      0 |      0 |         0 
 150749 Thread 54 - PartitionProcessorThre...63-a0a2-fb5b51afc761-1-17 |  1466000 |   485000 |   564397719 |  19042369246 |         0 |      0 |  1633933174 |      0 |      0 |         0 
 150750 Thread 55 - PartitionProcessorThre...63-a0a2-fb5b51afc761-1-18 |  1423000 |   526000 |   562936981 |  19022686125 |      1024 |      0 |  1926886014 |      0 |      0 |         0 
 150751 Thread 56 - PartitionProcessorThre...63-a0a2-fb5b51afc761-1-19 |  1385000 |   491000 |   541507594 |  18309910227 |         0 |      0 |  1822423276 |      0 |      0 |         0 
 150753 Thread 57 - PartitionProcessorThre...f63-a0a2-fb5b51afc761-0-0 |  1344000 |   439000 |   517651638 |  17402849149 |         0 |      0 |  1557459292 |      0 |      0 |         0 
 150754 Thread 58 - PartitionProcessorThre...f63-a0a2-fb5b51afc761-0-1 |  1337000 |   468000 |   526386645 |  17618175012 |         0 |      0 |  1664029562 |      0 |      0 |         0 
 150755 Thread 59 - PartitionProcessorThre...f63-a0a2-fb5b51afc761-0-2 |  1319000 |   510000 |   532060122 |  17852185434 |         0 |      0 |  1705425179 |      0 |      0 |         0 
 150756 Thread 60 - PartitionProcessorThre...f63-a0a2-fb5b51afc761-0-3 |  1343000 |   438000 |   518250184 |  17383739005 |         0 |      0 |  1496328622 |      0 |      0 |         0 
 150757 Thread 61 - PartitionProcessorThre...f63-a0a2-fb5b51afc761-0-4 |  1345000 |   453000 |   524753966 |  17549775563 |         0 |      0 |  1497250674 |      0 |      0 |         0 
 150758 Thread 62 - PartitionProcessorThre...f63-a0a2-fb5b51afc761-0-5 |  1352000 |   463000 |   528173594 |  17715669184 |         0 |      0 |  1426376974 |      0 |      0 |         0 
 150759 Thread 63 - PartitionProcessorThre...f63-a0a2-fb5b51afc761-0-6 |  1395000 |   480000 |   545320731 |  18301035707 |         0 |      0 |  1530798719 |      0 |      0 |         0 
 150760 Thread 64 - PartitionProcessorThre...f63-a0a2-fb5b51afc761-0-7 |  1398000 |   471000 |   544072204 |  18242520254 |         0 |      0 |  1480585102 |      0 |      0 |         0 
 150761 Thread 65 - PartitionProcessorThre...f63-a0a2-fb5b51afc761-0-8 |  1433000 |   496000 |   561182669 |  18828069059 |         0 |      0 |  1537726947 |      0 |      0 |         0 
 150762 Thread 66 - PartitionProcessorThre...f63-a0a2-fb5b51afc761-0-9 |  1408000 |   494000 |   554366825 |  18564156508 |         0 |      0 |  1543825228 |      0 |      0 |         0 
 150763 Thread 67 - PartitionProcessorThre...63-a0a2-fb5b51afc761-0-10 |  1395000 |   480000 |   545279516 |  18300444907 |         0 |      0 |  1531413943 |      0 |      0 |         0 
 150764 Thread 68 - PartitionProcessorThre...63-a0a2-fb5b51afc761-0-11 |  1445000 |   428000 |   545196899 |  18280527954 |         0 |      0 |  1694097265 |      0 |      0 |         0 
 150765 Thread 69 - PartitionProcessorThre...63-a0a2-fb5b51afc761-0-12 |  1437000 |   507000 |   565618329 |  18974546797 |         0 |      0 |  1460628935 |      0 |      0 |         0 
 150766 Thread 70 - PartitionProcessorThre...63-a0a2-fb5b51afc761-0-13 |  1399000 |   485000 |   548638790 |  18389492036 |         0 |      0 |  1696556724 |      0 |      0 |         0 
 150767 Thread 71 - PartitionProcessorThre...63-a0a2-fb5b51afc761-0-14 |  1354000 |   494000 |   537352657 |  18037307446 |         0 |      0 |  1732955866 |      0 |      0 |         0 
 150768 Thread 72 - PartitionProcessorThre...63-a0a2-fb5b51afc761-0-15 |  1292000 |   460000 |   509407997 |  17100757063 |         0 |      0 |  1564794343 |      0 |      0 |         0 
 150769 Thread 73 - PartitionProcessorThre...63-a0a2-fb5b51afc761-0-16 |  1358000 |   446000 |   524797032 |  17608031649 |         0 |      0 |  1504803223 |      0 |      0 |         0 
 150770 Thread 74 - PartitionProcessorThre...63-a0a2-fb5b51afc761-0-17 |  1385000 |   495000 |   546577313 |  18350294704 |         0 |      0 |  1416535236 |      0 |      0 |         0 
 150771 Thread 75 - PartitionProcessorThre...63-a0a2-fb5b51afc761-0-18 |  1411000 |   519000 |   560517223 |  18837826586 |         0 |      0 |  1683334894 |      0 |      0 |         0 
 150772 Thread 76 - PartitionProcessorThre...63-a0a2-fb5b51afc761-0-19 |  1372000 |   466000 |   534318106 |  17939531223 |         0 |      0 |  1730084175 |      0 |      0 |         0 
 151061 Thread 77 - process reaper                                     |     4000 |     1000 |     1494054 |     48901906 |         0 |      0 |       87333 |      0 |      0 |         0 
 151067 Thread 78 - Attach Listener                                    |   440000 |   106000 |   161410549 |   5337114709 |   5144576 | 191488 |     3847871 |      0 |      0 |         0 
