                                 Task                                  |  utime   |  stime   |     rss     |     vmem     |   read    | write  |    d:cpu    | d:bio  | d:swap | d:reclaim 
 116020 Thread 1 - main                                                |   720000 |   147000 |    52760474 |   6610558147 |  22117376 |   1024 |    11792599 |      0 |      0 |         0 
 116042 Thread 2 - Reference Handler                                   |     9000 |        0 |     1035613 |     73226859 |         0 |      0 |     1079822 |      0 |      0 |         0 
 116043 Thread 3 - Finalizer                                           |     5000 |     1000 |      550023 |     47578593 |      5120 |      0 |     1079581 |      0 |      0 |         0 
 116044 Thread 4 - Surrogate Locker Thread (Concurrent GC)             |        0 |        0 |           0 |            0 |         0 |      0 |       20556 |      0 |      0 |         0 
 116045 Thread 5 - Signal Dispatcher                                   |        0 |        0 |           0 |            0 |         0 |      0 |        3351 |      0 |      0 |         0 
 116055 Thread 12 - RMI Scheduler(0)                                   |     2000 |     1000 |      880777 |     29272570 |      4096 |      0 |       49956 |      0 |      0 |         0 
 116056 Thread 13 - RMI RenewClean-[10.231.182.152:40359]              |     2000 |        0 |      157894 |     15786492 |      1024 |      0 |       15629 |      0 |      0 |         0 
 116057 Thread 14 - GC Daemon                                          |        0 |        0 |           0 |            0 |         0 |      0 |           0 |      0 |      0 |         0 
 116059 Thread 15 - DecatonSubscriptionThread-decaton-benchmark        | 32489000 | 34428000 | 19673619147 | 651997601328 | 634927104 | 129024 | 21729811104 |  92011 |      0 |         0 
 116061 Thread 16 - kafka-coordinator-hear...hread | decaton-benchmark |   241000 |    54000 |    85672698 |   2875056011 |   7906304 |   5120 |    20151863 | 524870 |      0 |         0 
 116064 Thread 17 - PartitionProcessorThre...26b-8e05-3ba058179764-0-0 |  1456000 |   453000 |   559224832 |  18624356528 |     32768 |      0 |  1793194070 |      0 |      0 |         0 
 116065 Thread 18 - PartitionProcessorThre...26b-8e05-3ba058179764-0-1 |  1417000 |   477000 |   556550632 |  18484387633 |      3072 |      0 |  1623762593 |      0 |      0 |         0 
 116066 Thread 19 - PartitionProcessorThre...26b-8e05-3ba058179764-0-2 |  1451000 |   444000 |   556886402 |  18488220301 |      7168 |      0 |  1732911571 |      0 |      0 |         0 
 116067 Thread 20 - PartitionProcessorThre...26b-8e05-3ba058179764-0-3 |  1461000 |   476000 |   570363738 |  18905262637 |         0 |      0 |  1794817707 |      0 |      0 |         0 
 116068 Thread 21 - PartitionProcessorThre...26b-8e05-3ba058179764-0-4 |  1471000 |   476000 |   572516093 |  18999580938 |    117760 |      0 |  1743750250 |      0 |      0 |         0 
 116069 Thread 22 - PartitionProcessorThre...26b-8e05-3ba058179764-0-5 |  1413000 |   490000 |   559399394 |  18574009535 |         0 |      0 |  1730870815 |      0 |      0 |         0 
 116070 Thread 23 - PartitionProcessorThre...26b-8e05-3ba058179764-0-6 |  1423000 |   458000 |   555156426 |  18359560203 |         0 |      0 |  1744410097 |      0 |      0 |         0 
 116071 Thread 24 - PartitionProcessorThre...26b-8e05-3ba058179764-0-7 |  1530000 |   494000 |   593728578 |  19753119176 |         0 |      0 |  1648878159 |      0 |      0 |         0 
 116072 Thread 25 - PartitionProcessorThre...26b-8e05-3ba058179764-0-8 |  1521000 |   471000 |   585631234 |  19443830942 |         0 |      0 |  1895851218 |      0 |      0 |         0 
 116073 Thread 26 - PartitionProcessorThre...26b-8e05-3ba058179764-0-9 |  1493000 |   444000 |   568263418 |  18904362567 |      1024 |      0 |  2030890028 |      0 |      0 |         0 
 116074 Thread 27 - PartitionProcessorThre...6b-8e05-3ba058179764-0-10 |  1418000 |   470000 |   553375480 |  18423385137 |      1024 |      0 |  1785969452 |      0 |      0 |         0 
 116075 Thread 28 - PartitionProcessorThre...6b-8e05-3ba058179764-0-11 |  1429000 |   448000 |   550132656 |  18320175879 |         0 |      0 |  2017617841 |      0 |      0 |         0 
 116076 Thread 29 - PartitionProcessorThre...6b-8e05-3ba058179764-0-12 |  1461000 |   473000 |   568483652 |  18875540196 |         0 |      0 |  1759281792 |      0 |      0 |         0 
 116077 Thread 30 - PartitionProcessorThre...6b-8e05-3ba058179764-0-13 |  1462000 |   437000 |   556612625 |  18533876524 |         0 |      0 |  1863899797 |      0 |      0 |         0 
 116078 Thread 31 - PartitionProcessorThre...6b-8e05-3ba058179764-0-14 |  1362000 |   468000 |   535683722 |  17860675379 |         0 |      0 |  1846941670 |      0 |      0 |         0 
 116079 Thread 32 - PartitionProcessorThre...6b-8e05-3ba058179764-0-15 |  1413000 |   420000 |   535360730 |  17888648610 |         0 |      0 |  1813199693 |      0 |      0 |         0 
 116080 Thread 33 - PartitionProcessorThre...6b-8e05-3ba058179764-0-16 |  1472000 |   507000 |   581282574 |  19313553524 |         0 |      0 |  1875546883 |      0 |      0 |         0 
 116081 Thread 34 - PartitionProcessorThre...6b-8e05-3ba058179764-0-17 |  1504000 |   476000 |   581723777 |  19325178231 |         0 |      0 |  1596470855 |      0 |      0 |         0 
 116082 Thread 35 - PartitionProcessorThre...6b-8e05-3ba058179764-0-18 |  1473000 |   450000 |   564711023 |  18769411750 |         0 |      0 |  1816420580 |      0 |      0 |         0 
 116084 Thread 36 - PartitionProcessorThre...6b-8e05-3ba058179764-0-19 |  1435000 |   490000 |   565687074 |  18789284180 |         0 |      0 |  1652064703 |      0 |      0 |         0 
 116085 Thread 37 - PartitionProcessorThre...26b-8e05-3ba058179764-1-0 |  1447000 |   406000 |   549067812 |  18087574934 |         0 |      0 |  1612166699 |      0 |      0 |         0 
 116086 Thread 38 - PartitionProcessorThre...26b-8e05-3ba058179764-1-1 |  1474000 |   478000 |   577277738 |  19052924371 |         0 |      0 |  1688789836 |      0 |      0 |         0 
 116087 Thread 39 - PartitionProcessorThre...26b-8e05-3ba058179764-1-2 |  1395000 |   487000 |   558250148 |  18370231797 |         0 |      0 |  1835070982 |      0 |      0 |         0 
 116088 Thread 40 - PartitionProcessorThre...26b-8e05-3ba058179764-1-3 |  1413000 |   432000 |   544625488 |  18007819645 |         0 |      0 |  1664334958 |      0 |      0 |         0 
 116089 Thread 41 - PartitionProcessorThre...26b-8e05-3ba058179764-1-4 |  1442000 |   460000 |   561845949 |  18564421739 |         0 |      0 |  1793607750 |      0 |      0 |         0 
 116090 Thread 42 - PartitionProcessorThre...26b-8e05-3ba058179764-1-5 |  1459000 |   456000 |   566261359 |  18691930180 |         0 |      0 |  1680953164 |      0 |      0 |         0 
 116091 Thread 43 - PartitionProcessorThre...26b-8e05-3ba058179764-1-6 |  1397000 |   474000 |   553892051 |  18262822625 |         0 |      0 |  1634255883 |      0 |      0 |         0 
 116092 Thread 44 - PartitionProcessorThre...26b-8e05-3ba058179764-1-7 |  1505000 |   445000 |   576327156 |  19033341492 |         0 |      0 |  1712160558 |      0 |      0 |         0 
 116093 Thread 45 - PartitionProcessorThre...26b-8e05-3ba058179764-1-8 |  1471000 |   516000 |   587740167 |  19394139863 |         0 |      0 |  1677288400 |      0 |      0 |         0 
 116094 Thread 46 - PartitionProcessorThre...26b-8e05-3ba058179764-1-9 |  1367000 |   492000 |   550623070 |  18145328813 |         0 |      0 |  1513141638 |      0 |      0 |         0 
 116095 Thread 47 - PartitionProcessorThre...6b-8e05-3ba058179764-1-10 |  1460000 |   461000 |   569486812 |  18750772379 |         0 |      0 |  1770883068 |      0 |      0 |         0 
 116096 Thread 48 - PartitionProcessorThre...6b-8e05-3ba058179764-1-11 |  1504000 |   429000 |   571863175 |  18866569039 |         0 |      0 |  1584196056 |      0 |      0 |         0 
 116097 Thread 49 - PartitionProcessorThre...6b-8e05-3ba058179764-1-12 |  1490000 |   505000 |   590605371 |  19472695168 |         0 |      0 |  1859806176 |      0 |      0 |         0 
 116098 Thread 50 - PartitionProcessorThre...6b-8e05-3ba058179764-1-13 |  1461000 |   457000 |   567816820 |  18721099156 |         0 |      0 |  1783357086 |      0 |      0 |         0 
 116099 Thread 51 - PartitionProcessorThre...6b-8e05-3ba058179764-1-14 |  1523000 |   515000 |   602650710 |  19892213824 |         0 |      0 |  1740143258 |      0 |      0 |         0 
 116100 Thread 52 - PartitionProcessorThre...6b-8e05-3ba058179764-1-15 |  1501000 |   494000 |   591695417 |  19472686797 |         0 |      0 |  1733116507 |      0 |      0 |         0 
 116101 Thread 53 - PartitionProcessorThre...6b-8e05-3ba058179764-1-16 |  1376000 |   463000 |   545151461 |  17950168750 |         0 |      0 |  1694091126 |      0 |      0 |         0 
 116102 Thread 54 - PartitionProcessorThre...6b-8e05-3ba058179764-1-17 |  1404000 |   463000 |   553086574 |  18223077891 |         0 |      0 |  1836867570 |      0 |      0 |         0 
 116103 Thread 55 - PartitionProcessorThre...6b-8e05-3ba058179764-1-18 |  1494000 |   450000 |   575946269 |  18974733852 |         0 |      0 |  1436401301 |      0 |      0 |         0 
 116104 Thread 56 - PartitionProcessorThre...6b-8e05-3ba058179764-1-19 |  1548000 |   441000 |   589568437 |  19414513055 |         0 |      0 |  1683040039 |      0 |      0 |         0 
 116105 Thread 57 - PartitionProcessorThre...26b-8e05-3ba058179764-2-0 |  1470000 |   459000 |   570496066 |  18829102317 |         0 |      0 |  1808144166 |      0 |      0 |         0 
 116106 Thread 58 - PartitionProcessorThre...26b-8e05-3ba058179764-2-1 |  1427000 |   452000 |   556353171 |  18340154981 |         0 |      0 |  1834085388 |      0 |      0 |         0 
 116107 Thread 59 - PartitionProcessorThre...26b-8e05-3ba058179764-2-2 |  1406000 |   465000 |   553527773 |  18262317160 |         0 |      0 |  1715403800 |      0 |      0 |         0 
 116108 Thread 60 - PartitionProcessorThre...26b-8e05-3ba058179764-2-3 |  1403000 |   463000 |   553791847 |  18213939164 |         0 |      0 |  1754844628 |      0 |      0 |         0 
 116109 Thread 61 - PartitionProcessorThre...26b-8e05-3ba058179764-2-4 |  1397000 |   478000 |   555069640 |  18300880778 |         0 |      0 |  1678647366 |      0 |      0 |         0 
 116110 Thread 62 - PartitionProcessorThre...26b-8e05-3ba058179764-2-5 |  1400000 |   432000 |   541670015 |  17881837856 |         0 |      0 |  1669232848 |      0 |      0 |         0 
 116111 Thread 63 - PartitionProcessorThre...26b-8e05-3ba058179764-2-6 |  1472000 |   433000 |   562685090 |  18594296442 |      1024 |      0 |  1635004213 |      0 |      0 |         0 
 116112 Thread 64 - PartitionProcessorThre...26b-8e05-3ba058179764-2-7 |  1514000 |   474000 |   588861624 |  19404140207 |         0 |      0 |  1780382729 |      0 |      0 |         0 
 116113 Thread 65 - PartitionProcessorThre...26b-8e05-3ba058179764-2-8 |  1472000 |   434000 |   565491421 |  18604330551 |         0 |      0 |  1769908334 |      0 |      0 |         0 
 116114 Thread 66 - PartitionProcessorThre...26b-8e05-3ba058179764-2-9 |  1477000 |   479000 |   579355542 |  19092272328 |         0 |      0 |  1713621347 |      0 |      0 |         0 
 116115 Thread 67 - PartitionProcessorThre...6b-8e05-3ba058179764-2-10 |  1426000 |   537000 |   580193468 |  19159923414 |         0 |      0 |  1808552619 |      0 |      0 |         0 
 116116 Thread 68 - PartitionProcessorThre...6b-8e05-3ba058179764-2-11 |  1454000 |   458000 |   565688515 |  18663067610 |         0 |      0 |  1574778365 |      0 |      0 |         0 
 116117 Thread 69 - PartitionProcessorThre...6b-8e05-3ba058179764-2-12 |  1414000 |   472000 |   557574296 |  18409120844 |         0 |      0 |  1502703295 | 367387 |      0 |         0 
 116118 Thread 70 - PartitionProcessorThre...6b-8e05-3ba058179764-2-13 |  1487000 |   454000 |   574736054 |  18946535887 |         0 |      0 |  1727460610 |  15525 |      0 |         0 
 116119 Thread 71 - PartitionProcessorThre...6b-8e05-3ba058179764-2-14 |  1442000 |   461000 |   563019281 |  18575189860 |         0 |      0 |  1617286559 |      0 |      0 |         0 
 116120 Thread 72 - PartitionProcessorThre...6b-8e05-3ba058179764-2-15 |  1436000 |   477000 |   566486179 |  18672986438 |         0 |      0 |  1795590967 |      0 |      0 |         0 
 116121 Thread 73 - PartitionProcessorThre...6b-8e05-3ba058179764-2-16 |  1327000 |   453000 |   527087062 |  17373824793 |         0 |      0 |  1777410043 |      0 |      0 |         0 
 116122 Thread 74 - PartitionProcessorThre...6b-8e05-3ba058179764-2-17 |  1341000 |   448000 |   529323418 |  17462079274 |         0 |      0 |  1827880457 |      0 |      0 |         0 
 116123 Thread 75 - PartitionProcessorThre...6b-8e05-3ba058179764-2-18 |  1395000 |   448000 |   544369890 |  17989362262 |         0 |      0 |  1797223629 |      0 |      0 |         0 
 116124 Thread 76 - PartitionProcessorThre...6b-8e05-3ba058179764-2-19 |  1466000 |   443000 |   565392207 |  18634016238 |         0 |      0 |  1695215331 |      0 |      0 |         0 
 116548 Thread 77 - process reaper                                     |     2000 |     1000 |      926023 |     29334433 |         0 |      0 |           0 |      0 |      0 |         0 
 116554 Thread 78 - Attach Listener                                    |   412000 |   108000 |   156082182 |   5083180394 |   5304320 | 340992 |     3922387 |      0 |      0 |         0 
