                                 Task                                  |  utime   |  stime   |     rss     |     vmem     |   read    | write  |    d:cpu    | d:bio  | d:swap | d:reclaim 
 113288 Thread 1 - main                                                |   663000 |   127000 |    47907596 |   6048034155 |  22117376 |      0 |     2852615 |      0 |      0 |         0 
 113310 Thread 2 - Reference Handler                                   |     6000 |     1000 |      575769 |     54574707 |         0 |      0 |      655767 |      0 |      0 |         0 
 113311 Thread 3 - Finalizer                                           |     4000 |        0 |      434367 |     33510300 |      5120 |      0 |     2171698 |      0 |      0 |         0 
 113312 Thread 4 - Surrogate Locker Thread (Concurrent GC)             |        0 |        0 |           0 |            0 |         0 |      0 |       22550 |      0 |      0 |         0 
 113313 Thread 5 - Signal Dispatcher                                   |        0 |        0 |           0 |            0 |         0 |      0 |       24982 |      0 |      0 |         0 
 113322 Thread 12 - RMI Scheduler(0)                                   |     5000 |        0 |     1451964 |     48850039 |      4096 |      0 |      428242 |      0 |      0 |         0 
 113323 Thread 13 - RMI RenewClean-[10.231.182.152:39920]              |     2000 |        0 |      157437 |     15719488 |      1024 |      0 |           0 |      0 |      0 |         0 
 113324 Thread 14 - GC Daemon                                          |        0 |     1000 |       75632 |      7893246 |         0 |      0 |       13500 |      0 |      0 |         0 
 113326 Thread 15 - DecatonSubscriptionThread-decaton-benchmark        | 28947000 | 30531000 | 16723737457 | 579235217363 | 585186304 | 129024 | 18446785340 | 362206 |      0 |         0 
 113327 Thread 16 - kafka-coordinator-hear...hread | decaton-benchmark |   193000 |    43000 |    66565616 |   2303669933 |   6329344 |   4096 |    35315944 | 157312 |      0 |         0 
 113332 Thread 17 - PartitionProcessorThre...7b6-a293-6b005db062d0-0-0 |  1279000 |   408000 |   473699273 |  16446024989 |     35840 |      0 |  1902242427 |      0 |      0 |         0 
 113333 Thread 18 - PartitionProcessorThre...7b6-a293-6b005db062d0-0-1 |  1332000 |   371000 |   475968652 |  16606075309 |    123904 |      0 |  1851377601 |      0 |      0 |         0 
 113334 Thread 19 - PartitionProcessorThre...7b6-a293-6b005db062d0-0-2 |  1293000 |   380000 |   469474047 |  16324705622 |         0 |      0 |  2009996647 |      0 |      0 |         0 
 113335 Thread 20 - PartitionProcessorThre...7b6-a293-6b005db062d0-0-3 |  1360000 |   435000 |   504672336 |  17514190032 |         0 |      0 |  1782121926 |      0 |      0 |         0 
 113336 Thread 21 - PartitionProcessorThre...7b6-a293-6b005db062d0-0-4 |  1310000 |   429000 |   489770929 |  16965438391 |         0 |      0 |  1863081869 |      0 |      0 |         0 
 113337 Thread 22 - PartitionProcessorThre...7b6-a293-6b005db062d0-0-5 |  1385000 |   419000 |   508473722 |  17599945106 |         0 |      0 |  1822010630 |      0 |      0 |         0 
 113338 Thread 23 - PartitionProcessorThre...7b6-a293-6b005db062d0-0-6 |  1329000 |   423000 |   492152648 |  17094854880 |         0 |      0 |  1894623623 |      0 |      0 |         0 
 113339 Thread 24 - PartitionProcessorThre...7b6-a293-6b005db062d0-0-7 |  1341000 |   442000 |   500443777 |  17397331958 |         0 |      0 |  1913228872 |      0 |      0 |         0 
 113340 Thread 25 - PartitionProcessorThre...7b6-a293-6b005db062d0-0-8 |  1324000 |   392000 |   481419824 |  16743586098 |         0 |      0 |  1803069966 |      0 |      0 |         0 
 113341 Thread 26 - PartitionProcessorThre...7b6-a293-6b005db062d0-0-9 |  1293000 |   419000 |   481175019 |  16704615380 |         0 |      0 |  1858595881 |      0 |      0 |         0 
 113342 Thread 27 - PartitionProcessorThre...b6-a293-6b005db062d0-0-10 |  1299000 |   404000 |   479364570 |  16616984934 |         0 |      0 |  1976794002 |      0 |      0 |         0 
 113343 Thread 28 - PartitionProcessorThre...b6-a293-6b005db062d0-0-11 |  1339000 |   453000 |   503526082 |  17486100598 |         0 |      0 |  2046161725 |      0 |      0 |         0 
 113344 Thread 29 - PartitionProcessorThre...b6-a293-6b005db062d0-0-12 |  1304000 |   429000 |   486813019 |  16908104278 |         0 |      0 |  2014838760 |      0 |      0 |         0 
 113345 Thread 30 - PartitionProcessorThre...b6-a293-6b005db062d0-0-13 |  1317000 |   417000 |   488386789 |  16920869294 |         0 |      0 |  1761805364 |      0 |      0 |         0 
 113346 Thread 31 - PartitionProcessorThre...b6-a293-6b005db062d0-0-14 |  1336000 |   433000 |   497687773 |  17262226559 |         0 |      0 |  1702108720 |      0 |      0 |         0 
 113347 Thread 32 - PartitionProcessorThre...b6-a293-6b005db062d0-0-15 |  1265000 |   414000 |   469800332 |  16383443138 |         0 |      0 |  1844674687 |      0 |      0 |         0 
 113348 Thread 33 - PartitionProcessorThre...b6-a293-6b005db062d0-0-16 |  1276000 |   432000 |   480605035 |  16666540692 |         0 |      0 |  1652122770 |      0 |      0 |         0 
 113349 Thread 34 - PartitionProcessorThre...b6-a293-6b005db062d0-0-17 |  1337000 |   431000 |   494335418 |  17251712778 |         0 |      0 |  1772687341 |      0 |      0 |         0 
 113350 Thread 35 - PartitionProcessorThre...b6-a293-6b005db062d0-0-18 |  1349000 |   441000 |   501177047 |  17466116419 |         0 |      0 |  1913138445 |      0 |      0 |         0 
 113351 Thread 36 - PartitionProcessorThre...b6-a293-6b005db062d0-0-19 |  1376000 |   412000 |   502784531 |  17446020618 |         0 |      0 |  1719597465 |      0 |      0 |         0 
 113352 Thread 37 - PartitionProcessorThre...7b6-a293-6b005db062d0-2-0 |  1287000 |   454000 |   492157578 |  16989212637 |         0 |      0 |  1900849191 |      0 |      0 |         0 
 113353 Thread 38 - PartitionProcessorThre...7b6-a293-6b005db062d0-2-1 |  1254000 |   432000 |   477142809 |  16451993306 |         0 |      0 |  1764790550 |      0 |      0 |         0 
 113354 Thread 39 - PartitionProcessorThre...7b6-a293-6b005db062d0-2-2 |  1271000 |   416000 |   476947762 |  16462266106 |      3072 |      0 |  1806338129 |      0 |      0 |         0 
 113355 Thread 40 - PartitionProcessorThre...7b6-a293-6b005db062d0-2-3 |  1349000 |   401000 |   495562293 |  17077077747 |         0 |      0 |  1769752937 |      0 |      0 |         0 
 113356 Thread 41 - PartitionProcessorThre...7b6-a293-6b005db062d0-2-4 |  1368000 |   405000 |   502213464 |  17301331411 |         0 |      0 |  1800542921 |      0 |      0 |         0 
 113357 Thread 42 - PartitionProcessorThre...7b6-a293-6b005db062d0-2-5 |  1267000 |   503000 |   500372851 |  17272535270 |         0 |      0 |  1809703917 |      0 |      0 |         0 
 113358 Thread 43 - PartitionProcessorThre...7b6-a293-6b005db062d0-2-6 |  1331000 |   453000 |   504149324 |  17408442825 |         0 |      0 |  1940721898 |      0 |      0 |         0 
 113359 Thread 44 - PartitionProcessorThre...7b6-a293-6b005db062d0-2-7 |  1313000 |   402000 |   485021871 |  16735453825 |         0 |      0 |  1590729202 |      0 |      0 |         0 
 113360 Thread 45 - PartitionProcessorThre...7b6-a293-6b005db062d0-2-8 |  1186000 |   396000 |   448320871 |  15438017282 |         0 |      0 |  1871742828 |      0 |      0 |         0 
 113361 Thread 46 - PartitionProcessorThre...7b6-a293-6b005db062d0-2-9 |  1268000 |   435000 |   481165754 |  16618437880 |         0 |      0 |  1993267119 |      0 |      0 |         0 
 113362 Thread 47 - PartitionProcessorThre...b6-a293-6b005db062d0-2-10 |  1259000 |   387000 |   465089398 |  16062457442 |         0 |      0 |  1802746011 |      0 |      0 |         0 
 113363 Thread 48 - PartitionProcessorThre...b6-a293-6b005db062d0-2-11 |  1282000 |   400000 |   475148590 |  16413149333 |         0 |      0 |  1859045553 |      0 |      0 |         0 
 113364 Thread 49 - PartitionProcessorThre...b6-a293-6b005db062d0-2-12 |  1278000 |   399000 |   473445426 |  16364924696 |         0 |      0 |  1800068480 |      0 |      0 |         0 
 113365 Thread 50 - PartitionProcessorThre...b6-a293-6b005db062d0-2-13 |  1324000 |   435000 |   497134172 |  17165107876 |         0 |      0 |  1859985140 |      0 |      0 |         0 
 113366 Thread 51 - PartitionProcessorThre...b6-a293-6b005db062d0-2-14 |  1238000 |   436000 |   473077172 |  16335391306 |         0 |      0 |  1834246700 |      0 |      0 |         0 
 113367 Thread 52 - PartitionProcessorThre...b6-a293-6b005db062d0-2-15 |  1237000 |   379000 |   456648438 |  15769350181 |         0 |      0 |  1757555484 |      0 |      0 |         0 
 113368 Thread 53 - PartitionProcessorThre...b6-a293-6b005db062d0-2-16 |  1309000 |   400000 |   483100277 |  16677087786 |         0 |      0 |  1851806479 |      0 |      0 |         0 
 113369 Thread 54 - PartitionProcessorThre...b6-a293-6b005db062d0-2-17 |  1396000 |   401000 |   507804961 |  17535707505 |         0 |      0 |  1962201740 |      0 |      0 |         0 
 113370 Thread 55 - PartitionProcessorThre...b6-a293-6b005db062d0-2-18 |  1257000 |   422000 |   475269590 |  16384391106 |         0 |      0 |  1848863882 |      0 |      0 |         0 
 113371 Thread 56 - PartitionProcessorThre...b6-a293-6b005db062d0-2-19 |  1265000 |   397000 |   469862793 |  16218597895 |         0 |      0 |  1602158722 |      0 |      0 |         0 
 113372 Thread 57 - PartitionProcessorThre...7b6-a293-6b005db062d0-1-0 |  1260000 |   399000 |   469234727 |  16188994966 |         0 |      0 |  1707901038 |      0 |      0 |         0 
 113373 Thread 58 - PartitionProcessorThre...7b6-a293-6b005db062d0-1-1 |  1270000 |   402000 |   471890426 |  16315779345 |         0 |      0 |  1888230896 |      0 |      0 |         0 
 113374 Thread 59 - PartitionProcessorThre...7b6-a293-6b005db062d0-1-2 |  1335000 |   443000 |   501905379 |  17349875419 |         0 |      0 |  1854720089 |      0 |      0 |         0 
 113375 Thread 60 - PartitionProcessorThre...7b6-a293-6b005db062d0-1-3 |  1348000 |   417000 |   499744640 |  17223651833 |         0 |      0 |  1954673298 |      0 |      0 |         0 
 113376 Thread 61 - PartitionProcessorThre...7b6-a293-6b005db062d0-1-4 |  1253000 |   395000 |   465569066 |  16081584638 |         0 |      0 |  1980593377 |      0 |      0 |         0 
 113377 Thread 62 - PartitionProcessorThre...7b6-a293-6b005db062d0-1-5 |  1225000 |   396000 |   458395941 |  15818368142 |         0 |      0 |  1803332715 |      0 |      0 |         0 
 113378 Thread 63 - PartitionProcessorThre...7b6-a293-6b005db062d0-1-6 |  1285000 |   376000 |   470598406 |  16208463653 |         0 |      0 |  1814218012 |      0 |      0 |         0 
 113379 Thread 64 - PartitionProcessorThre...7b6-a293-6b005db062d0-1-7 |  1237000 |   432000 |   472057957 |  16286773528 |         0 |      0 |  1743749201 |      0 |      0 |         0 
 113380 Thread 65 - PartitionProcessorThre...7b6-a293-6b005db062d0-1-8 |  1239000 |   454000 |   478360281 |  16520631942 |         0 |      0 |  1732199231 |      0 |      0 |         0 
 113381 Thread 66 - PartitionProcessorThre...7b6-a293-6b005db062d0-1-9 |  1313000 |   452000 |   500586414 |  17223714290 |  10831872 |      0 |  1809069011 |      0 |      0 |         0 
 113382 Thread 67 - PartitionProcessorThre...b6-a293-6b005db062d0-1-10 |  1334000 |   431000 |   499451629 |  17223138403 |         0 |      0 |  1882038219 |      0 |      0 |         0 
 113384 Thread 68 - PartitionProcessorThre...b6-a293-6b005db062d0-1-11 |  1293000 |   398000 |   477594848 |  16501591083 |         0 |      0 |  1694790399 |      0 |      0 |         0 
 113385 Thread 69 - PartitionProcessorThre...b6-a293-6b005db062d0-1-12 |  1211000 |   472000 |   476575301 |  16423191591 |         0 |      0 |  1859684135 |      0 |      0 |         0 
 113386 Thread 70 - PartitionProcessorThre...b6-a293-6b005db062d0-1-13 |  1325000 |   451000 |   503591367 |  17330604040 |         0 |      0 |  1961206637 |      0 |      0 |         0 
 113387 Thread 71 - PartitionProcessorThre...b6-a293-6b005db062d0-1-14 |  1316000 |   429000 |   494364594 |  17028373509 |         0 |      0 |  1913730245 |      0 |      0 |         0 
 113388 Thread 72 - PartitionProcessorThre...b6-a293-6b005db062d0-1-15 |  1291000 |   441000 |   491238926 |  16901435083 |         0 |      0 |  1854487570 |      0 |      0 |         0 
 113389 Thread 73 - PartitionProcessorThre...b6-a293-6b005db062d0-1-16 |  1336000 |   451000 |   506177847 |  17438254926 |         0 |      0 |  2065435569 |      0 |      0 |         0 
 113390 Thread 74 - PartitionProcessorThre...b6-a293-6b005db062d0-1-17 |  1333000 |   416000 |   495965523 |  17067812356 |      1024 |      0 |  1923557243 |      0 |      0 |         0 
 113391 Thread 75 - PartitionProcessorThre...b6-a293-6b005db062d0-1-18 |  1334000 |   412000 |   494258476 |  17037821934 |         0 |      0 |  2082686965 |      0 |      0 |         0 
 113392 Thread 76 - PartitionProcessorThre...b6-a293-6b005db062d0-1-19 |  1301000 |   403000 |   482993094 |  16628130794 |         0 |      0 |  1616492681 |      0 |      0 |         0 
 113826 Thread 77 - process reaper                                     |     1000 |        0 |      291417 |      9788734 |         0 |      0 |      518045 |      0 |      0 |         0 
 113832 Thread 78 - Attach Listener                                    |   418000 |   105000 |   151033155 |   5112422519 |   5304320 | 110592 |     4263328 |      0 |      0 |         0 
