                                 Task                                 |  utime   |  stime   |     rss     |     vmem     |   read    | write  |    d:cpu    | d:bio  | d:swap | d:reclaim 
 52105 Thread 1 - main                                                |   580000 |    98000 |    40743686 |   5107207275 |  21055488 |   1024 |     2692592 |      0 |      0 |         0 
 52127 Thread 2 - Reference Handler                                   |     4000 |        0 |      531332 |     32848507 |         0 |      0 |           0 |      0 |      0 |         0 
 52128 Thread 3 - Finalizer                                           |     6000 |     2000 |      881335 |     63281339 |      5120 |      0 |     1891808 |      0 |      0 |         0 
 52129 Thread 4 - Surrogate Locker Thread (Concurrent GC)             |        0 |        0 |           0 |            0 |         0 |      0 |     1273814 |      0 |      0 |         0 
 52130 Thread 5 - Signal Dispatcher                                   |     1000 |        0 |      303027 |      9755031 |         0 |      0 |       17162 |      0 |      0 |         0 
 52138 Thread 11 - DecatonSubscriptionThread-decaton-benchmark        | 28559000 | 29675000 | 17341109927 | 566790535125 | 585796608 | 122880 | 16602026596 | 165848 |      0 |         0 
 52166 Thread 13 - kafka-coordinator-hear...hread | decaton-benchmark |   175000 |    49000 |    65670835 |   2170158226 |   6035456 |   4096 |    15387339 | 236498 |      0 |         0 
 52257 Thread 14 - PartitionProcessorThre...728-8566-f2ba6858ec41-2-0 |  1196000 |   376000 |   469327122 |  15332494926 |         0 |      0 |  1240540720 |      0 |      0 |         0 
 52258 Thread 15 - PartitionProcessorThre...728-8566-f2ba6858ec41-2-1 |  1244000 |   458000 |   506432313 |  16589880973 |     33792 |      0 |  1471955929 |      0 |      0 |         0 
 52259 Thread 16 - PartitionProcessorThre...728-8566-f2ba6858ec41-2-2 |  1190000 |   420000 |   479766208 |  15705782016 |         0 |      0 |  1433644135 |      0 |      0 |         0 
 52260 Thread 17 - PartitionProcessorThre...728-8566-f2ba6858ec41-2-3 |  1226000 |   414000 |   490116410 |  15996148922 |  10831872 |      0 |  1313902463 |      0 |      0 |         0 
 52261 Thread 18 - PartitionProcessorThre...728-8566-f2ba6858ec41-2-4 |  1160000 |   432000 |   473284094 |  15521518883 |         0 |      0 |  1445583418 |      0 |      0 |         0 
 52262 Thread 19 - PartitionProcessorThre...728-8566-f2ba6858ec41-2-5 |  1163000 |   406000 |   464905258 |  15294031540 |    121856 |      0 |  1465158352 |      0 |      0 |         0 
 52263 Thread 20 - PartitionProcessorThre...728-8566-f2ba6858ec41-2-6 |  1206000 |   393000 |   474915747 |  15593709755 |      3072 |      0 |  1471693810 |      0 |      0 |         0 
 52264 Thread 21 - PartitionProcessorThre...728-8566-f2ba6858ec41-2-7 |  1297000 |   439000 |   516553672 |  16932012551 |         0 |      0 |  1371244108 |      0 |      0 |         0 
 52265 Thread 22 - PartitionProcessorThre...728-8566-f2ba6858ec41-2-8 |  1175000 |   417000 |   475416852 |  15528644645 |         0 |      0 |  1411582787 |      0 |      0 |         0 
 52266 Thread 23 - PartitionProcessorThre...728-8566-f2ba6858ec41-2-9 |  1145000 |   409000 |   464339254 |  15156115196 |         0 |      0 |  1377712867 |      0 |      0 |         0 
 52267 Thread 24 - PartitionProcessorThre...28-8566-f2ba6858ec41-2-10 |  1174000 |   356000 |   457035641 |  14923194559 |         0 |      0 |  1298725595 |      0 |      0 |         0 
 52268 Thread 25 - PartitionProcessorThre...28-8566-f2ba6858ec41-2-11 |  1174000 |   469000 |   489571481 |  16024617856 |         0 |      0 |  1456176909 |      0 |      0 |         0 
 52269 Thread 26 - PartitionProcessorThre...28-8566-f2ba6858ec41-2-12 |  1230000 |   396000 |   485961383 |  15859678165 |         0 |      0 |  1196888202 |      0 |      0 |         0 
 52270 Thread 27 - PartitionProcessorThre...28-8566-f2ba6858ec41-2-13 |  1180000 |   401000 |   471999172 |  15421809809 |         0 |      0 |  1431414529 |      0 |      0 |         0 
 52272 Thread 28 - PartitionProcessorThre...28-8566-f2ba6858ec41-2-14 |  1182000 |   382000 |   466538383 |  15254154395 |     35840 |      0 |  1473633724 |      0 |      0 |         0 
 52273 Thread 29 - PartitionProcessorThre...28-8566-f2ba6858ec41-2-15 |  1107000 |   405000 |   447279809 |  14748645247 |         0 |      0 |  1367760245 |      0 |      0 |         0 
 52274 Thread 30 - PartitionProcessorThre...28-8566-f2ba6858ec41-2-16 |  1192000 |   431000 |   479787012 |  15829869829 |      6144 |      0 |  1270485397 |      0 |      0 |         0 
 52275 Thread 31 - PartitionProcessorThre...28-8566-f2ba6858ec41-2-17 |  1204000 |   412000 |   478806008 |  15761826090 |         0 |      0 |  1234446514 |      0 |      0 |         0 
 52276 Thread 32 - PartitionProcessorThre...28-8566-f2ba6858ec41-2-18 |  1230000 |   434000 |   493165012 |  16231145071 |         0 |      0 |  1373599774 |      0 |      0 |         0 
 52277 Thread 33 - PartitionProcessorThre...28-8566-f2ba6858ec41-2-19 |  1252000 |   397000 |   490327012 |  16084470321 |         0 |      0 |  1419681105 |      0 |      0 |         0 
 52278 Thread 34 - PartitionProcessorThre...728-8566-f2ba6858ec41-0-0 |  1125000 |   395000 |   455462981 |  14828144430 |         0 |      0 |  1373538857 |      0 |      0 |         0 
 52279 Thread 35 - PartitionProcessorThre...728-8566-f2ba6858ec41-0-1 |  1158000 |   408000 |   469392251 |  15277195954 |         0 |      0 |  1334239521 |      0 |      0 |         0 
 52280 Thread 36 - PartitionProcessorThre...728-8566-f2ba6858ec41-0-2 |  1208000 |   408000 |   483917981 |  15764288848 |         0 |      0 |  1434093387 |      0 |      0 |         0 
 52281 Thread 37 - PartitionProcessorThre...728-8566-f2ba6858ec41-0-3 |  1230000 |   403000 |   489396610 |  15930643915 |         0 |      0 |  1504882788 |      0 |      0 |         0 
 52282 Thread 38 - PartitionProcessorThre...728-8566-f2ba6858ec41-0-4 |  1207000 |   459000 |   499212422 |  16252285059 |         0 |      0 |  1331148351 |      0 |      0 |         0 
 52283 Thread 39 - PartitionProcessorThre...728-8566-f2ba6858ec41-0-5 |  1182000 |   438000 |   487030977 |  15803868887 |         0 |      0 |  1611748425 |      0 |      0 |         0 
 52284 Thread 40 - PartitionProcessorThre...728-8566-f2ba6858ec41-0-6 |  1234000 |   372000 |   481945782 |  15667269477 |         0 |      0 |  1410937077 |      0 |      0 |         0 
 52285 Thread 41 - PartitionProcessorThre...728-8566-f2ba6858ec41-0-7 |  1157000 |   423000 |   474604020 |  15413999606 |      3072 |      0 |  1184591825 |      0 |      0 |         0 
 52286 Thread 42 - PartitionProcessorThre...728-8566-f2ba6858ec41-0-8 |  1196000 |   438000 |   489238122 |  15940390309 |         0 |      0 |  1462208324 |      0 |      0 |         0 
 52287 Thread 43 - PartitionProcessorThre...728-8566-f2ba6858ec41-0-9 |  1217000 |   421000 |   491702793 |  15979413446 |         0 |      0 |  1248152758 |      0 |      0 |         0 
 52288 Thread 44 - PartitionProcessorThre...28-8566-f2ba6858ec41-0-10 |  1241000 |   387000 |   486867297 |  15881779680 |         0 |      0 |  1431136626 |      0 |      0 |         0 
 52289 Thread 45 - PartitionProcessorThre...28-8566-f2ba6858ec41-0-11 |  1216000 |   386000 |   481006153 |  15627987626 |         0 |      0 |  1499930632 |      0 |      0 |         0 
 52290 Thread 46 - PartitionProcessorThre...28-8566-f2ba6858ec41-0-12 |  1193000 |   390000 |   474337469 |  15443105036 |         0 |      0 |  1635475470 |      0 |      0 |         0 
 52291 Thread 47 - PartitionProcessorThre...28-8566-f2ba6858ec41-0-13 |  1185000 |   377000 |   467735590 |  15237677872 |         0 |      0 |  1398424837 |      0 |      0 |         0 
 52292 Thread 48 - PartitionProcessorThre...28-8566-f2ba6858ec41-0-14 |  1126000 |   376000 |   450824946 |  14652698891 |         0 |      0 |  1606122464 |      0 |      0 |         0 
 52293 Thread 49 - PartitionProcessorThre...28-8566-f2ba6858ec41-0-15 |  1196000 |   408000 |   480407215 |  15647616118 |         0 |      0 |  1512409595 |      0 |      0 |         0 
 52294 Thread 50 - PartitionProcessorThre...28-8566-f2ba6858ec41-0-16 |  1175000 |   367000 |   461470180 |  15042730614 |         0 |      0 |  1299738313 |      0 |      0 |         0 
 52295 Thread 51 - PartitionProcessorThre...28-8566-f2ba6858ec41-0-17 |  1194000 |   419000 |   483150629 |  15735256469 |         0 |      0 |  1489385607 |      0 |      0 |         0 
 52296 Thread 52 - PartitionProcessorThre...28-8566-f2ba6858ec41-0-18 |  1135000 |   386000 |   455285567 |  14837845380 |         0 |      0 |  1331252021 |      0 |      0 |         0 
 52297 Thread 53 - PartitionProcessorThre...28-8566-f2ba6858ec41-0-19 |  1151000 |   411000 |   468189610 |  15238157137 |         0 |      0 |  1243474002 |      0 |      0 |         0 
 52298 Thread 54 - PartitionProcessorThre...728-8566-f2ba6858ec41-1-0 |  1180000 |   411000 |   478401989 |  15521422962 |         0 |      0 |  1347409831 |      0 |      0 |         0 
 52299 Thread 55 - PartitionProcessorThre...728-8566-f2ba6858ec41-1-1 |  1180000 |   416000 |   479573297 |  15569824297 |         0 |      0 |  1218189364 |      0 |      0 |         0 
 52300 Thread 56 - PartitionProcessorThre...728-8566-f2ba6858ec41-1-2 |  1272000 |   420000 |   508720661 |  16506358422 |         0 |      0 |  1366085122 |      0 |      0 |         0 
 52301 Thread 57 - PartitionProcessorThre...728-8566-f2ba6858ec41-1-3 |  1265000 |   407000 |   501431489 |  16310834204 |         0 |      0 |  1485364952 |      0 |      0 |         0 
 52302 Thread 58 - PartitionProcessorThre...728-8566-f2ba6858ec41-1-4 |  1248000 |   429000 |   504657926 |  16360043813 |         0 |      0 |  1496701455 |      0 |      0 |         0 
 52303 Thread 59 - PartitionProcessorThre...728-8566-f2ba6858ec41-1-5 |  1193000 |   444000 |   491719352 |  15969505024 |         0 |      0 |  1370427401 |      0 |      0 |         0 
 52304 Thread 60 - PartitionProcessorThre...728-8566-f2ba6858ec41-1-6 |  1252000 |   403000 |   497290305 |  16145260247 |         0 |      0 |  1368680686 |      0 |      0 |         0 
 52305 Thread 61 - PartitionProcessorThre...728-8566-f2ba6858ec41-1-7 |  1118000 |   393000 |   454041669 |  14740301098 |         0 |      0 |  1452167402 |      0 |      0 |         0 
 52306 Thread 62 - PartitionProcessorThre...728-8566-f2ba6858ec41-1-8 |  1142000 |   334000 |   444057848 |  14399017907 |         0 |      0 |  1431925576 |      0 |      0 |         0 
 52307 Thread 63 - PartitionProcessorThre...728-8566-f2ba6858ec41-1-9 |  1073000 |   394000 |   439990720 |  14311069231 |         0 |      0 |  1307280975 |      0 |      0 |         0 
 52308 Thread 64 - PartitionProcessorThre...28-8566-f2ba6858ec41-1-10 |  1146000 |   414000 |   468606422 |  15218826930 |         0 |      0 |  1402993040 |      0 |      0 |         0 
 52309 Thread 65 - PartitionProcessorThre...28-8566-f2ba6858ec41-1-11 |  1198000 |   407000 |   482484438 |  15657753755 |         0 |      0 |  1319457276 |      0 |      0 |         0 
 52310 Thread 66 - PartitionProcessorThre...28-8566-f2ba6858ec41-1-12 |  1244000 |   427000 |   501348766 |  16301348305 |         0 |      0 |  1329945441 |      0 |      0 |         0 
 52311 Thread 67 - PartitionProcessorThre...28-8566-f2ba6858ec41-1-13 |  1189000 |   403000 |   477960125 |  15530544981 |         0 |      0 |  1401229527 |      0 |      0 |         0 
 52312 Thread 68 - PartitionProcessorThre...28-8566-f2ba6858ec41-1-14 |  1232000 |   408000 |   492575235 |  15998873461 |         0 |      0 |  1503976373 |      0 |      0 |         0 
 52313 Thread 69 - PartitionProcessorThre...28-8566-f2ba6858ec41-1-15 |  1215000 |   403000 |   487197911 |  15784312508 |         0 |      0 |  1272360078 |      0 |      0 |         0 
 52314 Thread 70 - PartitionProcessorThre...28-8566-f2ba6858ec41-1-16 |  1211000 |   387000 |   480074883 |  15589311176 |      1024 |      0 |  1422134481 |      0 |      0 |         0 
 52315 Thread 71 - PartitionProcessorThre...28-8566-f2ba6858ec41-1-17 |  1182000 |   415000 |   480072969 |  15579637930 |         0 |      0 |  1307186138 |      0 |      0 |         0 
 52316 Thread 72 - PartitionProcessorThre...28-8566-f2ba6858ec41-1-18 |  1211000 |   388000 |   480424723 |  15598906126 |         0 |      0 |  1407541156 |      0 |      0 |         0 
 52317 Thread 73 - PartitionProcessorThre...28-8566-f2ba6858ec41-1-19 |  1164000 |   366000 |   459793755 |  14925935009 |         0 |      0 |  1493504983 |      0 |      0 |         0 
 52591 Thread 74 - process reaper                                     |     2000 |     2000 |     1258640 |     39112261 |      2048 |      0 |      225560 |      0 |      0 |         0 
 52597 Thread 75 - Attach Listener                                    |   362000 |    91000 |   138818272 |   4426852460 |   5304320 |  98304 |     1084273 |      0 |      0 |         0 
