                                 Task                                  |  utime   |  stime   |     rss     |     vmem     |   read    | write  |    d:cpu    | d:bio  | d:swap | d:reclaim 
 143791 Thread 1 - main                                                |   598000 |    95000 |    41956186 |   5226779882 |  21210112 |   1024 |     5738515 |      0 |      0 |         0 
 143813 Thread 2 - Reference Handler                                   |     7000 |        0 |      793980 |     55517792 |         0 |      0 |     1046329 |      0 |      0 |         0 
 143814 Thread 3 - Finalizer                                           |     7000 |        0 |      852492 |     56220249 |     13312 |      0 |       32239 |      0 |      0 |         0 
 143815 Thread 4 - Surrogate Locker Thread (Concurrent GC)             |        0 |        0 |           0 |            0 |         0 |      0 |           0 |      0 |      0 |         0 
 143816 Thread 5 - Signal Dispatcher                                   |        0 |     1000 |      300964 |      9755035 |         0 |      0 |           0 |      0 |      0 |         0 
 143826 Thread 11 - DecatonSubscriptionThread-decaton-benchmark        | 28231000 | 32787000 | 18147300310 | 594186171045 | 636313600 | 124928 | 19284287476 | 130775 |      0 |         0 
 143827 Thread 13 - kafka-coordinator-hear...hread | decaton-benchmark |   186000 |    53000 |    70512456 |   2326447433 |   6625280 |   4096 |    43578175 |  97673 |      0 |         0 
 143830 Thread 14 - PartitionProcessorThre...1ef-8975-943702abe563-1-0 |  1309000 |   488000 |   532477644 |  17507783617 |     89088 |      0 |  1494281497 |      0 |      0 |         0 
 143831 Thread 15 - PartitionProcessorThre...1ef-8975-943702abe563-1-1 |  1160000 |   449000 |   479055563 |  15695278847 |      3072 |      0 |  1367232035 |      0 |      0 |         0 
 143832 Thread 16 - PartitionProcessorThre...1ef-8975-943702abe563-1-2 |  1248000 |   452000 |   504041863 |  16580872249 |         0 |      0 |  1395208884 |      0 |      0 |         0 
 143833 Thread 17 - PartitionProcessorThre...1ef-8975-943702abe563-1-3 |  1239000 |   447000 |   499555098 |  16441070968 |      4096 |      0 |  1573805153 |      0 |      0 |         0 
 143834 Thread 18 - PartitionProcessorThre...1ef-8975-943702abe563-1-4 |  1314000 |   457000 |   527455812 |  17278772343 |         0 |      0 |  1604067128 |      0 |      0 |         0 
 143835 Thread 19 - PartitionProcessorThre...1ef-8975-943702abe563-1-5 |  1301000 |   488000 |   531797004 |  17450443210 |         0 |      0 |  1325309778 |      0 |      0 |         0 
 143836 Thread 20 - PartitionProcessorThre...1ef-8975-943702abe563-1-6 |  1284000 |   459000 |   516912445 |  16999282820 |         0 |      0 |  1397110471 |      0 |      0 |         0 
 143837 Thread 21 - PartitionProcessorThre...1ef-8975-943702abe563-1-7 |  1266000 |   445000 |   506874090 |  16686277468 |      3072 |      0 |  1287827795 |      0 |      0 |         0 
 143838 Thread 22 - PartitionProcessorThre...1ef-8975-943702abe563-1-8 |  1305000 |   396000 |   503801090 |  16594667156 |         0 |      0 |  1292800170 |      0 |      0 |         0 
 143839 Thread 23 - PartitionProcessorThre...1ef-8975-943702abe563-1-9 |  1282000 |   463000 |   518994457 |  17020220968 |     64512 |      0 |  1433217481 |      0 |      0 |         0 
 143840 Thread 24 - PartitionProcessorThre...ef-8975-943702abe563-1-10 |  1250000 |   443000 |   501451320 |  16516998562 |         0 |      0 |  1479992998 |      0 |      0 |         0 
 143841 Thread 25 - PartitionProcessorThre...ef-8975-943702abe563-1-11 |  1231000 |   434000 |   494833848 |  16245283312 |         0 |      0 |  1370494703 |      0 |      0 |         0 
 143842 Thread 26 - PartitionProcessorThre...ef-8975-943702abe563-1-12 |  1294000 |   409000 |   505755481 |  16615775300 |         0 |      0 |  1487503126 |      0 |      0 |         0 
 143843 Thread 27 - PartitionProcessorThre...ef-8975-943702abe563-1-13 |  1245000 |   425000 |   497367914 |  16295482406 |         0 |      0 |  1445457178 |      0 |      0 |         0 
 143844 Thread 28 - PartitionProcessorThre...ef-8975-943702abe563-1-14 |  1241000 |   461000 |   506759094 |  16603265300 |      5120 |      0 |  1413621423 |      0 |      0 |         0 
 143845 Thread 29 - PartitionProcessorThre...ef-8975-943702abe563-1-15 |  1340000 |   434000 |   527241973 |  17308114679 |         0 |      0 |  1291240446 |      0 |      0 |         0 
 143846 Thread 30 - PartitionProcessorThre...ef-8975-943702abe563-1-16 |  1342000 |   433000 |   529415000 |  17317142332 |     35840 |      0 |  1332790713 |      0 |      0 |         0 
 143847 Thread 31 - PartitionProcessorThre...ef-8975-943702abe563-1-17 |  1322000 |   447000 |   526298488 |  17261489156 |      1024 |      0 |  1383874506 |      0 |      0 |         0 
 143848 Thread 32 - PartitionProcessorThre...ef-8975-943702abe563-1-18 |  1185000 |   436000 |   482763071 |  15816480999 |         0 |      0 |  1404045656 |      0 |      0 |         0 
 143849 Thread 33 - PartitionProcessorThre...ef-8975-943702abe563-1-19 |  1222000 |   479000 |   507224102 |  16596982218 |         0 |      0 |  1392126322 |      0 |      0 |         0 
 143850 Thread 34 - PartitionProcessorThre...1ef-8975-943702abe563-0-0 |  1332000 |   437000 |   529127086 |  17261795023 |         0 |      0 |  1310236309 |      0 |      0 |         0 
 143851 Thread 35 - PartitionProcessorThre...1ef-8975-943702abe563-0-1 |  1232000 |   433000 |   497929219 |  16246581839 |         0 |      0 |  1557169286 |      0 |      0 |         0 
 143852 Thread 36 - PartitionProcessorThre...1ef-8975-943702abe563-0-2 |  1171000 |   421000 |   476040942 |  15534435890 |         0 |      0 |  1380004957 |      0 |      0 |         0 
 143853 Thread 37 - PartitionProcessorThre...1ef-8975-943702abe563-0-3 |  1276000 |   406000 |   503625985 |  16413421875 |         0 |      0 |  1261653743 |      0 |      0 |         0 
 143854 Thread 38 - PartitionProcessorThre...1ef-8975-943702abe563-0-4 |  1254000 |   424000 |   502137481 |  16374139234 |         0 |      0 |  1285582813 |      0 |      0 |         0 
 143855 Thread 39 - PartitionProcessorThre...1ef-8975-943702abe563-0-5 |  1219000 |   459000 |   502855723 |  16374918734 |         0 |      0 |  1416440580 |      0 |      0 |         0 
 143856 Thread 40 - PartitionProcessorThre...1ef-8975-943702abe563-0-6 |  1319000 |   483000 |   539948566 |  17584552671 |         0 |      0 |  1514315264 |      0 |      0 |         0 
 143857 Thread 41 - PartitionProcessorThre...1ef-8975-943702abe563-0-7 |  1317000 |   449000 |   528212199 |  17232247593 |         0 |      0 |  1400480092 |      0 |      0 |         0 
 143858 Thread 42 - PartitionProcessorThre...1ef-8975-943702abe563-0-8 |  1274000 |   409000 |   502582321 |  16422350843 |         0 |      0 |  1438469131 |      0 |      0 |         0 
 143859 Thread 43 - PartitionProcessorThre...1ef-8975-943702abe563-0-9 |  1353000 |   441000 |   536767641 |  17506390578 |         0 |      0 |  1238082142 |      0 |      0 |         0 
 143860 Thread 44 - PartitionProcessorThre...ef-8975-943702abe563-0-10 |  1164000 |   434000 |   478150016 |  15593371796 |         0 |      0 |  1509430132 |      0 |      0 |         0 
 143861 Thread 45 - PartitionProcessorThre...ef-8975-943702abe563-0-11 |  1320000 |   436000 |   525245949 |  17135165468 |         0 |      0 |  1556954681 |      0 |      0 |         0 
 143862 Thread 46 - PartitionProcessorThre...ef-8975-943702abe563-0-12 |  1216000 |   421000 |   490476719 |  15974162546 |         0 |      0 |  1247429278 |      0 |      0 |         0 
 143863 Thread 47 - PartitionProcessorThre...ef-8975-943702abe563-0-13 |  1314000 |   398000 |   512091512 |  16705981886 |         0 |      0 |  1463061078 |      0 |      0 |         0 
 143864 Thread 48 - PartitionProcessorThre...ef-8975-943702abe563-0-14 |  1239000 |   420000 |   495518297 |  16188194140 |         0 |      0 |  1544084966 |      0 |      0 |         0 
 143865 Thread 49 - PartitionProcessorThre...ef-8975-943702abe563-0-15 |  1249000 |   457000 |   510886567 |  16647900656 |         0 |      0 |  1335738274 |      0 |      0 |         0 
 143866 Thread 50 - PartitionProcessorThre...ef-8975-943702abe563-0-16 |  1367000 |   441000 |   541842832 |  17643133921 |         0 |      0 |  1471574083 |      0 |      0 |         0 
 143867 Thread 51 - PartitionProcessorThre...ef-8975-943702abe563-0-17 |  1292000 |   466000 |   525343906 |  17155248546 |         0 |      0 |  1559672591 |      0 |      0 |         0 
 143868 Thread 52 - PartitionProcessorThre...ef-8975-943702abe563-0-18 |  1291000 |   485000 |   531364449 |  17329989031 |         0 |      0 |  1432791774 |      0 |      0 |         0 
 143869 Thread 53 - PartitionProcessorThre...ef-8975-943702abe563-0-19 |  1290000 |   466000 |   524097875 |  17134604171 |         0 |      0 |  1596273053 |      0 |      0 |         0 
 143870 Thread 54 - PartitionProcessorThre...1ef-8975-943702abe563-2-0 |  1277000 |   420000 |   508076125 |  16559078242 |         0 |      0 |  1662770506 |      0 |      0 |         0 
 143871 Thread 55 - PartitionProcessorThre...1ef-8975-943702abe563-2-1 |  1242000 |   451000 |   507124367 |  16520677746 |         0 |      0 |  1537153754 |      0 |      0 |         0 
 143872 Thread 56 - PartitionProcessorThre...1ef-8975-943702abe563-2-2 |  1286000 |   431000 |   514002195 |  16753793125 |         0 |      0 |  1555855389 |      0 |      0 |         0 
 143873 Thread 57 - PartitionProcessorThre...1ef-8975-943702abe563-2-3 |  1265000 |   445000 |   512147113 |  16685952062 |         0 |      0 |  1496848150 |      0 |      0 |         0 
 143874 Thread 58 - PartitionProcessorThre...1ef-8975-943702abe563-2-4 |  1249000 |   404000 |   495439160 |  16130772945 |         0 |      0 |  1428507605 |      0 |      0 |         0 
 143875 Thread 59 - PartitionProcessorThre...1ef-8975-943702abe563-2-5 |  1265000 |   445000 |   512741848 |  16686292074 |         0 |      0 |  1551760048 |      0 |      0 |         0 
 143876 Thread 60 - PartitionProcessorThre...1ef-8975-943702abe563-2-6 |  1294000 |   449000 |   521049383 |  17007919394 |         0 |      0 |  1317096607 |      0 |      0 |         0 
 143877 Thread 61 - PartitionProcessorThre...1ef-8975-943702abe563-2-7 |  1277000 |   414000 |   507049262 |  16501763550 |         0 |      0 |  1338883009 |      0 |      0 |         0 
 143878 Thread 62 - PartitionProcessorThre...1ef-8975-943702abe563-2-8 |  1266000 |   431000 |   508884496 |  16559652500 |         0 |      0 |  1561648181 |      0 |      0 |         0 
 143879 Thread 63 - PartitionProcessorThre...1ef-8975-943702abe563-2-9 |  1282000 |   519000 |   539719309 |  17574383464 |         0 |      0 |  1418234291 |      0 |      0 |         0 
 143880 Thread 64 - PartitionProcessorThre...ef-8975-943702abe563-2-10 |  1328000 |   445000 |   531388211 |  17300946847 |         0 |      0 |  1501187211 |      0 |      0 |         0 
 143881 Thread 65 - PartitionProcessorThre...ef-8975-943702abe563-2-11 |  1298000 |   480000 |   532667551 |  17349969414 |         0 |      0 |  1490571509 |      0 |      0 |         0 
 143882 Thread 66 - PartitionProcessorThre...ef-8975-943702abe563-2-12 |  1226000 |   461000 |   505494617 |  16461312687 |         0 |      0 |  1719125762 |      0 |      0 |         0 
 143883 Thread 67 - PartitionProcessorThre...ef-8975-943702abe563-2-13 |  1329000 |   445000 |   531699742 |  17310292238 |      1024 |      0 |  1514889296 |      0 |      0 |         0 
 143884 Thread 68 - PartitionProcessorThre...ef-8975-943702abe563-2-14 |  1252000 |   422000 |   502085750 |  16335133875 |         0 |      0 |  1253814646 |      0 |      0 |         0 
 143885 Thread 69 - PartitionProcessorThre...ef-8975-943702abe563-2-15 |  1307000 |   487000 |   537743496 |  17506567851 |         0 |      0 |  1477989150 |      0 |      0 |         0 
 143886 Thread 70 - PartitionProcessorThre...ef-8975-943702abe563-2-16 |  1316000 |   457000 |   530874066 |  17300567617 |         0 |      0 |  1446120170 |      0 |      0 |         0 
 143887 Thread 71 - PartitionProcessorThre...ef-8975-943702abe563-2-17 |  1324000 |   426000 |   524626805 |  17077194937 |         0 |      0 |  1460002079 |      0 |      0 |         0 
 143888 Thread 72 - PartitionProcessorThre...ef-8975-943702abe563-2-18 |  1257000 |   473000 |   518539680 |  16882319000 |         0 |      0 |  1415421424 |      0 |      0 |         0 
 143889 Thread 73 - PartitionProcessorThre...ef-8975-943702abe563-2-19 |  1288000 |   419000 |   511493242 |  16656594062 |         0 |      0 |  1499329995 |      0 |      0 |         0 
 144308 Thread 74 - process reaper                                     |     2000 |     1000 |      924953 |     29326277 |      2048 |      0 |     1640349 |      0 |      0 |         0 
 144314 Thread 75 - Attach Listener                                    |   373000 |    86000 |   139580784 |   4485528897 |   5304320 | 199680 |     2539990 |      0 |      0 |         0 
