                                 Task                                 |  utime   |  stime   |     rss     |     vmem     |   read    | write  |    d:cpu    | d:bio  | d:swap | d:reclaim 
 85194 Thread 1 - main                                                |   815000 |   123000 |    61840341 |   7217156877 |  34328576 |   1024 |     1590004 |      0 |      0 |         0 
 85216 Thread 2 - Reference Handler                                   |     3000 |     1000 |      288195 |     30338617 |         0 |      0 |      569929 |      0 |      0 |         0 
 85217 Thread 3 - Finalizer                                           |     6000 |        0 |      680199 |     47879964 |     13312 |      0 |     3401051 |      0 |      0 |         0 
 85218 Thread 4 - Surrogate Locker Thread (Concurrent GC)             |     1000 |        0 |       26675 |      7163285 |         0 |      0 |       15476 |      0 |      0 |         0 
 85219 Thread 5 - Signal Dispatcher                                   |        0 |        0 |           0 |            0 |         0 |      0 |           0 |      0 |      0 |         0 
 85229 Thread 12 - RMI Scheduler(0)                                   |     2000 |        0 |      370773 |     17520777 |      4096 |      0 |       19540 |      0 |      0 |         0 
 85230 Thread 13 - RMI RenewClean-[10.231.182.152:37777]              |        0 |     1000 |      328437 |      9787457 |      1024 |      0 |           0 |      0 |      0 |         0 
 85231 Thread 14 - GC Daemon                                          |        0 |        0 |           0 |            0 |         0 |      0 |           0 |      0 |      0 |         0 
 85233 Thread 15 - DecatonSubscriptionThread-decaton-benchmark        | 26624000 | 30951000 | 16513633672 | 560951170705 | 572647424 | 137216 | 18569345500 | 125815 |      0 |         0 
 85234 Thread 16 - kafka-coordinator-hear...hread | decaton-benchmark |   213000 |    37000 |    71725522 |   2434434452 |   7033856 |   5120 |    34141539 | 258314 |      0 |         0 
 85239 Thread 17 - PartitionProcessorThre...4fb-90d6-32c4f2167f0e-0-0 |  1291000 |   461000 |   506060281 |  17088180262 |     34816 |      0 |  1505334066 |      0 |      0 |         0 
 85240 Thread 18 - PartitionProcessorThre...4fb-90d6-32c4f2167f0e-0-1 |  1364000 |   474000 |   530300351 |  17929006887 |      7168 |      0 |  1641104865 |      0 |      0 |         0 
 85241 Thread 19 - PartitionProcessorThre...4fb-90d6-32c4f2167f0e-0-2 |  1355000 |   403000 |   506146121 |  17146739875 |         0 |      0 |  1638248390 |      0 |      0 |         0 
 85242 Thread 20 - PartitionProcessorThre...4fb-90d6-32c4f2167f0e-0-3 |  1272000 |   410000 |   485229719 |  16408668707 |         0 |      0 |  1442578901 |      0 |      0 |         0 
 85243 Thread 21 - PartitionProcessorThre...4fb-90d6-32c4f2167f0e-0-4 |  1254000 |   422000 |   483220250 |  16349576535 |         0 |      0 |  1540136986 |      0 |      0 |         0 
 85244 Thread 22 - PartitionProcessorThre...4fb-90d6-32c4f2167f0e-0-5 |  1332000 |   410000 |   501528613 |  16991610617 |         0 |      0 |  1552238215 |      0 |      0 |         0 
 85245 Thread 23 - PartitionProcessorThre...4fb-90d6-32c4f2167f0e-0-6 |  1383000 |   408000 |   516996176 |  17471735324 |         0 |      0 |  1509645293 |      0 |      0 |         0 
 85246 Thread 24 - PartitionProcessorThre...4fb-90d6-32c4f2167f0e-0-7 |  1388000 |   392000 |   513627879 |  17362855629 |         0 |      0 |  1628602427 |      0 |      0 |         0 
 85247 Thread 25 - PartitionProcessorThre...4fb-90d6-32c4f2167f0e-0-8 |  1295000 |   420000 |   495716801 |  16731644121 |         0 |      0 |  1701061224 |      0 |      0 |         0 
 85248 Thread 26 - PartitionProcessorThre...4fb-90d6-32c4f2167f0e-0-9 |  1419000 |   420000 |   530577000 |  17940933148 |         0 |      0 |  1601097174 |      0 |      0 |         0 
 85249 Thread 27 - PartitionProcessorThre...fb-90d6-32c4f2167f0e-0-10 |  1350000 |   441000 |   516782914 |  17471539473 |         0 |      0 |  1517620042 |      0 |      0 |         0 
 85250 Thread 28 - PartitionProcessorThre...fb-90d6-32c4f2167f0e-0-11 |  1338000 |   469000 |   522508105 |  17631064344 |  10831872 |      0 |  1633792419 |      0 |      0 |         0 
 85251 Thread 29 - PartitionProcessorThre...fb-90d6-32c4f2167f0e-0-12 |  1410000 |   416000 |   526985285 |  17812014797 |         0 |      0 |  1528067774 |      0 |      0 |         0 
 85252 Thread 30 - PartitionProcessorThre...fb-90d6-32c4f2167f0e-0-13 |  1333000 |   434000 |   509119543 |  17236363004 |         0 |      0 |  1388086293 |      0 |      0 |         0 
 85253 Thread 31 - PartitionProcessorThre...fb-90d6-32c4f2167f0e-0-14 |  1256000 |   449000 |   491883918 |  16634617773 |         0 |      0 |  1496239877 |      0 |      0 |         0 
 85254 Thread 32 - PartitionProcessorThre...fb-90d6-32c4f2167f0e-0-15 |  1335000 |   368000 |   490870141 |  16613853227 |         0 |      0 |  1502009883 |      0 |      0 |         0 
 85255 Thread 33 - PartitionProcessorThre...fb-90d6-32c4f2167f0e-0-16 |  1368000 |   403000 |   511200090 |  17278029422 |         0 |      0 |  1472902305 |      0 |      0 |         0 
 85256 Thread 34 - PartitionProcessorThre...fb-90d6-32c4f2167f0e-0-17 |  1250000 |   397000 |   474510328 |  16066085676 |         0 |      0 |  1689818877 |      0 |      0 |         0 
 85257 Thread 35 - PartitionProcessorThre...fb-90d6-32c4f2167f0e-0-18 |  1259000 |   391000 |   475455418 |  16096062379 |         0 |      0 |  1590404693 |      0 |      0 |         0 
 85258 Thread 36 - PartitionProcessorThre...fb-90d6-32c4f2167f0e-0-19 |  1266000 |   418000 |   486940453 |  16430912949 |         0 |      0 |  1545969269 |      0 |      0 |         0 
 85259 Thread 37 - PartitionProcessorThre...4fb-90d6-32c4f2167f0e-2-0 |  1334000 |   426000 |   500658441 |  17174036301 |         0 |      0 |  1496988244 |      0 |      0 |         0 
 85260 Thread 38 - PartitionProcessorThre...4fb-90d6-32c4f2167f0e-2-1 |  1263000 |   399000 |   473039606 |  16217507973 |         0 |      0 |  1706164840 |      0 |      0 |         0 
 85261 Thread 39 - PartitionProcessorThre...4fb-90d6-32c4f2167f0e-2-2 |  1400000 |   402000 |   514951266 |  17583547406 |         0 |      0 |  1594235894 |      0 |      0 |         0 
 85262 Thread 40 - PartitionProcessorThre...4fb-90d6-32c4f2167f0e-2-3 |  1316000 |   420000 |   494958945 |  16939822277 |         0 |      0 |  1536608690 |      0 |      0 |         0 
 85263 Thread 41 - PartitionProcessorThre...4fb-90d6-32c4f2167f0e-2-4 |  1423000 |   417000 |   526701656 |  17954604250 |         0 |      0 |  1615569128 |      0 |      0 |         0 
 85264 Thread 42 - PartitionProcessorThre...4fb-90d6-32c4f2167f0e-2-5 |  1354000 |   391000 |   499509231 |  17028002941 |         0 |      0 |  1477516063 |      0 |      0 |         0 
 85265 Thread 43 - PartitionProcessorThre...4fb-90d6-32c4f2167f0e-2-6 |  1372000 |   413000 |   511982977 |  17418720668 |         0 |      0 |  1495324292 |      0 |      0 |         0 
 85266 Thread 44 - PartitionProcessorThre...4fb-90d6-32c4f2167f0e-2-7 |  1379000 |   426000 |   517249785 |  17613011176 |         0 |      0 |  1735826089 |      0 |      0 |         0 
 85267 Thread 45 - PartitionProcessorThre...4fb-90d6-32c4f2167f0e-2-8 |  1346000 |   473000 |   521009691 |  17749602144 |         0 |      0 |  1497045364 |      0 |      0 |         0 
 85268 Thread 46 - PartitionProcessorThre...4fb-90d6-32c4f2167f0e-2-9 |  1327000 |   419000 |   498801402 |  17037445402 |         0 |      0 |  1523595131 |      0 |      0 |         0 
 85269 Thread 47 - PartitionProcessorThre...fb-90d6-32c4f2167f0e-2-10 |  1460000 |   469000 |   551191902 |  18822838242 |         0 |      0 |  1704722842 |      0 |      0 |         0 
 85270 Thread 48 - PartitionProcessorThre...fb-90d6-32c4f2167f0e-2-11 |  1348000 |   436000 |   509206453 |  17408088652 |         0 |      0 |  1651238655 |      0 |      0 |         0 
 85271 Thread 49 - PartitionProcessorThre...fb-90d6-32c4f2167f0e-2-12 |  1343000 |   374000 |   491318988 |  16754432711 |         0 |      0 |  1592688896 |      0 |      0 |         0 
 85272 Thread 50 - PartitionProcessorThre...fb-90d6-32c4f2167f0e-2-13 |  1384000 |   412000 |   515364391 |  17525638316 |         0 |      0 |  1642115985 |      0 |      0 |         0 
 85273 Thread 51 - PartitionProcessorThre...fb-90d6-32c4f2167f0e-2-14 |  1387000 |   402000 |   511964863 |  17457099769 |         0 |      0 |  1646494078 |      0 |      0 |         0 
 85274 Thread 52 - PartitionProcessorThre...fb-90d6-32c4f2167f0e-2-15 |  1362000 |   413000 |   506425109 |  17320322059 |         0 |      0 |  1704074112 |      0 |      0 |         0 
 85275 Thread 53 - PartitionProcessorThre...fb-90d6-32c4f2167f0e-2-16 |  1308000 |   442000 |   500716969 |  17076651215 |         0 |      0 |  1752565407 |      0 |      0 |         0 
 85276 Thread 54 - PartitionProcessorThre...fb-90d6-32c4f2167f0e-2-17 |  1356000 |   429000 |   510652426 |  17418100012 |         0 |      0 |  1502103807 |      0 |      0 |         0 
 85277 Thread 55 - PartitionProcessorThre...fb-90d6-32c4f2167f0e-2-18 |  1439000 |   436000 |   536886937 |  18296102937 |         0 |      0 |  1685855815 |      0 |      0 |         0 
 85278 Thread 56 - PartitionProcessorThre...fb-90d6-32c4f2167f0e-2-19 |  1330000 |   442000 |   506724414 |  17291097055 |         0 |      0 |  1783254736 |      0 |      0 |         0 
 85279 Thread 57 - PartitionProcessorThre...4fb-90d6-32c4f2167f0e-1-0 |  1278000 |   423000 |   490518684 |  16598976719 |         0 |      0 |  1661708289 |      0 |      0 |         0 
 85280 Thread 58 - PartitionProcessorThre...4fb-90d6-32c4f2167f0e-1-1 |  1315000 |   396000 |   494094289 |  16696902688 |         0 |      0 |  1620873696 |      0 |      0 |         0 
 85281 Thread 59 - PartitionProcessorThre...4fb-90d6-32c4f2167f0e-1-2 |  1232000 |   410000 |   472787875 |  16023220863 |         0 |      0 |  1635926561 |      0 |      0 |         0 
 85282 Thread 60 - PartitionProcessorThre...4fb-90d6-32c4f2167f0e-1-3 |  1377000 |   423000 |   519999336 |  17565190719 |         0 |      0 |  1581615502 |      0 |      0 |         0 
 85283 Thread 61 - PartitionProcessorThre...4fb-90d6-32c4f2167f0e-1-4 |  1369000 |   416000 |   514506172 |  17418307422 |         0 |      0 |  1500838006 |      0 |      0 |         0 
 85284 Thread 62 - PartitionProcessorThre...4fb-90d6-32c4f2167f0e-1-5 |  1370000 |   390000 |   508353438 |  17174694113 |         0 |      0 |  1665678218 |      0 |      0 |         0 
 85285 Thread 63 - PartitionProcessorThre...4fb-90d6-32c4f2167f0e-1-6 |  1341000 |   409000 |   505152910 |  17077268644 |         0 |      0 |  1593487303 |      0 |      0 |         0 
 85286 Thread 64 - PartitionProcessorThre...4fb-90d6-32c4f2167f0e-1-7 |  1378000 |   403000 |   514243270 |  17379855773 |         0 |      0 |  1648809452 |      0 |      0 |         0 
 85287 Thread 65 - PartitionProcessorThre...4fb-90d6-32c4f2167f0e-1-8 |  1347000 |   418000 |   509170485 |  17223576918 |         0 |      0 |  1587024860 |      0 |      0 |         0 
 85288 Thread 66 - PartitionProcessorThre...4fb-90d6-32c4f2167f0e-1-9 |  1339000 |   488000 |   526686047 |  17828344215 |         0 |      0 |  1662689539 |      0 |      0 |         0 
 85289 Thread 67 - PartitionProcessorThre...fb-90d6-32c4f2167f0e-1-10 |  1375000 |   409000 |   514166035 |  17408882433 |      1024 |      0 |  1519444966 |      0 |      0 |         0 
 85290 Thread 68 - PartitionProcessorThre...fb-90d6-32c4f2167f0e-1-11 |  1415000 |   432000 |   533042320 |  18023453441 |         0 |      0 |  1663098609 |      0 |      0 |         0 
 85291 Thread 69 - PartitionProcessorThre...fb-90d6-32c4f2167f0e-1-12 |  1345000 |   409000 |   506123149 |  17116310094 |         0 |      0 |  1665445013 |      0 |      0 |         0 
 85292 Thread 70 - PartitionProcessorThre...fb-90d6-32c4f2167f0e-1-13 |  1378000 |   439000 |   525562867 |  17731338113 |         0 |      0 |  1663656578 |      0 |      0 |         0 
 85293 Thread 71 - PartitionProcessorThre...fb-90d6-32c4f2167f0e-1-14 |  1288000 |   418000 |   493010828 |  16647884148 |         0 |      0 |  1509969885 |      0 |      0 |         0 
 85294 Thread 72 - PartitionProcessorThre...fb-90d6-32c4f2167f0e-1-15 |  1220000 |   403000 |   469244930 |  15838038242 |         0 |      0 |  1665911478 |      0 |      0 |         0 
 85295 Thread 73 - PartitionProcessorThre...fb-90d6-32c4f2167f0e-1-16 |  1304000 |   389000 |   488701320 |  16520700406 |         0 |      0 |  1579807679 |      0 |      0 |         0 
 85296 Thread 74 - PartitionProcessorThre...fb-90d6-32c4f2167f0e-1-17 |  1319000 |   414000 |   500392899 |  16911274586 |         0 |      0 |  1595540304 |      0 |      0 |         0 
 85297 Thread 75 - PartitionProcessorThre...fb-90d6-32c4f2167f0e-1-18 |  1353000 |   409000 |   507809086 |  17194034246 |         0 |      0 |  1673654258 |      0 |      0 |         0 
 85298 Thread 76 - PartitionProcessorThre...fb-90d6-32c4f2167f0e-1-19 |  1285000 |   407000 |   489027590 |  16511251059 |         0 |      0 |  1790021751 |      0 |      0 |         0 
 85599 Thread 77 - process reaper                                     |     2000 |     1000 |      955117 |     29363152 |         0 |      0 |      299626 |      0 |      0 |         0 
 85605 Thread 78 - Attach Listener                                    |   423000 |    97000 |   153467643 |   5083840749 |   5144576 | 181248 |    10394963 |      0 |      0 |         0 
