                                 Task                                 |  utime   |  stime   |     rss     |     vmem     |   read    | write  |    d:cpu    | d:bio  | d:swap | d:reclaim 
 65246 Thread 1 - main                                                |  1001000 |   136000 |    78077763 |   8021488751 |  14848000 |   1024 |     5474329 |      0 |      0 |         0 
 65253 Thread 2 - Reference Handler                                   |        0 |        0 |           0 |            0 |         0 |      0 |      181308 |      0 |      0 |         0 
 65254 Thread 3 - Finalizer                                           |     1000 |        0 |       16902 |      6212687 |      5120 |      0 |       27658 |      0 |      0 |         0 
 65255 Thread 4 - Signal Dispatcher                                   |        0 |     1000 |       17929 |      6378855 |         0 |      0 |           0 |      0 |      0 |         0 
 65261 Thread 11 - Common-Cleaner                                     |     2000 |        0 |      221718 |     16384164 |         0 |      0 |      427541 |      0 |      0 |         0 
 65267 Thread 13 - RMI Scheduler(0)                                   |     4000 |        0 |     1104714 |     36640929 |      1024 |      0 |      190073 |      0 |      0 |         0 
 65273 Thread 14 - RMI RenewClean-[10.231.182.152:39581]              |     2000 |        0 |      172210 |     14875023 |         0 |      0 |           0 |      0 |      0 |         0 
 65274 Thread 15 - RMI GC Daemon                                      |        0 |     1000 |      401703 |      9917164 |         0 |      0 |           0 |      0 |      0 |         0 
 65277 Thread 16 - DecatonSubscriptionThread-decaton-benchmark        | 25062000 | 35503000 | 20575499279 | 597687111312 | 624854016 | 106496 | 12459800232 | 294907 |      0 |         0 
 65280 Thread 17 - kafka-coordinator-hear...hread | decaton-benchmark |   260000 |    48000 |   101213054 |   3022632737 |   5532672 |   5120 |    11453800 | 291891 |      0 |         0 
 65286 Thread 18 - PartitionProcessorThre...879-85db-3c7e6c4928e6-2-0 |  1066000 |   404000 |   496280387 |  14503770640 |     41984 |      0 |   908000606 |      0 |      0 |         0 
 65287 Thread 19 - PartitionProcessorThre...879-85db-3c7e6c4928e6-2-1 |  1108000 |   378000 |   501398149 |  14672491738 |         0 |      0 |   918854646 |      0 |      0 |         0 
 65288 Thread 20 - PartitionProcessorThre...879-85db-3c7e6c4928e6-2-2 |  1090000 |   371000 |   490748114 |  14422311340 |      1024 |      0 |   833838072 |      0 |      0 |         0 
 65289 Thread 21 - PartitionProcessorThre...879-85db-3c7e6c4928e6-2-3 |  1066000 |   399000 |   494853337 |  14463942863 |         0 |      0 |   979010990 |      0 |      0 |         0 
 65290 Thread 22 - PartitionProcessorThre...879-85db-3c7e6c4928e6-2-4 |  1115000 |   416000 |   513566731 |  15106584507 |      6144 |      0 |  1007247767 |      0 |      0 |         0 
 65291 Thread 23 - PartitionProcessorThre...879-85db-3c7e6c4928e6-2-5 |  1124000 |   445000 |   530497606 |  15496146468 |         0 |      0 |  1004371767 |      0 |      0 |         0 
 65292 Thread 24 - PartitionProcessorThre...879-85db-3c7e6c4928e6-2-6 |  1132000 |   387000 |   514760395 |  15003168570 |         0 |      0 |  1092090041 |      0 |      0 |         0 
 65293 Thread 25 - PartitionProcessorThre...879-85db-3c7e6c4928e6-2-7 |  1176000 |   405000 |   533934864 |  15617166574 |         0 |      0 |  1014828824 |      0 |      0 |         0 
 65294 Thread 26 - PartitionProcessorThre...879-85db-3c7e6c4928e6-2-8 |  1114000 |   429000 |   520665977 |  15243510660 |         0 |      0 |   951319278 |      0 |      0 |         0 
 65295 Thread 27 - PartitionProcessorThre...879-85db-3c7e6c4928e6-2-9 |  1120000 |   382000 |   510284188 |  14842226781 |         0 |      0 |  1043626745 |      0 |      0 |         0 
 65296 Thread 28 - PartitionProcessorThre...79-85db-3c7e6c4928e6-2-10 |  1170000 |   409000 |   533596008 |  15594279652 |      1024 |      0 |   977581020 |      0 |      0 |         0 
 65297 Thread 29 - PartitionProcessorThre...79-85db-3c7e6c4928e6-2-11 |  1076000 |   436000 |   510993649 |  14928012789 |         0 |      0 |   871997914 |      0 |      0 |         0 
 65298 Thread 30 - PartitionProcessorThre...79-85db-3c7e6c4928e6-2-12 |  1093000 |   390000 |   501517212 |  14644937254 |         0 |      0 |  1015696608 |      0 |      0 |         0 
 65299 Thread 31 - PartitionProcessorThre...79-85db-3c7e6c4928e6-2-13 |  1014000 |   357000 |   462150747 |  13541375469 |         0 |      0 |   945675646 |      0 |      0 |         0 
 65300 Thread 32 - PartitionProcessorThre...79-85db-3c7e6c4928e6-2-14 |  1054000 |   380000 |   482829962 |  14160878312 |         0 |      0 |   967823015 |      0 |      0 |         0 
 65301 Thread 33 - PartitionProcessorThre...79-85db-3c7e6c4928e6-2-15 |  1123000 |   372000 |   506066051 |  14770015007 |         0 |      0 |   938830646 |      0 |      0 |         0 
 65302 Thread 34 - PartitionProcessorThre...79-85db-3c7e6c4928e6-2-16 |  1080000 |   380000 |   494032829 |  14422058390 |         0 |      0 |   978111807 |      0 |      0 |         0 
 65303 Thread 35 - PartitionProcessorThre...79-85db-3c7e6c4928e6-2-17 |  1093000 |   378000 |   498614512 |  14528000230 |         0 |      0 |   753776583 |  59035 |      0 |         0 
 65304 Thread 36 - PartitionProcessorThre...79-85db-3c7e6c4928e6-2-18 |  1116000 |   393000 |   510199305 |  14903321027 |         0 |      0 |   839988383 |      0 |      0 |         0 
 65305 Thread 37 - PartitionProcessorThre...79-85db-3c7e6c4928e6-2-19 |  1109000 |   416000 |   515293657 |  15060492695 |         0 |      0 |   989369705 |      0 |      0 |         0 
 65310 Thread 38 - PartitionProcessorThre...879-85db-3c7e6c4928e6-1-0 |  1134000 |   379000 |   509536970 |  14962068984 |         0 |      0 |   893897946 |      0 |      0 |         0 
 65311 Thread 39 - PartitionProcessorThre...879-85db-3c7e6c4928e6-1-1 |  1113000 |   407000 |   517828028 |  15032775304 |         0 |      0 |   971263987 |      0 |      0 |         0 
 65312 Thread 40 - PartitionProcessorThre...879-85db-3c7e6c4928e6-1-2 |  1128000 |   383000 |   512623669 |  14943440047 |         0 |      0 |  1007160967 |      0 |      0 |         0 
 65313 Thread 41 - PartitionProcessorThre...879-85db-3c7e6c4928e6-1-3 |  1077000 |   390000 |   496508415 |  14508112621 |         0 |      0 |   839318696 |      0 |      0 |         0 
 65314 Thread 42 - PartitionProcessorThre...879-85db-3c7e6c4928e6-1-4 |  1107000 |   433000 |   523129145 |  15230455343 |         0 |      0 |   854053225 |      0 |      0 |         0 
 65315 Thread 43 - PartitionProcessorThre...879-85db-3c7e6c4928e6-1-5 |  1147000 |   383000 |   518421493 |  15131243562 |      1024 |      0 |   949947220 |      0 |      0 |         0 
 65316 Thread 44 - PartitionProcessorThre...879-85db-3c7e6c4928e6-1-6 |  1131000 |   444000 |   533994126 |  15575836484 |         0 |      0 |  1030051594 |      0 |      0 |         0 
 65317 Thread 45 - PartitionProcessorThre...879-85db-3c7e6c4928e6-1-7 |  1076000 |   378000 |   490623903 |  14379644316 |         0 |      0 |   911232680 |      0 |      0 |         0 
 65318 Thread 46 - PartitionProcessorThre...879-85db-3c7e6c4928e6-1-8 |  1070000 |   400000 |   494801610 |  14537622480 |         0 |      0 |  1067498823 |      0 |      0 |         0 
 65319 Thread 47 - PartitionProcessorThre...879-85db-3c7e6c4928e6-1-9 |  1164000 |   397000 |   527592575 |  15436854039 |         0 |      0 |  1002727690 |      0 |      0 |         0 
 65320 Thread 48 - PartitionProcessorThre...79-85db-3c7e6c4928e6-1-10 |  1144000 |   391000 |   517023602 |  15179875484 |         0 |      0 |   926274172 |      0 |      0 |         0 
 65321 Thread 49 - PartitionProcessorThre...79-85db-3c7e6c4928e6-1-11 |  1116000 |   425000 |   523924766 |  15240188988 |         0 |      0 |  1046112759 |      0 |      0 |         0 
 65322 Thread 50 - PartitionProcessorThre...79-85db-3c7e6c4928e6-1-12 |  1085000 |   408000 |   504268407 |  14765087843 |         0 |      0 |   906148493 |      0 |      0 |         0 
 65323 Thread 51 - PartitionProcessorThre...79-85db-3c7e6c4928e6-1-13 |  1108000 |   393000 |   507700626 |  14844033023 |         0 |      0 |   859603396 |      0 |      0 |         0 
 65324 Thread 52 - PartitionProcessorThre...79-85db-3c7e6c4928e6-1-14 |  1137000 |   366000 |   510235005 |  14864133703 |         0 |      0 |   968958688 |      0 |      0 |         0 
 65325 Thread 53 - PartitionProcessorThre...79-85db-3c7e6c4928e6-1-15 |  1173000 |   432000 |   544247758 |  15872493691 |         0 |      0 |  1096859973 |      0 |      0 |         0 
 65326 Thread 54 - PartitionProcessorThre...79-85db-3c7e6c4928e6-1-16 |  1137000 |   426000 |   529039712 |  15458140554 |         0 |      0 |   866531220 |      0 |      0 |         0 
 65327 Thread 55 - PartitionProcessorThre...79-85db-3c7e6c4928e6-1-17 |  1080000 |   369000 |   488312063 |  14329243086 |         0 |      0 |   883391163 |      0 |      0 |         0 
 65328 Thread 56 - PartitionProcessorThre...79-85db-3c7e6c4928e6-1-18 |  1157000 |   375000 |   515593837 |  15150420992 |         0 |      0 |  1066350132 |      0 |      0 |         0 
 65329 Thread 57 - PartitionProcessorThre...79-85db-3c7e6c4928e6-1-19 |  1130000 |   351000 |   501202946 |  14646440875 |         0 |      0 |  1003068879 |      0 |      0 |         0 
 65330 Thread 58 - PartitionProcessorThre...879-85db-3c7e6c4928e6-0-0 |  1060000 |   406000 |   499271954 |  14498578590 |         0 |      0 |   996101851 |      0 |      0 |         0 
 65331 Thread 59 - PartitionProcessorThre...879-85db-3c7e6c4928e6-0-1 |  1082000 |   371000 |   494733493 |  14370600957 |         0 |      0 |   899224033 |      0 |      0 |         0 
 65332 Thread 60 - PartitionProcessorThre...879-85db-3c7e6c4928e6-0-2 |  1112000 |   377000 |   507425747 |  14725869379 |         0 |      0 |   817776977 |      0 |      0 |         0 
 65333 Thread 61 - PartitionProcessorThre...879-85db-3c7e6c4928e6-0-3 |  1115000 |   389000 |   513912173 |  14874741949 |         0 |      0 |   929142751 |      0 |      0 |         0 
 65334 Thread 62 - PartitionProcessorThre...879-85db-3c7e6c4928e6-0-4 |  1133000 |   424000 |   531774446 |  15398881089 |         0 |      0 |   830081138 |      0 |      0 |         0 
 65335 Thread 63 - PartitionProcessorThre...879-85db-3c7e6c4928e6-0-5 |  1135000 |   411000 |   529106934 |  15290911671 |         0 |      0 |   836739756 |      0 |      0 |         0 
 65336 Thread 64 - PartitionProcessorThre...879-85db-3c7e6c4928e6-0-6 |  1120000 |   414000 |   523355844 |  15171046136 |         0 |      0 |   749064855 |      0 |      0 |         0 
 65337 Thread 65 - PartitionProcessorThre...879-85db-3c7e6c4928e6-0-7 |  1098000 |   370000 |   501437317 |  14517987738 |         0 |      0 |   883448380 |      0 |      0 |         0 
 65338 Thread 66 - PartitionProcessorThre...879-85db-3c7e6c4928e6-0-8 |  1144000 |   436000 |   539691633 |  15625709620 |         0 |      0 |  1077689835 |      0 |      0 |         0 
 65339 Thread 67 - PartitionProcessorThre...879-85db-3c7e6c4928e6-0-9 |  1126000 |   421000 |   529145032 |  15299705097 |         0 |      0 |  1025749709 |      0 |      0 |         0 
 65340 Thread 68 - PartitionProcessorThre...79-85db-3c7e6c4928e6-0-10 |  1105000 |   454000 |   532682368 |  15418695328 |         0 |      0 |   858591554 |      0 |      0 |         0 
 65341 Thread 69 - PartitionProcessorThre...79-85db-3c7e6c4928e6-0-11 |  1142000 |   400000 |   527184563 |  15250857207 |         0 |      0 |   806481838 |      0 |      0 |         0 
 65342 Thread 70 - PartitionProcessorThre...79-85db-3c7e6c4928e6-0-12 |  1129000 |   412000 |   528312215 |  15241689945 |         0 |      0 |   926746270 |      0 |      0 |         0 
 65343 Thread 71 - PartitionProcessorThre...79-85db-3c7e6c4928e6-0-13 |  1097000 |   373000 |   501336286 |  14538699492 |         0 |      0 |   857595791 |      0 |      0 |         0 
 65344 Thread 72 - PartitionProcessorThre...79-85db-3c7e6c4928e6-0-14 |  1165000 |   450000 |   550862524 |  15972448468 |         0 |      0 |   882136687 |      0 |      0 |         0 
 65345 Thread 73 - PartitionProcessorThre...79-85db-3c7e6c4928e6-0-15 |  1168000 |   449000 |   552377989 |  15992094214 |         0 |      0 |  1060180623 |      0 |      0 |         0 
 65346 Thread 74 - PartitionProcessorThre...79-85db-3c7e6c4928e6-0-16 |  1135000 |   397000 |   523882649 |  15151556199 |         0 |      0 |   998473687 |      0 |      0 |         0 
 65347 Thread 75 - PartitionProcessorThre...79-85db-3c7e6c4928e6-0-17 |  1083000 |   375000 |   497119251 |  14419219949 |         0 |      0 |  1086048547 |      0 |      0 |         0 
 65348 Thread 76 - PartitionProcessorThre...79-85db-3c7e6c4928e6-0-18 |  1112000 |   417000 |   521388524 |  15121523019 |         0 |      0 |  1008339752 |      0 |      0 |         0 
 65349 Thread 77 - PartitionProcessorThre...79-85db-3c7e6c4928e6-0-19 |  1096000 |   373000 |   502697798 |  14528439633 |         0 |      0 |   957425344 |      0 |      0 |         0 
 65780 Thread 78 - process reaper                                     |     1000 |        0 |      402039 |      9917882 |      1024 |      0 |      159046 |      0 |      0 |         0 
 65782 Thread 79 - Attach Listener                                    |   113000 |   100000 |    75157042 |   2111199304 |   4657152 | 209920 |     2098413 |      0 |      0 |         0 
