                                 Task                                 |  utime   |  stime   |     rss     |     vmem     |   read    | write  |    d:cpu    | d:bio  | d:swap | d:reclaim 
 62449 Thread 1 - main                                                |  1006000 |   128000 |    75142599 |   7976115918 |  14848000 |   1024 |     3472626 |      0 |      0 |         0 
 62456 Thread 2 - Reference Handler                                   |        0 |        0 |           0 |            0 |         0 |      0 |      478249 |      0 |      0 |         0 
 62457 Thread 3 - Finalizer                                           |        0 |     1000 |       16882 |      6212687 |      5120 |      0 |        9203 |      0 |      0 |         0 
 62458 Thread 4 - Signal Dispatcher                                   |     1000 |        0 |      326066 |      9886957 |         0 |      0 |       17971 |      0 |      0 |         0 
 62464 Thread 11 - Common-Cleaner                                     |        0 |        0 |           0 |            0 |         0 |      0 |      839661 |      0 |      0 |         0 
 62469 Thread 13 - RMI Scheduler(0)                                   |     2000 |        0 |      673562 |     19803703 |      1024 |      0 |      131654 |      0 |      0 |         0 
 62475 Thread 14 - RMI RenewClean-[10.231.182.152:32853]              |     1000 |     1000 |      169121 |     14808011 |         0 |      0 |       33054 |      0 |      0 |         0 
 62476 Thread 15 - RMI GC Daemon                                      |        0 |     1000 |       83558 |      7437511 |         0 |      0 |       12215 |      0 |      0 |         0 
 62480 Thread 16 - DecatonSubscriptionThread-decaton-benchmark        | 22890000 | 31740000 | 17441624073 | 538820363691 | 574536704 | 106496 | 11517533913 |  90263 |      0 |         0 
 62482 Thread 17 - kafka-coordinator-hear...hread | decaton-benchmark |   224000 |    39000 |    81350159 |   2565663854 |   4591616 |   5120 |    11054308 | 461413 |      0 |         0 
 62487 Thread 18 - PartitionProcessorThre...dd4-b572-2a039555ebba-2-0 |   981000 |   334000 |   419059368 |  12981824640 |     33792 |      0 |   898254677 |      0 |      0 |         0 
 62488 Thread 19 - PartitionProcessorThre...dd4-b572-2a039555ebba-2-1 |   961000 |   337000 |   415632497 |  12826840640 |         0 |      0 |   934525691 |      0 |      0 |         0 
 62489 Thread 20 - PartitionProcessorThre...dd4-b572-2a039555ebba-2-2 |   957000 |   358000 |   419103102 |  12987723586 |         0 |      0 |   957897963 |      0 |      0 |         0 
 62490 Thread 21 - PartitionProcessorThre...dd4-b572-2a039555ebba-2-3 |   945000 |   356000 |   415733880 |  12855348871 |         0 |      0 |   948490535 |      0 |      0 |         0 
 62491 Thread 22 - PartitionProcessorThre...dd4-b572-2a039555ebba-2-4 |   919000 |   379000 |   413175923 |  12824701555 |      6144 |      0 |   803764736 |      0 |      0 |         0 
 62492 Thread 23 - PartitionProcessorThre...dd4-b572-2a039555ebba-2-5 |   988000 |   399000 |   442748973 |  13696718289 |      2048 |      0 |   940803808 |      0 |      0 |         0 
 62493 Thread 24 - PartitionProcessorThre...dd4-b572-2a039555ebba-2-6 |  1003000 |   335000 |   427764696 |  13219480840 |         0 |      0 |   837854003 |      0 |      0 |         0 
 62494 Thread 25 - PartitionProcessorThre...dd4-b572-2a039555ebba-2-7 |  1014000 |   373000 |   442641020 |  13705741328 |         0 |      0 |   956605451 |      0 |      0 |         0 
 62495 Thread 26 - PartitionProcessorThre...dd4-b572-2a039555ebba-2-8 |  1007000 |   338000 |   430520407 |  13291428265 |         0 |      0 |  1028479505 |      0 |      0 |         0 
 62496 Thread 27 - PartitionProcessorThre...dd4-b572-2a039555ebba-2-9 |   918000 |   360000 |   407244013 |  12622281832 |         0 |      0 |   979859134 |      0 |      0 |         0 
 62497 Thread 28 - PartitionProcessorThre...d4-b572-2a039555ebba-2-10 |   958000 |   346000 |   415995106 |  12887073004 |         0 |      0 |   985064390 |      0 |      0 |         0 
 62498 Thread 29 - PartitionProcessorThre...d4-b572-2a039555ebba-2-11 |  1003000 |   388000 |   442670719 |  13742130429 |         0 |      0 |  1003081921 |      0 |      0 |         0 
 62499 Thread 30 - PartitionProcessorThre...d4-b572-2a039555ebba-2-12 |   951000 |   337000 |   410650087 |  12727998297 |      8192 |      0 |   893012338 |      0 |      0 |         0 
 62500 Thread 31 - PartitionProcessorThre...d4-b572-2a039555ebba-2-13 |   989000 |   375000 |   432690278 |  13476003539 |         0 |      0 |   934270825 |      0 |      0 |         0 
 62501 Thread 32 - PartitionProcessorThre...d4-b572-2a039555ebba-2-14 |  1009000 |   424000 |   457091938 |  14157330882 |         0 |      0 |  1128047179 |      0 |      0 |         0 
 62502 Thread 33 - PartitionProcessorThre...d4-b572-2a039555ebba-2-15 |  1002000 |   397000 |   445336087 |  13822420789 |         0 |      0 |   949580053 |      0 |      0 |         0 
 62503 Thread 34 - PartitionProcessorThre...d4-b572-2a039555ebba-2-16 |   936000 |   368000 |   414904188 |  12883767058 |         0 |      0 |   836302362 |      0 |      0 |         0 
 62504 Thread 35 - PartitionProcessorThre...d4-b572-2a039555ebba-2-17 |   946000 |   381000 |   422648231 |  13104303371 |         0 |      0 |   899781033 |      0 |      0 |         0 
 62505 Thread 36 - PartitionProcessorThre...d4-b572-2a039555ebba-2-18 |   977000 |   360000 |   425439895 |  13206414715 |         0 |      0 |   944832570 |      0 |      0 |         0 
 62506 Thread 37 - PartitionProcessorThre...d4-b572-2a039555ebba-2-19 |   971000 |   354000 |   423297524 |  13090572031 |         0 |      0 |  1070177078 |      0 |      0 |         0 
 62507 Thread 38 - PartitionProcessorThre...dd4-b572-2a039555ebba-1-0 |  1016000 |   357000 |   431568880 |  13573316160 |         0 |      0 |   975313040 |      0 |      0 |         0 
 62508 Thread 39 - PartitionProcessorThre...dd4-b572-2a039555ebba-1-1 |   977000 |   316000 |   409531915 |  12783429531 |         0 |      0 |   975737093 |      0 |      0 |         0 
 62509 Thread 40 - PartitionProcessorThre...dd4-b572-2a039555ebba-1-2 |   985000 |   338000 |   419581938 |  13080220301 |         0 |      0 |   869930452 |      0 |      0 |         0 
 62510 Thread 41 - PartitionProcessorThre...dd4-b572-2a039555ebba-1-3 |  1024000 |   328000 |   425298259 |  13365723679 |         0 |      0 |   880730647 |      0 |      0 |         0 
 62511 Thread 42 - PartitionProcessorThre...dd4-b572-2a039555ebba-1-4 |  1000000 |   359000 |   432106270 |  13435755590 |         0 |      0 |   814223573 |      0 |      0 |         0 
 62512 Thread 43 - PartitionProcessorThre...dd4-b572-2a039555ebba-1-5 |  1037000 |   395000 |   455920383 |  14158218300 |         0 |      0 |   908158242 |      0 |      0 |         0 
 62513 Thread 44 - PartitionProcessorThre...dd4-b572-2a039555ebba-1-6 |  1032000 |   379000 |   447202907 |  13950138925 |         0 |      0 |   914073545 |      0 |      0 |         0 
 62514 Thread 45 - PartitionProcessorThre...dd4-b572-2a039555ebba-1-7 |   990000 |   381000 |   437606634 |  13555068058 |         0 |      0 |   982286038 |      0 |      0 |         0 
 62517 Thread 46 - PartitionProcessorThre...dd4-b572-2a039555ebba-1-8 |  1040000 |   408000 |   459936184 |  14315948058 |         0 |      0 |   912791175 |      0 |      0 |         0 
 62518 Thread 47 - PartitionProcessorThre...dd4-b572-2a039555ebba-1-9 |   868000 |   375000 |   392493169 |  12289105781 |         0 |      0 |  1027283716 |      0 |      0 |         0 
 62519 Thread 48 - PartitionProcessorThre...d4-b572-2a039555ebba-1-10 |   943000 |   350000 |   407305020 |  12783093726 |         0 |      0 |  1084042051 |      0 |      0 |         0 
 62520 Thread 49 - PartitionProcessorThre...d4-b572-2a039555ebba-1-11 |   944000 |   408000 |   427251106 |  13366788371 |         0 |      0 |   975214321 |      0 |      0 |         0 
 62521 Thread 50 - PartitionProcessorThre...d4-b572-2a039555ebba-1-12 |   997000 |   345000 |   428252188 |  13268246418 |         0 |      0 |  1010809562 |      0 |      0 |         0 
 62522 Thread 51 - PartitionProcessorThre...d4-b572-2a039555ebba-1-13 |   959000 |   394000 |   430717930 |  13376881898 |         0 |      0 |   929869454 |      0 |      0 |         0 
 62523 Thread 52 - PartitionProcessorThre...d4-b572-2a039555ebba-1-14 |   971000 |   359000 |   419525286 |  13149294988 |      1024 |      0 |   929270819 |      0 |      0 |         0 
 62524 Thread 53 - PartitionProcessorThre...d4-b572-2a039555ebba-1-15 |   990000 |   356000 |   428354395 |  13307599093 |         0 |      0 |   970877980 |      0 |      0 |         0 
 62525 Thread 54 - PartitionProcessorThre...d4-b572-2a039555ebba-1-16 |   996000 |   381000 |   437546141 |  13614160402 |         0 |      0 |  1010890373 |      0 |      0 |         0 
 62526 Thread 55 - PartitionProcessorThre...d4-b572-2a039555ebba-1-17 |  1016000 |   378000 |   441105692 |  13782152929 |         0 |      0 |   913185946 |      0 |      0 |         0 
 62527 Thread 56 - PartitionProcessorThre...d4-b572-2a039555ebba-1-18 |   977000 |   387000 |   431821446 |  13485451234 |         0 |      0 |   936802513 |      0 |      0 |         0 
 62528 Thread 57 - PartitionProcessorThre...d4-b572-2a039555ebba-1-19 |   976000 |   339000 |   416682266 |  13001126590 |         0 |      0 |   902377863 |      0 |      0 |         0 
 62531 Thread 58 - PartitionProcessorThre...dd4-b572-2a039555ebba-0-0 |   986000 |   358000 |   428368200 |  13288589593 |         0 |      0 |  1005250374 |      0 |      0 |         0 
 62532 Thread 59 - PartitionProcessorThre...dd4-b572-2a039555ebba-0-1 |   973000 |   326000 |   415633173 |  12844066633 |         0 |      0 |   885330150 |      0 |      0 |         0 
 62533 Thread 60 - PartitionProcessorThre...dd4-b572-2a039555ebba-0-2 |   905000 |   374000 |   409429821 |  12645920976 |         0 |      0 |   771924992 |      0 |      0 |         0 
 62534 Thread 61 - PartitionProcessorThre...dd4-b572-2a039555ebba-0-3 |   970000 |   367000 |   428279966 |  13219503765 |         0 |      0 |   874877901 |      0 |      0 |         0 
 62535 Thread 62 - PartitionProcessorThre...dd4-b572-2a039555ebba-0-4 |   977000 |   373000 |   431909602 |  13347970425 |      8192 |      0 |  1063051879 |      0 |      0 |         0 
 62536 Thread 63 - PartitionProcessorThre...dd4-b572-2a039555ebba-0-5 |   954000 |   358000 |   420376036 |  12972322457 |         0 |      0 |   851730789 |      0 |      0 |         0 
 62537 Thread 64 - PartitionProcessorThre...dd4-b572-2a039555ebba-0-6 |   940000 |   338000 |   409172942 |  12635939836 |         0 |      0 |   907267856 |      0 |      0 |         0 
 62538 Thread 65 - PartitionProcessorThre...dd4-b572-2a039555ebba-0-7 |   920000 |   381000 |   414341587 |  12863261484 |      1024 |      0 |   958254641 |      0 |      0 |         0 
 62539 Thread 66 - PartitionProcessorThre...dd4-b572-2a039555ebba-0-8 |   879000 |   350000 |   393853063 |  12151270906 |         0 |      0 |   887045524 |      0 |      0 |         0 
 62540 Thread 67 - PartitionProcessorThre...dd4-b572-2a039555ebba-0-9 |   949000 |   338000 |   410899602 |  12724853695 |         0 |      0 |   928735356 |      0 |      0 |         0 
 62541 Thread 68 - PartitionProcessorThre...d4-b572-2a039555ebba-0-10 |   980000 |   404000 |   442126540 |  13683943980 |         0 |      0 |   877622894 |      0 |      0 |         0 
 62542 Thread 69 - PartitionProcessorThre...d4-b572-2a039555ebba-0-11 |  1012000 |   384000 |   445709290 |  13802732851 |         0 |      0 |   876809188 |      0 |      0 |         0 
 62543 Thread 70 - PartitionProcessorThre...d4-b572-2a039555ebba-0-12 |  1029000 |   407000 |   459762868 |  14198232585 |         0 |      0 |   900101962 |      0 |      0 |         0 
 62544 Thread 71 - PartitionProcessorThre...d4-b572-2a039555ebba-0-13 |   951000 |   392000 |   429292962 |  13278680148 |         0 |      0 |   926776905 |      0 |      0 |         0 
 62545 Thread 72 - PartitionProcessorThre...d4-b572-2a039555ebba-0-14 |   969000 |   344000 |   419708227 |  12982214101 |         0 |      0 |   846115561 |      0 |      0 |         0 
 62546 Thread 73 - PartitionProcessorThre...d4-b572-2a039555ebba-0-15 |   902000 |   399000 |   417898360 |  12863695578 |         0 |      0 |   922973842 |      0 |      0 |         0 
 62547 Thread 74 - PartitionProcessorThre...d4-b572-2a039555ebba-0-16 |   972000 |   346000 |   422699849 |  13031749121 |         0 |      0 |   923537332 |      0 |      0 |         0 
 62548 Thread 75 - PartitionProcessorThre...d4-b572-2a039555ebba-0-17 |   946000 |   380000 |   424818384 |  13110712621 |         0 |      0 |   838466868 |      0 |      0 |         0 
 62549 Thread 76 - PartitionProcessorThre...d4-b572-2a039555ebba-0-18 |   949000 |   369000 |   423529122 |  13031472051 |         0 |      0 |  1018503700 |      0 |      0 |         0 
 62550 Thread 77 - PartitionProcessorThre...d4-b572-2a039555ebba-0-19 |   963000 |   356000 |   421728091 |  13041265426 |         0 |      0 |   887592030 |      0 |      0 |         0 
 63012 Thread 78 - process reaper                                     |     1000 |        0 |      339519 |      9916878 |      1024 |      0 |       44812 |      0 |      0 |         0 
 63014 Thread 79 - Attach Listener                                    |   113000 |    94000 |    69050304 |   2051533858 |   4657152 | 124928 |      710599 |      0 |      0 |         0 
