                                 Task                                 |  utime   |  stime   |     rss     |     vmem     |   read    | write  |    d:cpu    | d:bio  | d:swap | d:reclaim 
 69082 Thread 1 - main                                                |   722000 |   146000 |    51633432 |   6603912917 |  22117376 |   1024 |    13557957 |      0 |      0 |         0 
 69104 Thread 2 - Reference Handler                                   |     6000 |        0 |      762394 |     49401042 |         0 |      0 |       87045 |      0 |      0 |         0 
 69105 Thread 3 - Finalizer                                           |     6000 |        0 |      600753 |     49296792 |      5120 |      0 |     1609868 |      0 |      0 |         0 
 69106 Thread 4 - Surrogate Locker Thread (Concurrent GC)             |        0 |        0 |           0 |            0 |         0 |      0 |       27215 |      0 |      0 |         0 
 69107 Thread 5 - Signal Dispatcher                                   |        0 |        0 |           0 |            0 |         0 |      0 |        8907 |      0 |      0 |         0 
 69118 Thread 12 - RMI Scheduler(0)                                   |        0 |     2000 |      360957 |     17518761 |      4096 |      0 |       11875 |      0 |      0 |         0 
 69119 Thread 13 - RMI RenewClean-[10.231.182.152:37972]              |     1000 |        0 |       81937 |      7893246 |      1024 |      0 |           0 |      0 |      0 |         0 
 69120 Thread 14 - GC Daemon                                          |        0 |        0 |           0 |            0 |         0 |      0 |           0 |      0 |      0 |         0 
 69122 Thread 15 - DecatonSubscriptionThread-decaton-benchmark        | 30681000 | 30588000 | 17525296207 | 596673923880 | 585731072 | 137216 | 18706251393 | 264319 |      0 |         0 
 69123 Thread 16 - kafka-coordinator-hear...hread | decaton-benchmark |   221000 |    46000 |    75907522 |   2598288308 |   5801984 |   5120 |    42688017 | 230235 |      0 |         0 
 69127 Thread 17 - PartitionProcessorThre...a5a-b83e-97021bc686b9-1-0 |  1339000 |   449000 |   505754754 |  17409549329 |     94208 |      0 |  1937085852 |      0 |      0 |         0 
 69128 Thread 18 - PartitionProcessorThre...a5a-b83e-97021bc686b9-1-1 |  1307000 |   397000 |   485535066 |  16617307450 |     64512 |      0 |  1723470719 |      0 |      0 |         0 
 69129 Thread 19 - PartitionProcessorThre...a5a-b83e-97021bc686b9-1-2 |  1360000 |   429000 |   510216023 |  17454740766 |         0 |      0 |  1813382175 |      0 |      0 |         0 
 69130 Thread 20 - PartitionProcessorThre...a5a-b83e-97021bc686b9-1-3 |  1427000 |   444000 |   532546292 |  18254698692 |  10831872 |      0 |  1982684996 |      0 |      0 |         0 
 69131 Thread 21 - PartitionProcessorThre...a5a-b83e-97021bc686b9-1-4 |  1364000 |   410000 |   507969570 |  17307652012 |         0 |      0 |  1689392445 |      0 |      0 |         0 
 69132 Thread 22 - PartitionProcessorThre...a5a-b83e-97021bc686b9-1-5 |  1296000 |   400000 |   485885879 |  16548484102 |         0 |      0 |  1678750732 |      0 |      0 |         0 
 69133 Thread 23 - PartitionProcessorThre...a5a-b83e-97021bc686b9-1-6 |  1360000 |   406000 |   506084320 |  17232129145 |         0 |      0 |  1674893172 |      0 |      0 |         0 
 69134 Thread 24 - PartitionProcessorThre...a5a-b83e-97021bc686b9-1-7 |  1298000 |   443000 |   499632617 |  16988733427 |         0 |      0 |  1661684096 |      0 |      0 |         0 
 69135 Thread 25 - PartitionProcessorThre...a5a-b83e-97021bc686b9-1-8 |  1442000 |   445000 |   539014902 |  18412988528 |      3072 |      0 |  1519847829 |      0 |      0 |         0 
 69136 Thread 26 - PartitionProcessorThre...a5a-b83e-97021bc686b9-1-9 |  1310000 |   452000 |   505564140 |  17192662098 |         0 |      0 |  1995852851 |      0 |      0 |         0 
 69137 Thread 27 - PartitionProcessorThre...5a-b83e-97021bc686b9-1-10 |  1304000 |   433000 |   497518691 |  16949249489 |         0 |      0 |  1847581231 |      0 |      0 |         0 
 69138 Thread 28 - PartitionProcessorThre...5a-b83e-97021bc686b9-1-11 |  1368000 |   416000 |   508547828 |  17405260091 |         0 |      0 |  1623049611 |      0 |      0 |         0 
 69139 Thread 29 - PartitionProcessorThre...5a-b83e-97021bc686b9-1-12 |  1357000 |   435000 |   511553617 |  17486175356 |      1024 |      0 |  1723571766 |      0 |      0 |         0 
 69140 Thread 30 - PartitionProcessorThre...5a-b83e-97021bc686b9-1-13 |  1243000 |   447000 |   483712492 |  16491259891 |         0 |      0 |  1603313732 |      0 |      0 |         0 
 69141 Thread 31 - PartitionProcessorThre...5a-b83e-97021bc686b9-1-14 |  1368000 |   401000 |   505731183 |  17261208137 |         0 |      0 |  1655801949 |      0 |      0 |         0 
 69142 Thread 32 - PartitionProcessorThre...5a-b83e-97021bc686b9-1-15 |  1348000 |   427000 |   508854476 |  17318894915 |         0 |      0 |  1822542347 |      0 |      0 |         0 
 69143 Thread 33 - PartitionProcessorThre...5a-b83e-97021bc686b9-1-16 |  1398000 |   437000 |   522754992 |  17905265153 |         0 |      0 |  1858512376 |      0 |      0 |         0 
 69144 Thread 34 - PartitionProcessorThre...5a-b83e-97021bc686b9-1-17 |  1382000 |   392000 |   507165762 |  17307811512 |         0 |      0 |  1845142566 |      0 |      0 |         0 
 69145 Thread 35 - PartitionProcessorThre...5a-b83e-97021bc686b9-1-18 |  1354000 |   444000 |   512244707 |  17544049575 |         0 |      0 |  1838519480 |      0 |      0 |         0 
 69146 Thread 36 - PartitionProcessorThre...5a-b83e-97021bc686b9-1-19 |  1283000 |   381000 |   475265836 |  16237297759 |         0 |      0 |  1885621961 |      0 |      0 |         0 
 69147 Thread 37 - PartitionProcessorThre...a5a-b83e-97021bc686b9-2-0 |  1354000 |   400000 |   504526277 |  17115546173 |         0 |      0 |  1701583390 |      0 |      0 |         0 
 69148 Thread 38 - PartitionProcessorThre...a5a-b83e-97021bc686b9-2-1 |  1388000 |   388000 |   511295164 |  17330890044 |         0 |      0 |  1893001517 |      0 |      0 |         0 
 69149 Thread 39 - PartitionProcessorThre...a5a-b83e-97021bc686b9-2-2 |  1327000 |   440000 |   508144199 |  17243013555 |         0 |      0 |  1877504213 |      0 |      0 |         0 
 69150 Thread 40 - PartitionProcessorThre...a5a-b83e-97021bc686b9-2-3 |  1385000 |   416000 |   516186308 |  17574752442 |         0 |      0 |  1767229181 |      0 |      0 |         0 
 69151 Thread 41 - PartitionProcessorThre...a5a-b83e-97021bc686b9-2-4 |  1373000 |   424000 |   518683925 |  17536063458 |         0 |      0 |  1875685411 |      0 |      0 |         0 
 69152 Thread 42 - PartitionProcessorThre...a5a-b83e-97021bc686b9-2-5 |  1312000 |   392000 |   490020895 |  16628164126 |         0 |      0 |  1896099765 |      0 |      0 |         0 
 69153 Thread 43 - PartitionProcessorThre...a5a-b83e-97021bc686b9-2-6 |  1249000 |   432000 |   484724855 |  16403731872 |         0 |      0 |  1752539396 |      0 |      0 |         0 
 69154 Thread 44 - PartitionProcessorThre...a5a-b83e-97021bc686b9-2-7 |  1327000 |   377000 |   489826035 |  16628186677 |         0 |      0 |  1779706776 |      0 |      0 |         0 
 69155 Thread 45 - PartitionProcessorThre...a5a-b83e-97021bc686b9-2-8 |  1436000 |   414000 |   531725289 |  18052652223 |         0 |      0 |  1876516171 |      0 |      0 |         0 
 69156 Thread 46 - PartitionProcessorThre...a5a-b83e-97021bc686b9-2-9 |  1309000 |   388000 |   489082894 |  16559782962 |         0 |      0 |  1611854899 |      0 |      0 |         0 
 69157 Thread 47 - PartitionProcessorThre...5a-b83e-97021bc686b9-2-10 |  1326000 |   371000 |   489083086 |  16559951055 |         0 |      0 |  1799842671 |      0 |      0 |         0 
 69158 Thread 48 - PartitionProcessorThre...5a-b83e-97021bc686b9-2-11 |  1283000 |   431000 |   493785672 |  16725712321 |         0 |      0 |  1747497422 |      0 |      0 |         0 
 69159 Thread 49 - PartitionProcessorThre...5a-b83e-97021bc686b9-2-12 |  1372000 |   461000 |   528027437 |  17886935782 |         0 |      0 |  1838787703 |      0 |      0 |         0 
 69160 Thread 50 - PartitionProcessorThre...5a-b83e-97021bc686b9-2-13 |  1306000 |   412000 |   494421379 |  16764764434 |         0 |      0 |  1819238042 |      0 |      0 |         0 
 69161 Thread 51 - PartitionProcessorThre...5a-b83e-97021bc686b9-2-14 |  1333000 |   443000 |   510877578 |  17330738942 |         0 |      0 |  1824268302 |      0 |      0 |         0 
 69162 Thread 52 - PartitionProcessorThre...5a-b83e-97021bc686b9-2-15 |  1296000 |   376000 |   482700816 |  16316057231 |         0 |      0 |  1617851875 |      0 |      0 |         0 
 69163 Thread 53 - PartitionProcessorThre...5a-b83e-97021bc686b9-2-16 |  1359000 |   409000 |   509646179 |  17253082645 |         0 |      0 |  1702786098 |      0 |      0 |         0 
 69164 Thread 54 - PartitionProcessorThre...5a-b83e-97021bc686b9-2-17 |  1333000 |   441000 |   510961765 |  17311148489 |         0 |      0 |  1773991174 |      0 |      0 |         0 
 69165 Thread 55 - PartitionProcessorThre...5a-b83e-97021bc686b9-2-18 |  1311000 |   431000 |   501186113 |  16998835106 |         0 |      0 |  1713813595 |      0 |      0 |         0 
 69166 Thread 56 - PartitionProcessorThre...5a-b83e-97021bc686b9-2-19 |  1265000 |   430000 |   488056441 |  16540388829 |         0 |      0 |  1752254800 |      0 |      0 |         0 
 69167 Thread 57 - PartitionProcessorThre...a5a-b83e-97021bc686b9-0-0 |  1278000 |   413000 |   488624426 |  16502170036 |         0 |      0 |  1704115306 |      0 |      0 |         0 
 69168 Thread 58 - PartitionProcessorThre...a5a-b83e-97021bc686b9-0-1 |  1429000 |   433000 |   535709941 |  18170024922 |         0 |      0 |  1818457778 |      0 |      0 |         0 
 69169 Thread 59 - PartitionProcessorThre...a5a-b83e-97021bc686b9-0-2 |  1341000 |   418000 |   508642082 |  17165526579 |         0 |      0 |  1663402880 |      0 |      0 |         0 
 69170 Thread 60 - PartitionProcessorThre...a5a-b83e-97021bc686b9-0-3 |  1350000 |   430000 |   514106578 |  17370514059 |         0 |      0 |  1822565945 |      0 |      0 |         0 
 69171 Thread 61 - PartitionProcessorThre...a5a-b83e-97021bc686b9-0-4 |  1309000 |   486000 |   518526902 |  17516377536 |         0 |      0 |  1488775487 |      0 |      0 |         0 
 69172 Thread 62 - PartitionProcessorThre...a5a-b83e-97021bc686b9-0-5 |  1364000 |   415000 |   512173344 |  17360056844 |         0 |      0 |  1770389752 |      0 |      0 |         0 
 69173 Thread 63 - PartitionProcessorThre...a5a-b83e-97021bc686b9-0-6 |  1272000 |   425000 |   490378641 |  16560190614 |         0 |      0 |  1682886288 |      0 |      0 |         0 
 69174 Thread 64 - PartitionProcessorThre...a5a-b83e-97021bc686b9-0-7 |  1382000 |   431000 |   522378187 |  17691817661 |         0 |      0 |  1666872718 |      0 |      0 |         0 
 69175 Thread 65 - PartitionProcessorThre...a5a-b83e-97021bc686b9-0-8 |  1357000 |   413000 |   510746847 |  17272683114 |         0 |      0 |  1569650954 |      0 |      0 |         0 
 69176 Thread 66 - PartitionProcessorThre...a5a-b83e-97021bc686b9-0-9 |  1347000 |   441000 |   515595715 |  17447762762 |         0 |      0 |  1783640410 |      0 |      0 |         0 
 69177 Thread 67 - PartitionProcessorThre...5a-b83e-97021bc686b9-0-10 |  1318000 |   406000 |   496737512 |  16823406106 |         0 |      0 |  1761503892 |      0 |      0 |         0 
 69178 Thread 68 - PartitionProcessorThre...5a-b83e-97021bc686b9-0-11 |  1258000 |   416000 |   481437301 |  16336091731 |         0 |      0 |  1388512532 |      0 |      0 |         0 
 69179 Thread 69 - PartitionProcessorThre...5a-b83e-97021bc686b9-0-12 |  1363000 |   470000 |   528956519 |  17887162645 |         0 |      0 |  1790544610 |      0 |      0 |         0 
 69180 Thread 70 - PartitionProcessorThre...5a-b83e-97021bc686b9-0-13 |  1391000 |   442000 |   529161504 |  17887288270 |         0 |      0 |  1792915358 |      0 |      0 |         0 
 69181 Thread 71 - PartitionProcessorThre...5a-b83e-97021bc686b9-0-14 |  1375000 |   475000 |   532897972 |  18053072536 |         0 |      0 |  1956171589 |      0 |      0 |         0 
 69182 Thread 72 - PartitionProcessorThre...5a-b83e-97021bc686b9-0-15 |  1331000 |   468000 |   518611441 |  17554779395 |         0 |      0 |  1838082977 |      0 |      0 |         0 
 69183 Thread 73 - PartitionProcessorThre...5a-b83e-97021bc686b9-0-16 |  1362000 |   421000 |   514787426 |  17399162411 |      1024 |      0 |  1682756299 |      0 |      0 |         0 
 69184 Thread 74 - PartitionProcessorThre...5a-b83e-97021bc686b9-0-17 |  1344000 |   411000 |   506868152 |  17126419923 |         0 |      0 |  1717742163 |      0 |      0 |         0 
 69185 Thread 75 - PartitionProcessorThre...5a-b83e-97021bc686b9-0-18 |  1335000 |   398000 |   499390613 |  16911598348 |         0 |      0 |  1738208842 |      0 |      0 |         0 
 69186 Thread 76 - PartitionProcessorThre...5a-b83e-97021bc686b9-0-19 |  1266000 |   426000 |   488061227 |  16511134145 |         0 |      0 |  1639453148 |      0 |      0 |         0 
 69461 Thread 77 - process reaper                                     |     2000 |        0 |      592929 |     19546480 |         0 |      0 |      141270 |      0 |      0 |         0 
 69467 Thread 78 - Attach Listener                                    |   403000 |   105000 |   150200533 |   4965745437 |   5304320 | 137216 |     1829135 |      0 |      0 |         0 
