                                 Task                                  |  utime   |  stime   |     rss     |     vmem     |   read    | write  |    d:cpu    | d:bio  | d:swap | d:reclaim 
 125764 Thread 1 - main                                                |   684000 |   121000 |    49218006 |   6139340159 |  22117376 |   1024 |     7524355 |      0 |      0 |         0 
 125786 Thread 2 - Reference Handler                                   |     7000 |        0 |      857773 |     58189398 |         0 |      0 |      124284 |      0 |      0 |         0 
 125787 Thread 3 - Finalizer                                           |     3000 |        0 |      341464 |     25544015 |      5120 |      0 |     3105681 |      0 |      0 |         0 
 125788 Thread 4 - Surrogate Locker Thread (Concurrent GC)             |        0 |        0 |           0 |            0 |         0 |      0 |        4609 |      0 |      0 |         0 
 125789 Thread 5 - Signal Dispatcher                                   |     1000 |        0 |       26718 |      7292289 |         0 |      0 |           0 |      0 |      0 |         0 
 125798 Thread 12 - RMI Scheduler(0)                                   |     2000 |        0 |      362820 |     17518761 |      4096 |      0 |       26623 |      0 |      0 |         0 
 125799 Thread 13 - RMI RenewClean-[10.231.182.152:37493]              |     1000 |        0 |       82042 |      7893246 |      1024 |      0 |           0 |      0 |      0 |         0 
 125800 Thread 14 - GC Daemon                                          |        0 |        0 |           0 |            0 |         0 |      0 |           0 |      0 |      0 |         0 
 125802 Thread 15 - DecatonSubscriptionThread-decaton-benchmark        | 28636000 | 30477000 | 16695084899 | 575672754356 | 584041472 | 139264 | 17723812577 | 137614 |      0 |         0 
 125803 Thread 16 - kafka-coordinator-hear...hread | decaton-benchmark |   232000 |    55000 |    81496046 |   2798935417 |   7493632 |   5120 |    40906872 | 316933 |      0 |         0 
 125809 Thread 17 - PartitionProcessorThre...3a3-a588-20cf28145729-1-0 |  1366000 |   412000 |   503500895 |  17338699692 |     33792 |      0 |  1928178805 |      0 |      0 |         0 
 125810 Thread 18 - PartitionProcessorThre...3a3-a588-20cf28145729-1-1 |  1336000 |   468000 |   510761781 |  17597712321 |         0 |      0 |  1824316089 |      0 |      0 |         0 
 125811 Thread 19 - PartitionProcessorThre...3a3-a588-20cf28145729-1-2 |  1383000 |   426000 |   509847230 |  17631683962 |    121856 |      0 |  1669518464 |      0 |      0 |         0 
 125812 Thread 20 - PartitionProcessorThre...3a3-a588-20cf28145729-1-3 |  1308000 |   391000 |   479185809 |  16572403817 |      3072 |      0 |  2009341430 |      0 |      0 |         0 
 125813 Thread 21 - PartitionProcessorThre...3a3-a588-20cf28145729-1-4 |  1232000 |   436000 |   471630137 |  16272476782 |         0 |      0 |  1916042737 |      0 |      0 |         0 
 125814 Thread 22 - PartitionProcessorThre...3a3-a588-20cf28145729-1-5 |  1295000 |   447000 |   491960816 |  16996254114 |         0 |      0 |  1763813019 |      0 |      0 |         0 
 125815 Thread 23 - PartitionProcessorThre...3a3-a588-20cf28145729-1-6 |  1268000 |   403000 |   471670192 |  16302211364 |         0 |      0 |  1758918346 |      0 |      0 |         0 
 125816 Thread 24 - PartitionProcessorThre...3a3-a588-20cf28145729-1-7 |  1312000 |   417000 |   487613270 |  16870939669 |         0 |      0 |  1707355038 |      0 |      0 |         0 
 125817 Thread 25 - PartitionProcessorThre...3a3-a588-20cf28145729-1-8 |  1354000 |   429000 |   503630539 |  17396919532 |         0 |      0 |  1726193748 |      0 |      0 |         0 
 125818 Thread 26 - PartitionProcessorThre...3a3-a588-20cf28145729-1-9 |  1321000 |   431000 |   495548559 |  17094749993 |         0 |      0 |  1732046726 |      0 |      0 |         0 
 125819 Thread 27 - PartitionProcessorThre...a3-a588-20cf28145729-1-10 |  1263000 |   396000 |   470658282 |  16187577106 |         0 |      0 |  1748116783 |      0 |      0 |         0 
 125820 Thread 28 - PartitionProcessorThre...a3-a588-20cf28145729-1-11 |  1276000 |   395000 |   472058070 |  16303606102 |         0 |      0 |  1797808255 |      0 |      0 |         0 
 125821 Thread 29 - PartitionProcessorThre...a3-a588-20cf28145729-1-12 |  1340000 |   432000 |   500244246 |  17291204341 |      3072 |      0 |  1465677586 |      0 |      0 |         0 
 125822 Thread 30 - PartitionProcessorThre...a3-a588-20cf28145729-1-13 |  1284000 |   413000 |   479926336 |  16558682852 |         0 |      0 |  1635618582 |      0 |      0 |         0 
 125823 Thread 31 - PartitionProcessorThre...a3-a588-20cf28145729-1-14 |  1251000 |   408000 |   467127371 |  16187748618 |         0 |      0 |  1702749270 |      0 |      0 |         0 
 125824 Thread 32 - PartitionProcessorThre...a3-a588-20cf28145729-1-15 |  1235000 |   370000 |   453106739 |  15659538106 |         0 |      0 |  1606629643 |      0 |      0 |         0 
 125825 Thread 33 - PartitionProcessorThre...a3-a588-20cf28145729-1-16 |  1315000 |   418000 |   488442164 |  16909702950 |         0 |      0 |  1655207212 |      0 |      0 |         0 
 125826 Thread 34 - PartitionProcessorThre...a3-a588-20cf28145729-1-17 |  1346000 |   423000 |   499667965 |  17261180161 |         0 |      0 |  1896957460 |      0 |      0 |         0 
 125827 Thread 35 - PartitionProcessorThre...a3-a588-20cf28145729-1-18 |  1290000 |   436000 |   489035934 |  16842071262 |         0 |      0 |  1839063099 |      0 |      0 |         0 
 125828 Thread 36 - PartitionProcessorThre...a3-a588-20cf28145729-1-19 |  1330000 |   456000 |   505914031 |  17428135669 |         0 |      0 |  1820055514 |      0 |      0 |         0 
 125829 Thread 37 - PartitionProcessorThre...3a3-a588-20cf28145729-2-0 |  1275000 |   371000 |   468767199 |  16062410134 |         0 |      0 |  1908692785 |      0 |      0 |         0 
 125830 Thread 38 - PartitionProcessorThre...3a3-a588-20cf28145729-2-1 |  1222000 |   473000 |   482868840 |  16540284059 |         0 |      0 |  1622036985 |      0 |      0 |         0 
 125831 Thread 39 - PartitionProcessorThre...3a3-a588-20cf28145729-2-2 |  1223000 |   419000 |   467173758 |  16023331528 |         0 |      0 |  1753858708 |      0 |      0 |         0 
 125832 Thread 40 - PartitionProcessorThre...3a3-a588-20cf28145729-2-3 |  1320000 |   395000 |   489204238 |  16735669204 |         0 |      0 |  1544022281 |      0 |      0 |         0 
 125833 Thread 41 - PartitionProcessorThre...3a3-a588-20cf28145729-2-4 |  1370000 |   466000 |   522178601 |  17916244965 |         0 |      0 |  1815849196 |      0 |      0 |         0 
 125834 Thread 42 - PartitionProcessorThre...3a3-a588-20cf28145729-2-5 |  1259000 |   391000 |   468663262 |  16101349798 |         0 |      0 |  1989895908 |      0 |      0 |         0 
 125835 Thread 43 - PartitionProcessorThre...3a3-a588-20cf28145729-2-6 |  1341000 |   420000 |   500894656 |  17184544505 |         0 |      0 |  1698149036 |      0 |      0 |         0 
 125836 Thread 44 - PartitionProcessorThre...3a3-a588-20cf28145729-2-7 |  1302000 |   414000 |   488409848 |  16745174083 |         0 |      0 |  1778233423 |      0 |      0 |         0 
 125837 Thread 45 - PartitionProcessorThre...3a3-a588-20cf28145729-2-8 |  1213000 |   375000 |   451330899 |  15496193509 |         0 |      0 |  1852023429 |      0 |      0 |         0 
 125838 Thread 46 - PartitionProcessorThre...3a3-a588-20cf28145729-2-9 |  1334000 |   377000 |   485512332 |  16696594946 |         0 |      0 |  1790761719 |      0 |      0 |         0 
 125839 Thread 47 - PartitionProcessorThre...a3-a588-20cf28145729-2-10 |  1254000 |   434000 |   481599188 |  16472636098 |  10831872 |      0 |  1753883878 |      0 |      0 |         0 
 125840 Thread 48 - PartitionProcessorThre...a3-a588-20cf28145729-2-11 |  1283000 |   428000 |   487693164 |  16696649782 |         0 |      0 |  1984257456 |      0 |      0 |         0 
 125841 Thread 49 - PartitionProcessorThre...a3-a588-20cf28145729-2-12 |  1308000 |   379000 |   480769176 |  16462354423 |         0 |      0 |  1858652410 |      0 |      0 |         0 
 125842 Thread 50 - PartitionProcessorThre...a3-a588-20cf28145729-2-13 |  1293000 |   436000 |   492962567 |  16872362555 |         0 |      0 |  1878160668 |      0 |      0 |         0 
 125843 Thread 51 - PartitionProcessorThre...a3-a588-20cf28145729-2-14 |  1213000 |   411000 |   463767621 |  15847755517 |         0 |      0 |  1771773928 |      0 |      0 |         0 
 125844 Thread 52 - PartitionProcessorThre...a3-a588-20cf28145729-2-15 |  1330000 |   435000 |   501845817 |  17223384864 |         0 |      0 |  1893020040 |      0 |      0 |         0 
 125845 Thread 53 - PartitionProcessorThre...a3-a588-20cf28145729-2-16 |  1283000 |   445000 |   492677856 |  16862618399 |         0 |      0 |  1677860091 |      0 |      0 |         0 
 125846 Thread 54 - PartitionProcessorThre...a3-a588-20cf28145729-2-17 |  1340000 |   403000 |   496065633 |  17008712872 |         0 |      0 |  1794751915 |      0 |      0 |         0 
 125847 Thread 55 - PartitionProcessorThre...a3-a588-20cf28145729-2-18 |  1344000 |   432000 |   506392793 |  17330718071 |         0 |      0 |  1614526526 |      0 |      0 |         0 
 125848 Thread 56 - PartitionProcessorThre...a3-a588-20cf28145729-2-19 |  1315000 |   419000 |   492576621 |  16920697665 |         0 |      0 |  1808325496 |      0 |      0 |         0 
 125849 Thread 57 - PartitionProcessorThre...3a3-a588-20cf28145729-0-0 |  1258000 |   452000 |   487968008 |  16687072626 |         0 |      0 |  1583110026 |      0 |      0 |         0 
 125850 Thread 58 - PartitionProcessorThre...3a3-a588-20cf28145729-0-1 |  1296000 |   423000 |   491379633 |  16774702852 |         0 |      0 |  1743050416 |      0 |      0 |         0 
 125851 Thread 59 - PartitionProcessorThre...3a3-a588-20cf28145729-0-2 |  1277000 |   442000 |   490277348 |  16774903266 |         0 |      0 |  1686035555 |      0 |      0 |         0 
 125852 Thread 60 - PartitionProcessorThre...3a3-a588-20cf28145729-0-3 |  1273000 |   416000 |   481754594 |  16481503196 |         0 |      0 |  1598856445 |      0 |      0 |         0 
 125853 Thread 61 - PartitionProcessorThre...3a3-a588-20cf28145729-0-4 |  1338000 |   434000 |   503637422 |  17292051368 |      1024 |      0 |  1805230225 |      0 |      0 |         0 
 125854 Thread 62 - PartitionProcessorThre...3a3-a588-20cf28145729-0-5 |  1380000 |   420000 |   511965004 |  17565302102 |         0 |      0 |  1662067788 |      0 |      0 |         0 
 125855 Thread 63 - PartitionProcessorThre...3a3-a588-20cf28145729-0-6 |  1319000 |   429000 |   497798899 |  17057812337 |         0 |      0 |  1541041944 |      0 |      0 |         0 
 125856 Thread 64 - PartitionProcessorThre...3a3-a588-20cf28145729-0-7 |  1303000 |   431000 |   494460500 |  16921329184 |         0 |      0 |  1859285158 |      0 |      0 |         0 
 125857 Thread 65 - PartitionProcessorThre...3a3-a588-20cf28145729-0-8 |  1361000 |   396000 |   501754832 |  17145556540 |         0 |      0 |  1873589469 |      0 |      0 |         0 
 125858 Thread 66 - PartitionProcessorThre...3a3-a588-20cf28145729-0-9 |  1294000 |   444000 |   494180750 |  16960129790 |         0 |      0 |  1717553984 |      0 |      0 |         0 
 125859 Thread 67 - PartitionProcessorThre...a3-a588-20cf28145729-0-10 |  1352000 |   431000 |   508278207 |  17399164958 |         0 |      0 |  1747455843 |      0 |      0 |         0 
 125860 Thread 68 - PartitionProcessorThre...a3-a588-20cf28145729-0-11 |  1265000 |   419000 |   480291559 |  16433359380 |         0 |      0 |  1677468158 |      0 |      0 |         0 
 125861 Thread 69 - PartitionProcessorThre...a3-a588-20cf28145729-0-12 |  1358000 |   447000 |   513491547 |  17613763434 |         0 |      0 |  1896452652 |      0 |      0 |         0 
 125862 Thread 70 - PartitionProcessorThre...a3-a588-20cf28145729-0-13 |  1295000 |   437000 |   493497801 |  16901784544 |         0 |      0 |  1795211368 |      0 |      0 |         0 
 125863 Thread 71 - PartitionProcessorThre...a3-a588-20cf28145729-0-14 |  1302000 |   444000 |   498741633 |  17038385352 |         0 |      0 |  1811415640 |      0 |      0 |         0 
 125864 Thread 72 - PartitionProcessorThre...a3-a588-20cf28145729-0-15 |  1306000 |   476000 |   505867219 |  17389065446 |         0 |      0 |  1787135394 |      0 |      0 |         0 
 125865 Thread 73 - PartitionProcessorThre...a3-a588-20cf28145729-0-16 |  1259000 |   425000 |   480621414 |  16433326149 |         0 |      0 |  1780228451 |      0 |      0 |         0 
 125866 Thread 74 - PartitionProcessorThre...a3-a588-20cf28145729-0-17 |  1313000 |   418000 |   493653035 |  16891555262 |         0 |      0 |  1708510929 |      0 |      0 |         0 
 125867 Thread 75 - PartitionProcessorThre...a3-a588-20cf28145729-0-18 |  1291000 |   463000 |   502012777 |  17116390098 |         0 |      0 |  1544981782 |      0 |      0 |         0 
 125868 Thread 76 - PartitionProcessorThre...a3-a588-20cf28145729-0-19 |  1279000 |   437000 |   488857817 |  16745316325 |         0 |      0 |  1824184188 |      0 |      0 |         0 
 126328 Thread 77 - process reaper                                     |     2000 |        0 |      580539 |     19546480 |         0 |      0 |        1445 |      0 |      0 |         0 
 126334 Thread 78 - Attach Listener                                    |   423000 |   111000 |   155046912 |   5220028534 |   5304320 | 145408 |     5338315 |      0 |      0 |         0 
