                                 Task                                  |  utime   |  stime   |     rss     |     vmem     |   read    | write  |    d:cpu    | d:bio  | d:swap | d:reclaim 
 128590 Thread 1 - main                                                |   690000 |   126000 |    49352494 |   6223137870 |  22117376 |   1024 |     5683821 |      0 |      0 |         0 
 128612 Thread 2 - Reference Handler                                   |     6000 |     1000 |      728726 |     57336117 |         0 |      0 |     1771279 |      0 |      0 |         0 
 128613 Thread 3 - Finalizer                                           |     5000 |        0 |      428464 |     39539269 |      5120 |      0 |      921353 |      0 |      0 |         0 
 128614 Thread 4 - Surrogate Locker Thread (Concurrent GC)             |        0 |        0 |           0 |            0 |         0 |      0 |       24943 |      0 |      0 |         0 
 128615 Thread 5 - Signal Dispatcher                                   |     1000 |        0 |      287855 |      9757746 |         0 |      0 |       22097 |      0 |      0 |         0 
 128624 Thread 12 - RMI Scheduler(0)                                   |     1000 |        0 |      280613 |      9757523 |      4096 |      0 |        4712 |      0 |      0 |         0 
 128625 Thread 13 - RMI RenewClean-[10.231.182.152:39960]              |        0 |        0 |           0 |            0 |      1024 |      0 |           0 |      0 |      0 |         0 
 128626 Thread 14 - GC Daemon                                          |        0 |        0 |           0 |            0 |         0 |      0 |           0 |      0 |      0 |         0 
 128628 Thread 15 - DecatonSubscriptionThread-decaton-benchmark        | 30980000 | 34352000 | 18442007867 | 636508778518 | 635388928 | 128000 | 21328153707 | 204994 |      0 |         0 
 128630 Thread 16 - kafka-coordinator-hear...hread | decaton-benchmark |   243000 |    50000 |    81428796 |   2849236511 |   7453696 |   4096 |    44197745 | 225290 |      0 |         0 
 128634 Thread 17 - PartitionProcessorThre...c09-9d95-64acc850d88a-2-0 |  1507000 |   449000 |   548019637 |  19087261309 |         0 |      0 |  1833983025 |      0 |      0 |         0 
 128635 Thread 18 - PartitionProcessorThre...c09-9d95-64acc850d88a-2-1 |  1477000 |   533000 |   563023902 |  19597327703 |     33792 |      0 |  1643797931 |      0 |      0 |         0 
 128636 Thread 19 - PartitionProcessorThre...c09-9d95-64acc850d88a-2-2 |  1528000 |   525000 |   578621680 |  20031579465 |      4096 |      0 |  2008442385 |      0 |      0 |         0 
 128637 Thread 20 - PartitionProcessorThre...c09-9d95-64acc850d88a-2-3 |  1455000 |   483000 |   542613356 |  18911821926 |         0 |      0 |  1756869559 |      0 |      0 |         0 
 128638 Thread 21 - PartitionProcessorThre...c09-9d95-64acc850d88a-2-4 |  1469000 |   481000 |   546542184 |  19020623895 |    120832 |      0 |  1802935467 |      0 |      0 |         0 
 128639 Thread 22 - PartitionProcessorThre...c09-9d95-64acc850d88a-2-5 |  1493000 |   509000 |   563050305 |  19539876301 |      2048 |      0 |  1806072675 |      0 |      0 |         0 
 128640 Thread 23 - PartitionProcessorThre...c09-9d95-64acc850d88a-2-6 |  1478000 |   483000 |   553070899 |  19140398356 |         0 |      0 |  1774682471 |      0 |      0 |         0 
 128641 Thread 24 - PartitionProcessorThre...c09-9d95-64acc850d88a-2-7 |  1500000 |   523000 |   568435586 |  19743318871 |         0 |      0 |  1780143628 |      0 |      0 |         0 
 128642 Thread 25 - PartitionProcessorThre...c09-9d95-64acc850d88a-2-8 |  1443000 |   460000 |   537549547 |  18573830512 |         0 |      0 |  1879574243 |      0 |      0 |         0 
 128643 Thread 26 - PartitionProcessorThre...c09-9d95-64acc850d88a-2-9 |  1454000 |   487000 |   546810481 |  18945828098 |         0 |      0 |  1824049536 |      0 |      0 |         0 
 128644 Thread 27 - PartitionProcessorThre...09-9d95-64acc850d88a-2-10 |  1512000 |   493000 |   565556672 |  19569604543 |         0 |      0 |  1779666909 | 118675 |      0 |         0 
 128645 Thread 28 - PartitionProcessorThre...09-9d95-64acc850d88a-2-11 |  1475000 |   462000 |   545324363 |  18905749586 |         0 |      0 |  2022457785 |      0 |      0 |         0 
 128646 Thread 29 - PartitionProcessorThre...09-9d95-64acc850d88a-2-12 |  1451000 |   483000 |   546271238 |  18877286895 |         0 |      0 |  1894780010 |      0 |      0 |         0 
 128647 Thread 30 - PartitionProcessorThre...09-9d95-64acc850d88a-2-13 |  1482000 |   434000 |   541208410 |  18701118555 |         0 |      0 |  1955144804 |      0 |      0 |         0 
 128648 Thread 31 - PartitionProcessorThre...09-9d95-64acc850d88a-2-14 |  1389000 |   444000 |   516042883 |  17891945282 |         0 |      0 |  2113976096 |      0 |      0 |         0 
 128649 Thread 32 - PartitionProcessorThre...09-9d95-64acc850d88a-2-15 |  1441000 |   494000 |   544950301 |  18884719485 |         0 |      0 |  1861920896 |      0 |      0 |         0 
 128650 Thread 33 - PartitionProcessorThre...09-9d95-64acc850d88a-2-16 |  1447000 |   486000 |   545217758 |  18865276567 |         0 |      0 |  1995918906 |      0 |      0 |         0 
 128651 Thread 34 - PartitionProcessorThre...09-9d95-64acc850d88a-2-17 |  1393000 |   458000 |   520934375 |  18065261914 |         0 |      0 |  1816121114 |      0 |      0 |         0 
 128652 Thread 35 - PartitionProcessorThre...09-9d95-64acc850d88a-2-18 |  1521000 |   471000 |   560729164 |  19443182543 |         0 |      0 |  1899276942 |      0 |      0 |         0 
 128653 Thread 36 - PartitionProcessorThre...09-9d95-64acc850d88a-2-19 |  1480000 |   464000 |   549140153 |  18974550020 |         0 |      0 |  1894615027 |      0 |      0 |         0 
 128654 Thread 37 - PartitionProcessorThre...c09-9d95-64acc850d88a-1-0 |  1458000 |   493000 |   553784676 |  19043464629 |         0 |      0 |  1783340319 |      0 |      0 |         0 
 128655 Thread 38 - PartitionProcessorThre...c09-9d95-64acc850d88a-1-1 |  1400000 |   440000 |   523132200 |  17959634055 |         0 |      0 |  1935931442 |      0 |      0 |         0 
 128656 Thread 39 - PartitionProcessorThre...c09-9d95-64acc850d88a-1-2 |  1414000 |   473000 |   536090758 |  18418443055 |         0 |      0 |  2040027585 |      0 |      0 |         0 
 128657 Thread 40 - PartitionProcessorThre...c09-9d95-64acc850d88a-1-3 |  1426000 |   472000 |   540123508 |  18526906707 |         0 |      0 |  1794353572 |      0 |      0 |         0 
 128658 Thread 41 - PartitionProcessorThre...c09-9d95-64acc850d88a-1-4 |  1440000 |   462000 |   540968969 |  18565753821 |         0 |      0 |  1802116147 |      0 |      0 |         0 
 128659 Thread 42 - PartitionProcessorThre...c09-9d95-64acc850d88a-1-5 |  1382000 |   441000 |   517636246 |  17794146262 |         0 |      0 |  1777696679 |      0 |      0 |         0 
 128660 Thread 43 - PartitionProcessorThre...c09-9d95-64acc850d88a-1-6 |  1381000 |   433000 |   513830266 |  17706452852 |         0 |      0 |  1823095510 |      0 |      0 |         0 
 128661 Thread 44 - PartitionProcessorThre...c09-9d95-64acc850d88a-1-7 |  1484000 |   459000 |   551313688 |  18964769821 |      3072 |      0 |  1724948049 |      0 |      0 |         0 
 128662 Thread 45 - PartitionProcessorThre...c09-9d95-64acc850d88a-1-8 |  1443000 |   434000 |   532962907 |  18321577828 |         0 |      0 |  1651529594 |      0 |      0 |         0 
 128663 Thread 46 - PartitionProcessorThre...c09-9d95-64acc850d88a-1-9 |  1441000 |   423000 |   529662243 |  18194291422 |         0 |      0 |  1759128262 |      0 |      0 |         0 
 128664 Thread 47 - PartitionProcessorThre...09-9d95-64acc850d88a-1-10 |  1495000 |   513000 |   570738313 |  19599637535 |      1024 |      0 |  1833697645 |      0 |      0 |         0 
 128665 Thread 48 - PartitionProcessorThre...09-9d95-64acc850d88a-1-11 |  1388000 |   471000 |   529296227 |  18146556309 |         0 |      0 |  1684168887 |      0 |      0 |         0 
 128666 Thread 49 - PartitionProcessorThre...09-9d95-64acc850d88a-1-12 |  1443000 |   439000 |   535254207 |  18370265328 |         0 |      0 |  1890121987 |      0 |      0 |         0 
 128667 Thread 50 - PartitionProcessorThre...09-9d95-64acc850d88a-1-13 |  1481000 |   489000 |   559419512 |  19228903844 |         0 |      0 |  1619030694 |      0 |      0 |         0 
 128668 Thread 51 - PartitionProcessorThre...09-9d95-64acc850d88a-1-14 |  1519000 |   499000 |   573940102 |  19696722336 |         0 |      0 |  1902516353 |      0 |      0 |         0 
 128669 Thread 52 - PartitionProcessorThre...09-9d95-64acc850d88a-1-15 |  1502000 |   420000 |   545714352 |  18759982930 |         0 |      0 |  1931340600 |      0 |      0 |         0 
 128670 Thread 53 - PartitionProcessorThre...09-9d95-64acc850d88a-1-16 |  1386000 |   427000 |   514446059 |  17696054129 |         0 |      0 |  1881042310 |      0 |      0 |         0 
 128671 Thread 54 - PartitionProcessorThre...09-9d95-64acc850d88a-1-17 |  1455000 |   507000 |   557230977 |  19150235590 |         0 |      0 |  1804552187 |      0 |      0 |         0 
 128672 Thread 55 - PartitionProcessorThre...09-9d95-64acc850d88a-1-18 |  1516000 |   456000 |   559624508 |  19248374629 |         0 |      0 |  1727405637 |      0 |      0 |         0 
 128673 Thread 56 - PartitionProcessorThre...09-9d95-64acc850d88a-1-19 |  1439000 |   475000 |   542553489 |  18682324196 |         0 |      0 |  1630666908 |      0 |      0 |         0 
 128674 Thread 57 - PartitionProcessorThre...c09-9d95-64acc850d88a-0-0 |  1414000 |   474000 |   537606313 |  18428712496 |         0 |      0 |  1881031584 |      0 |      0 |         0 
 128675 Thread 58 - PartitionProcessorThre...c09-9d95-64acc850d88a-0-1 |  1434000 |   503000 |   549468738 |  18906627504 |         0 |      0 |  1911734057 |      0 |      0 |         0 
 128676 Thread 59 - PartitionProcessorThre...c09-9d95-64acc850d88a-0-2 |  1410000 |   454000 |   530246500 |  18194203450 |         0 |      0 |  1861861931 |      0 |      0 |         0 
 128677 Thread 60 - PartitionProcessorThre...c09-9d95-64acc850d88a-0-3 |  1467000 |   469000 |   549817391 |  18896776348 |         0 |      0 |  2131993120 |      0 |      0 |         0 
 128678 Thread 61 - PartitionProcessorThre...c09-9d95-64acc850d88a-0-4 |  1469000 |   442000 |   543249317 |  18652588574 |         0 |      0 |  1643155584 |      0 |      0 |         0 
 128679 Thread 62 - PartitionProcessorThre...c09-9d95-64acc850d88a-0-5 |  1488000 |   460000 |   554607324 |  19013792774 |         0 |      0 |  1697587607 |      0 |      0 |         0 
 128680 Thread 63 - PartitionProcessorThre...c09-9d95-64acc850d88a-0-6 |  1509000 |   469000 |   562808805 |  19308372973 |         0 |      0 |  1911010062 |      0 |      0 |         0 
 128681 Thread 64 - PartitionProcessorThre...c09-9d95-64acc850d88a-0-7 |  1385000 |   446000 |   520469090 |  17871738629 |         0 |      0 |  1983790279 |      0 |      0 |         0 
 128682 Thread 65 - PartitionProcessorThre...c09-9d95-64acc850d88a-0-8 |  1483000 |   489000 |   561009723 |  19249098324 |         0 |      0 |  1899648232 |      0 |      0 |         0 
 128683 Thread 66 - PartitionProcessorThre...c09-9d95-64acc850d88a-0-9 |  1370000 |   418000 |   508018118 |  17451539286 |         0 |      0 |  1704124647 |      0 |      0 |         0 
 128684 Thread 67 - PartitionProcessorThre...09-9d95-64acc850d88a-0-10 |  1368000 |   517000 |   535166410 |  18398291926 |         0 |      0 |  1761722199 |      0 |      0 |         0 
 128685 Thread 68 - PartitionProcessorThre...09-9d95-64acc850d88a-0-11 |  1496000 |   501000 |   568281152 |  19492639313 |         0 |      0 |  1919297288 |      0 |      0 |         0 
 128686 Thread 69 - PartitionProcessorThre...09-9d95-64acc850d88a-0-12 |  1345000 |   494000 |   522432262 |  17950567434 |         0 |      0 |  1697496574 |      0 |      0 |         0 
 128687 Thread 70 - PartitionProcessorThre...09-9d95-64acc850d88a-0-13 |  1413000 |   445000 |   527582457 |  18136022801 |         0 |      0 |  2039812006 |      0 |      0 |         0 
 128688 Thread 71 - PartitionProcessorThre...09-9d95-64acc850d88a-0-14 |  1444000 |   485000 |   548596770 |  18829317996 |         0 |      0 |  1721253951 |      0 |      0 |         0 
 128689 Thread 72 - PartitionProcessorThre...09-9d95-64acc850d88a-0-15 |  1452000 |   462000 |   544556231 |  18682577602 |         0 |      0 |  1824251260 |      0 |      0 |         0 
 128690 Thread 73 - PartitionProcessorThre...09-9d95-64acc850d88a-0-16 |  1320000 |   488000 |   514670172 |  17647750926 |         0 |      0 |  1625586619 |      0 |      0 |         0 
 128691 Thread 74 - PartitionProcessorThre...09-9d95-64acc850d88a-0-17 |  1460000 |   470000 |   548712082 |  18838513723 |         0 |      0 |  1774324552 |      0 |      0 |         0 
 128692 Thread 75 - PartitionProcessorThre...09-9d95-64acc850d88a-0-18 |  1513000 |   504000 |   573402004 |  19688075309 |         0 |      0 |  1864481955 |      0 |      0 |         0 
 128693 Thread 76 - PartitionProcessorThre...09-9d95-64acc850d88a-0-19 |  1473000 |   490000 |   557946356 |  19160137465 |         0 |      0 |  1788075221 |      0 |      0 |         0 
 129165 Thread 77 - process reaper                                     |     1000 |     1000 |      589035 |     19545699 |         0 |      0 |       68154 |      0 |      0 |         0 
 129171 Thread 78 - Attach Listener                                    |   413000 |    98000 |   148205619 |   4995060323 |   5304320 | 214016 |     3442534 |      0 |      0 |         0 
