                                 Task                                 |  utime   |  stime   |     rss     |     vmem     |   read    | write  |    d:cpu    | d:bio  | d:swap | d:reclaim 
 49499 Thread 1 - main                                                |   564000 |    79000 |    40013338 |   4878993189 |  21047296 |   1024 |     9920214 |      0 |      0 |         0 
 49521 Thread 2 - Reference Handler                                   |     9000 |        0 |     1023046 |     71192917 |         0 |      0 |       98019 |      0 |      0 |         0 
 49522 Thread 3 - Finalizer                                           |     6000 |        0 |      577031 |     46467414 |     13312 |      0 |      765504 |      0 |      0 |         0 
 49523 Thread 4 - Surrogate Locker Thread (Concurrent GC)             |        0 |     1000 |       30000 |      7254121 |         0 |      0 |           0 |      0 |      0 |         0 
 49524 Thread 5 - Signal Dispatcher                                   |        0 |        0 |           0 |            0 |         0 |      0 |           0 |      0 |      0 |         0 
 49534 Thread 11 - DecatonSubscriptionThread-decaton-benchmark        | 29453000 | 33138000 | 19679566772 | 609450692531 | 637401088 | 125952 | 19176213798 |  47468 |      0 |         0 
 49535 Thread 13 - kafka-coordinator-hear...hread | decaton-benchmark |   183000 |    46000 |    70987944 |   2230360882 |   5767168 |   4096 |    26012753 | 322599 |      0 |         0 
 49538 Thread 14 - PartitionProcessorThre...a4e-9d10-cc365f75249a-0-0 |  1301000 |   442000 |   542242297 |  16986580664 |     37888 |      0 |  1623269155 |      0 |      0 |         0 
 49539 Thread 15 - PartitionProcessorThre...a4e-9d10-cc365f75249a-0-1 |  1343000 |   434000 |   555327734 |  17335313817 |         0 |      0 |  1637881819 |      0 |      0 |         0 
 49540 Thread 16 - PartitionProcessorThre...a4e-9d10-cc365f75249a-0-2 |  1271000 |   482000 |   547703906 |  17098626922 |         0 |      0 |  1663416544 |      0 |      0 |         0 
 49541 Thread 17 - PartitionProcessorThre...a4e-9d10-cc365f75249a-0-3 |  1303000 |   453000 |   545912488 |  17126771032 |    118784 |      0 |  1542869634 |      0 |      0 |         0 
 49542 Thread 18 - PartitionProcessorThre...a4e-9d10-cc365f75249a-0-4 |  1248000 |   413000 |   518201504 |  16202148102 |         0 |      0 |  1465835853 |      0 |      0 |         0 
 49543 Thread 19 - PartitionProcessorThre...a4e-9d10-cc365f75249a-0-5 |  1405000 |   463000 |   585136820 |  18223027059 |         0 |      0 |  1738388457 |      0 |      0 |         0 
 49544 Thread 20 - PartitionProcessorThre...a4e-9d10-cc365f75249a-0-6 |  1384000 |   406000 |   558731105 |  17462622871 |         0 |      0 |  1435374049 |      0 |      0 |         0 
 49545 Thread 21 - PartitionProcessorThre...a4e-9d10-cc365f75249a-0-7 |  1348000 |   465000 |   565359000 |  17685360114 |      3072 |      0 |  1497173403 |      0 |      0 |         0 
 49546 Thread 22 - PartitionProcessorThre...a4e-9d10-cc365f75249a-0-8 |  1314000 |   455000 |   553496141 |  17256516961 |         0 |      0 |  1181683205 |      0 |      0 |         0 
 49547 Thread 23 - PartitionProcessorThre...a4e-9d10-cc365f75249a-0-9 |  1337000 |   444000 |   556557684 |  17375894184 |         0 |      0 |  1396517065 |      0 |      0 |         0 
 49548 Thread 24 - PartitionProcessorThre...4e-9d10-cc365f75249a-0-10 |  1336000 |   493000 |   571457992 |  17845154164 |         0 |      0 |  1485222866 |      0 |      0 |         0 
 49549 Thread 25 - PartitionProcessorThre...4e-9d10-cc365f75249a-0-11 |  1358000 |   512000 |   584726941 |  18243068262 |         0 |      0 |  1369124319 |      0 |      0 |         0 
 49550 Thread 26 - PartitionProcessorThre...4e-9d10-cc365f75249a-0-12 |  1324000 |   474000 |   558238109 |  17542406160 |         0 |      0 |  1304506990 |      0 |      0 |         0 
 49551 Thread 27 - PartitionProcessorThre...4e-9d10-cc365f75249a-0-13 |  1341000 |   436000 |   554390754 |  17339048137 |         0 |      0 |  1510830799 |      0 |      0 |         0 
 49552 Thread 28 - PartitionProcessorThre...4e-9d10-cc365f75249a-0-14 |  1295000 |   467000 |   550488055 |  17192186258 |         0 |      0 |  1469643266 |      0 |      0 |         0 
 49553 Thread 29 - PartitionProcessorThre...4e-9d10-cc365f75249a-0-15 |  1370000 |   453000 |   568763523 |  17785418899 |     13312 |      0 |  1638246396 |      0 |      0 |         0 
 49554 Thread 30 - PartitionProcessorThre...4e-9d10-cc365f75249a-0-16 |  1297000 |   476000 |   553221457 |  17295745938 |     24576 |      0 |  1489115727 |      0 |      0 |         0 
 49555 Thread 31 - PartitionProcessorThre...4e-9d10-cc365f75249a-0-17 |  1339000 |   475000 |   566683066 |  17698767285 |      4096 |      0 |  1423327081 |      0 |      0 |         0 
 49556 Thread 32 - PartitionProcessorThre...4e-9d10-cc365f75249a-0-18 |  1359000 |   433000 |   559678020 |  17484942809 |         0 |      0 |  1380047480 |      0 |      0 |         0 
 49557 Thread 33 - PartitionProcessorThre...4e-9d10-cc365f75249a-0-19 |  1260000 |   468000 |   541210941 |  16860871528 |         0 |      0 |  1242303259 |      0 |      0 |         0 
 49558 Thread 34 - PartitionProcessorThre...a4e-9d10-cc365f75249a-2-0 |  1179000 |   435000 |   511285653 |  15750010536 |         0 |      0 |  1092488438 |      0 |      0 |         0 
 49559 Thread 35 - PartitionProcessorThre...a4e-9d10-cc365f75249a-2-1 |  1284000 |   428000 |   542410180 |  16705500457 |         0 |      0 |  1365868202 |      0 |      0 |         0 
 49560 Thread 36 - PartitionProcessorThre...a4e-9d10-cc365f75249a-2-2 |  1298000 |   453000 |   553335055 |  17085299950 |         0 |      0 |  1475170012 |      0 |      0 |         0 
 49561 Thread 37 - PartitionProcessorThre...a4e-9d10-cc365f75249a-2-3 |  1208000 |   434000 |   519689469 |  16022989751 |         0 |      0 |  1380239956 |      0 |      0 |         0 
 49562 Thread 38 - PartitionProcessorThre...a4e-9d10-cc365f75249a-2-4 |  1280000 |   435000 |   542518457 |  16733820719 |         0 |      0 |  1279782008 |      0 |      0 |         0 
 49563 Thread 39 - PartitionProcessorThre...a4e-9d10-cc365f75249a-2-5 |  1352000 |   501000 |   586351031 |  18081123578 |         0 |      0 |  1359053488 |      0 |      0 |         0 
 49564 Thread 40 - PartitionProcessorThre...a4e-9d10-cc365f75249a-2-6 |  1327000 |   468000 |   567658465 |  17514907946 |         0 |      0 |  1302937467 |      0 |      0 |         0 
 49565 Thread 41 - PartitionProcessorThre...a4e-9d10-cc365f75249a-2-7 |  1251000 |   481000 |   548847824 |  16901647762 |      3072 |      0 |  1426813310 |      0 |      0 |         0 
 49566 Thread 42 - PartitionProcessorThre...a4e-9d10-cc365f75249a-2-8 |  1312000 |   478000 |   564957781 |  17465074750 |         0 |      0 |  1232161379 |      0 |      0 |         0 
 49567 Thread 43 - PartitionProcessorThre...a4e-9d10-cc365f75249a-2-9 |  1340000 |   457000 |   568631523 |  17534676106 |         0 |      0 |  1410201976 |      0 |      0 |         0 
 49568 Thread 44 - PartitionProcessorThre...4e-9d10-cc365f75249a-2-10 |  1385000 |   416000 |   569174836 |  17574132188 |         0 |      0 |  1261402786 |      0 |      0 |         0 
 49569 Thread 45 - PartitionProcessorThre...4e-9d10-cc365f75249a-2-11 |  1326000 |   498000 |   576711594 |  17797776141 |         0 |      0 |  1467475095 |      0 |      0 |         0 
 49570 Thread 46 - PartitionProcessorThre...4e-9d10-cc365f75249a-2-12 |  1249000 |   482000 |   547843668 |  16891134375 |         0 |      0 |  1436043169 |      0 |      0 |         0 
 49571 Thread 47 - PartitionProcessorThre...4e-9d10-cc365f75249a-2-13 |  1292000 |   440000 |   547936715 |  16900550586 |         0 |      0 |  1517765488 |      0 |      0 |         0 
 49572 Thread 48 - PartitionProcessorThre...4e-9d10-cc365f75249a-2-14 |  1243000 |   431000 |   530733828 |  16335443950 |         0 |      0 |  1353164312 |      0 |      0 |         0 
 49573 Thread 49 - PartitionProcessorThre...4e-9d10-cc365f75249a-2-15 |  1274000 |   464000 |   550084309 |  16959534743 |         0 |      0 |  1419143251 |      0 |      0 |         0 
 49574 Thread 50 - PartitionProcessorThre...4e-9d10-cc365f75249a-2-16 |  1298000 |   436000 |   547778906 |  16920109082 |         0 |      0 |  1337017386 |      0 |      0 |         0 
 49575 Thread 51 - PartitionProcessorThre...4e-9d10-cc365f75249a-2-17 |  1342000 |   443000 |   564253262 |  17418057660 |      1024 |      0 |  1335934462 |      0 |      0 |         0 
 49576 Thread 52 - PartitionProcessorThre...4e-9d10-cc365f75249a-2-18 |  1314000 |   444000 |   556542082 |  17154622028 |         0 |      0 |  1533669357 |      0 |      0 |         0 
 49577 Thread 53 - PartitionProcessorThre...4e-9d10-cc365f75249a-2-19 |  1204000 |   465000 |   528353910 |  16286300196 |         0 |      0 |  1440574401 |      0 |      0 |         0 
 49578 Thread 54 - PartitionProcessorThre...a4e-9d10-cc365f75249a-1-0 |  1278000 |   477000 |   556743516 |  17126160438 |         0 |      0 |  1348746351 |      0 |      0 |         0 
 49579 Thread 55 - PartitionProcessorThre...a4e-9d10-cc365f75249a-1-1 |  1366000 |   489000 |   587570988 |  18101230797 |         0 |      0 |  1350557500 |      0 |      0 |         0 
 49580 Thread 56 - PartitionProcessorThre...a4e-9d10-cc365f75249a-1-2 |  1265000 |   490000 |   556844375 |  17125312957 |         0 |      0 |  1305628085 |      0 |      0 |         0 
 49581 Thread 57 - PartitionProcessorThre...a4e-9d10-cc365f75249a-1-3 |  1277000 |   453000 |   548592223 |  16881072493 |         0 |      0 |  1391091491 |      0 |      0 |         0 
 49582 Thread 58 - PartitionProcessorThre...a4e-9d10-cc365f75249a-1-4 |  1254000 |   468000 |   546068277 |  16803745336 |         0 |      0 |   995657237 |      0 |      0 |         0 
 49583 Thread 59 - PartitionProcessorThre...a4e-9d10-cc365f75249a-1-5 |  1277000 |   456000 |   549545957 |  16910869121 |         0 |      0 |  1505170052 |      0 |      0 |         0 
 49584 Thread 60 - PartitionProcessorThre...a4e-9d10-cc365f75249a-1-6 |  1289000 |   441000 |   548898691 |  16881179114 |         0 |      0 |  1212554737 |      0 |      0 |         0 
 49585 Thread 61 - PartitionProcessorThre...a4e-9d10-cc365f75249a-1-7 |  1255000 |   466000 |   546614559 |  16793449946 |         0 |      0 |  1489826134 |      0 |      0 |         0 
 49586 Thread 62 - PartitionProcessorThre...a4e-9d10-cc365f75249a-1-8 |  1243000 |   464000 |   541434180 |  16656377891 |         0 |      0 |  1436373888 |      0 |      0 |         0 
 49587 Thread 63 - PartitionProcessorThre...a4e-9d10-cc365f75249a-1-9 |  1327000 |   427000 |   557039445 |  17115807063 |         0 |      0 |  1484534487 |      0 |      0 |         0 
 49588 Thread 64 - PartitionProcessorThre...4e-9d10-cc365f75249a-1-10 |  1256000 |   474000 |   549977266 |  16881340500 |         0 |      0 |  1545146585 |      0 |      0 |         0 
 49589 Thread 65 - PartitionProcessorThre...4e-9d10-cc365f75249a-1-11 |  1347000 |   414000 |   557796242 |  17183476774 |         0 |      0 |  1493509954 |      0 |      0 |         0 
 49590 Thread 66 - PartitionProcessorThre...4e-9d10-cc365f75249a-1-12 |  1261000 |   437000 |   538982246 |  16568923653 |         0 |      0 |  1553205094 |      0 |      0 |         0 
 49591 Thread 67 - PartitionProcessorThre...4e-9d10-cc365f75249a-1-13 |  1275000 |   462000 |   550464492 |  16949360305 |         0 |      0 |  1507097697 |      0 |      0 |         0 
 49592 Thread 68 - PartitionProcessorThre...4e-9d10-cc365f75249a-1-14 |  1269000 |   492000 |   558546828 |  17183546403 |         0 |      0 |  1321756823 |      0 |      0 |         0 
 49593 Thread 69 - PartitionProcessorThre...4e-9d10-cc365f75249a-1-15 |  1185000 |   475000 |   526318336 |  16198470629 |         0 |      0 |  1425620806 |      0 |      0 |         0 
 49594 Thread 70 - PartitionProcessorThre...4e-9d10-cc365f75249a-1-16 |  1206000 |   432000 |   519873559 |  15984116340 |         0 |      0 |  1373331209 |      0 |      0 |         0 
 49595 Thread 71 - PartitionProcessorThre...4e-9d10-cc365f75249a-1-17 |  1238000 |   459000 |   537365567 |  16559324805 |         0 |      0 |  1496069278 |      0 |      0 |         0 
 49596 Thread 72 - PartitionProcessorThre...4e-9d10-cc365f75249a-1-18 |  1292000 |   480000 |   561666859 |  17290789512 |         0 |      0 |  1356475072 |      0 |      0 |         0 
 49597 Thread 73 - PartitionProcessorThre...4e-9d10-cc365f75249a-1-19 |  1312000 |   460000 |   562152953 |  17291005508 |         0 |      0 |  1348092813 |      0 |      0 |         0 
 49893 Thread 74 - process reaper                                     |     1000 |     1000 |      670464 |     19571234 |      2048 |      0 |       12291 |      0 |      0 |         0 
 49899 Thread 75 - Attach Listener                                    |   377000 |    89000 |   151759412 |   4553958183 |   5304320 | 233472 |     4420929 |      0 |      0 |         0 
