                                 Task                                 |  utime   |  stime   |     rss     |     vmem     |   read    | write  |    d:cpu    | d:bio  | d:swap | d:reclaim 
 51706 Thread 1 - main                                                |   782000 |   117000 |    59229314 |   6896802514 |  34516992 |   1024 |     5939217 |      0 |      0 |         0 
 51728 Thread 2 - Reference Handler                                   |     6000 |     2000 |      983781 |     68253964 |         0 |      0 |     2827809 |      0 |      0 |         0 
 51729 Thread 3 - Finalizer                                           |     6000 |        0 |      625132 |     48750324 |      5120 |      0 |      371184 |      0 |      0 |         0 
 51730 Thread 4 - Surrogate Locker Thread (Concurrent GC)             |        0 |        0 |           0 |            0 |         0 |      0 |      523368 |      0 |      0 |         0 
 51731 Thread 5 - Signal Dispatcher                                   |        0 |     1000 |       26714 |      7228289 |         0 |      0 |        7168 |      0 |      0 |         0 
 51742 Thread 12 - RMI Scheduler(0)                                   |     2000 |        0 |      379863 |     17523417 |      2048 |      0 |       66700 |      0 |      0 |         0 
 51743 Thread 13 - RMI RenewClean-[10.231.182.152:33647]              |        0 |        0 |           0 |            0 |      1024 |      0 |      932892 |      0 |      0 |         0 
 51744 Thread 14 - GC Daemon                                          |     1000 |        0 |       82218 |      7893574 |         0 |      0 |       16090 |      0 |      0 |         0 
 51746 Thread 15 - DecatonSubscriptionThread-decaton-benchmark        | 24103000 | 35977000 | 17860655909 | 585540125987 | 624868352 | 105472 | 17276374040 | 201296 |      0 |         0 
 51747 Thread 16 - kafka-coordinator-hear...hread | decaton-benchmark |   214000 |    39000 |    73675585 |   2464371643 |   6473728 |   5120 |    11707336 | 281583 |      0 |         0 
 51752 Thread 17 - PartitionProcessorThre...09c-b84e-33fef62e99e9-0-0 |  1267000 |   470000 |   509860145 |  16933705273 |     34816 |      0 |  1096835050 |      0 |      0 |         0 
 51753 Thread 18 - PartitionProcessorThre...09c-b84e-33fef62e99e9-0-1 |  1254000 |   418000 |   492972641 |  16306402589 |      1024 |      0 |  1330871760 |      0 |      0 |         0 
 51754 Thread 19 - PartitionProcessorThre...09c-b84e-33fef62e99e9-0-2 |  1263000 |   447000 |   502693587 |  16673628574 |         0 |      0 |  1163655029 |      0 |      0 |         0 
 51755 Thread 20 - PartitionProcessorThre...09c-b84e-33fef62e99e9-0-3 |  1217000 |   439000 |   486724266 |  16149761988 |         0 |      0 |  1105534589 |      0 |      0 |         0 
 51756 Thread 21 - PartitionProcessorThre...09c-b84e-33fef62e99e9-0-4 |  1303000 |   462000 |   518561196 |  17212030437 |         0 |      0 |  1229440949 |      0 |      0 |         0 
 51757 Thread 22 - PartitionProcessorThre...09c-b84e-33fef62e99e9-0-5 |  1286000 |   460000 |   512834141 |  17026039015 |         0 |      0 |  1284935478 |      0 |      0 |         0 
 51758 Thread 23 - PartitionProcessorThre...09c-b84e-33fef62e99e9-0-6 |  1249000 |   429000 |   495321063 |  16370058265 |         0 |      0 |  1106760636 |      0 |      0 |         0 
 51759 Thread 24 - PartitionProcessorThre...09c-b84e-33fef62e99e9-0-7 |  1256000 |   444000 |   501792633 |  16583132796 |         0 |      0 |  1314248154 |      0 |      0 |         0 
 51760 Thread 25 - PartitionProcessorThre...09c-b84e-33fef62e99e9-0-8 |  1313000 |   467000 |   522087809 |  17356645140 |         0 |      0 |  1069416307 |      0 |      0 |         0 
 51761 Thread 26 - PartitionProcessorThre...09c-b84e-33fef62e99e9-0-9 |  1271000 |   455000 |   510912462 |  16836419038 |      2048 |      0 |  1237777821 |      0 |      0 |         0 
 51762 Thread 27 - PartitionProcessorThre...9c-b84e-33fef62e99e9-0-10 |  1236000 |   396000 |   481262934 |  15918878976 |         0 |      0 |  1169050256 |      0 |      0 |         0 
 51763 Thread 28 - PartitionProcessorThre...9c-b84e-33fef62e99e9-0-11 |  1261000 |   474000 |   511850379 |  16922896441 |         0 |      0 |  1247719827 |      0 |      0 |         0 
 51764 Thread 29 - PartitionProcessorThre...9c-b84e-33fef62e99e9-0-12 |  1320000 |   448000 |   520504188 |  17239700390 |         0 |      0 |  1051682613 |      0 |      0 |         0 
 51765 Thread 30 - PartitionProcessorThre...9c-b84e-33fef62e99e9-0-13 |  1241000 |   471000 |   504815465 |  16698582617 |         0 |      0 |  1209814520 |      0 |      0 |         0 
 51766 Thread 31 - PartitionProcessorThre...9c-b84e-33fef62e99e9-0-14 |  1269000 |   414000 |   495510419 |  16409094824 |      6144 |      0 |  1262510858 |      0 |      0 |         0 
 51767 Thread 32 - PartitionProcessorThre...9c-b84e-33fef62e99e9-0-15 |  1309000 |   477000 |   526477161 |  17416270116 |         0 |      0 |  1089112543 |      0 |      0 |         0 
 51768 Thread 33 - PartitionProcessorThre...9c-b84e-33fef62e99e9-0-16 |  1269000 |   420000 |   499360676 |  16473645499 |         0 |      0 |   995675928 |      0 |      0 |         0 
 51769 Thread 34 - PartitionProcessorThre...9c-b84e-33fef62e99e9-0-17 |  1259000 |   428000 |   497567731 |  16453968757 |         0 |      0 |  1160091874 |      0 |      0 |         0 
 51770 Thread 35 - PartitionProcessorThre...9c-b84e-33fef62e99e9-0-18 |  1183000 |   443000 |   480985657 |  15859824304 |         0 |      0 |  1268659658 |      0 |      0 |         0 
 51771 Thread 36 - PartitionProcessorThre...9c-b84e-33fef62e99e9-0-19 |  1228000 |   439000 |   492511688 |  16258086476 |         0 |      0 |  1170467031 |      0 |      0 |         0 
 51772 Thread 37 - PartitionProcessorThre...09c-b84e-33fef62e99e9-2-0 |  1287000 |   479000 |   529213254 |  17242059570 |      1024 |      0 |  1402435426 |      0 |      0 |         0 
 51773 Thread 38 - PartitionProcessorThre...09c-b84e-33fef62e99e9-2-1 |  1247000 |   438000 |   504037505 |  16450058081 |         0 |      0 |  1045693813 |      0 |      0 |         0 
 51774 Thread 39 - PartitionProcessorThre...09c-b84e-33fef62e99e9-2-2 |  1180000 |   440000 |   482447532 |  15814778058 |         0 |      0 |  1165622880 |      0 |      0 |         0 
 51775 Thread 40 - PartitionProcessorThre...09c-b84e-33fef62e99e9-2-3 |  1267000 |   393000 |   493976481 |  16205518757 |         0 |      0 |  1081197711 |      0 |      0 |         0 
 51776 Thread 41 - PartitionProcessorThre...09c-b84e-33fef62e99e9-2-4 |  1282000 |   427000 |   509667485 |  16684171921 |         0 |      0 |  1157628534 |      0 |      0 |         0 
 51777 Thread 42 - PartitionProcessorThre...09c-b84e-33fef62e99e9-2-5 |  1192000 |   402000 |   475095024 |  15561355761 |         0 |      0 |  1029079162 |      0 |      0 |         0 
 51778 Thread 43 - PartitionProcessorThre...09c-b84e-33fef62e99e9-2-6 |  1198000 |   446000 |   490569380 |  16050283706 |         0 |      0 |  1309164871 |      0 |      0 |         0 
 51779 Thread 44 - PartitionProcessorThre...09c-b84e-33fef62e99e9-2-7 |  1239000 |   383000 |   483727454 |  15835126996 |         0 |      0 |  1205450305 |      0 |      0 |         0 
 51780 Thread 45 - PartitionProcessorThre...09c-b84e-33fef62e99e9-2-8 |  1263000 |   446000 |   512040227 |  16684814249 |         0 |      0 |  1199323611 |      0 |      0 |         0 
 51781 Thread 46 - PartitionProcessorThre...09c-b84e-33fef62e99e9-2-9 |  1266000 |   468000 |   517172809 |  16928079441 |         0 |      0 |  1184606450 |      0 |      0 |         0 
 51782 Thread 47 - PartitionProcessorThre...9c-b84e-33fef62e99e9-2-10 |  1208000 |   470000 |   500397653 |  16381440835 |         0 |      0 |  1155314021 |      0 |      0 |         0 
 51783 Thread 48 - PartitionProcessorThre...9c-b84e-33fef62e99e9-2-11 |  1243000 |   434000 |   498858739 |  16371267980 |         0 |      0 |  1231711030 |      0 |      0 |         0 
 51784 Thread 49 - PartitionProcessorThre...9c-b84e-33fef62e99e9-2-12 |  1242000 |   445000 |   504462009 |  16470117359 |         0 |      0 |  1103919584 |      0 |      0 |         0 
 51785 Thread 50 - PartitionProcessorThre...9c-b84e-33fef62e99e9-2-13 |  1255000 |   437000 |   503713020 |  16518033128 |         0 |      0 |  1197288877 |      0 |      0 |         0 
 51786 Thread 51 - PartitionProcessorThre...9c-b84e-33fef62e99e9-2-14 |  1238000 |   456000 |   503058044 |  16536642101 |         0 |      0 |  1173004775 |      0 |      0 |         0 
 51787 Thread 52 - PartitionProcessorThre...9c-b84e-33fef62e99e9-2-15 |  1220000 |   412000 |   486811098 |  15932656449 |         0 |      0 |  1197997824 |      0 |      0 |         0 
 51788 Thread 53 - PartitionProcessorThre...9c-b84e-33fef62e99e9-2-16 |  1245000 |   469000 |   511799305 |  16733059909 |         0 |      0 |  1207287404 |      0 |      0 |         0 
 51789 Thread 54 - PartitionProcessorThre...9c-b84e-33fef62e99e9-2-17 |  1204000 |   430000 |   488135743 |  15952309507 |         0 |      0 |  1078953976 |      0 |      0 |         0 
 51790 Thread 55 - PartitionProcessorThre...9c-b84e-33fef62e99e9-2-18 |  1256000 |   457000 |   512545020 |  16723290906 |         0 |      0 |  1269089461 |      0 |      0 |         0 
 51791 Thread 56 - PartitionProcessorThre...9c-b84e-33fef62e99e9-2-19 |  1258000 |   466000 |   515555145 |  16831535175 |         0 |      0 |  1163438952 |      0 |      0 |         0 
 51792 Thread 57 - PartitionProcessorThre...09c-b84e-33fef62e99e9-1-0 |  1193000 |   447000 |   491638763 |  16010908374 |         0 |      0 |  1036793168 |      0 |      0 |         0 
 51793 Thread 58 - PartitionProcessorThre...09c-b84e-33fef62e99e9-1-1 |  1180000 |   445000 |   487472708 |  15864528371 |         0 |      0 |   929286402 |      0 |      0 |         0 
 51794 Thread 59 - PartitionProcessorThre...09c-b84e-33fef62e99e9-1-2 |  1190000 |   411000 |   481397661 |  15630351750 |         0 |      0 |   899318926 |      0 |      0 |         0 
 51795 Thread 60 - PartitionProcessorThre...09c-b84e-33fef62e99e9-1-3 |  1249000 |   413000 |   498483056 |  16225155210 |         0 |      0 |  1030344588 |      0 |      0 |         0 
 51796 Thread 61 - PartitionProcessorThre...09c-b84e-33fef62e99e9-1-4 |  1330000 |   446000 |   532277915 |  17338581730 |         0 |      0 |  1018135901 |      0 |      0 |         0 
 51797 Thread 62 - PartitionProcessorThre...09c-b84e-33fef62e99e9-1-5 |  1261000 |   495000 |   528323508 |  17144330214 |         0 |      0 |  1078833828 |      0 |      0 |         0 
 51798 Thread 63 - PartitionProcessorThre...09c-b84e-33fef62e99e9-1-6 |  1230000 |   446000 |   503999188 |  16363398558 |         0 |      0 |  1210104461 |      0 |      0 |         0 
 51799 Thread 64 - PartitionProcessorThre...09c-b84e-33fef62e99e9-1-7 |  1219000 |   434000 |   494600126 |  16137720949 |         0 |      0 |  1216181338 |      0 |      0 |         0 
 51800 Thread 65 - PartitionProcessorThre...09c-b84e-33fef62e99e9-1-8 |  1206000 |   427000 |   489675216 |  15942758414 |         0 |      0 |  1246645088 |      0 |      0 |         0 
 51801 Thread 66 - PartitionProcessorThre...09c-b84e-33fef62e99e9-1-9 |  1222000 |   479000 |   509788762 |  16606937191 |         0 |      0 |  1193302069 |      0 |      0 |         0 
 51802 Thread 67 - PartitionProcessorThre...9c-b84e-33fef62e99e9-1-10 |  1289000 |   422000 |   513485114 |  16704332589 |         0 |      0 |  1162574902 |      0 |      0 |         0 
 51803 Thread 68 - PartitionProcessorThre...9c-b84e-33fef62e99e9-1-11 |  1229000 |   460000 |   506113719 |  16488984577 |         0 |      0 |  1185446307 |      0 |      0 |         0 
 51804 Thread 69 - PartitionProcessorThre...9c-b84e-33fef62e99e9-1-12 |  1235000 |   455000 |   507929778 |  16500233062 |         0 |      0 |  1148441781 |      0 |      0 |         0 
 51805 Thread 70 - PartitionProcessorThre...9c-b84e-33fef62e99e9-1-13 |  1224000 |   465000 |   505612860 |  16488896288 |         0 |      0 |  1093479943 |      0 |      0 |         0 
 51806 Thread 71 - PartitionProcessorThre...9c-b84e-33fef62e99e9-1-14 |  1264000 |   439000 |   511158259 |  16626192347 |         0 |      0 |  1154820732 |      0 |      0 |         0 
 51807 Thread 72 - PartitionProcessorThre...9c-b84e-33fef62e99e9-1-15 |  1191000 |   472000 |   497848137 |  16234998503 |         0 |      0 |  1092103280 |      0 |      0 |         0 
 51808 Thread 73 - PartitionProcessorThre...9c-b84e-33fef62e99e9-1-16 |  1272000 |   370000 |   492982864 |  16030213863 |         0 |      0 |  1084163830 |      0 |      0 |         0 
 51809 Thread 74 - PartitionProcessorThre...9c-b84e-33fef62e99e9-1-17 |  1201000 |   438000 |   491806938 |  16001970371 |         0 |      0 |  1182883040 |      0 |      0 |         0 
 51810 Thread 75 - PartitionProcessorThre...9c-b84e-33fef62e99e9-1-18 |  1193000 |   411000 |   480872286 |  15659512105 |         0 |      0 |  1064442344 |      0 |      0 |         0 
 51811 Thread 76 - PartitionProcessorThre...9c-b84e-33fef62e99e9-1-19 |  1221000 |   445000 |   499025387 |  16264653066 |         0 |      0 |  1175996921 |      0 |      0 |         0 
 52347 Thread 77 - process reaper                                     |        0 |        0 |           0 |            0 |         0 |      0 |           0 |      0 |      0 |         0 
 52353 Thread 78 - Attach Listener                                    |   455000 |    88000 |   164133971 |   5308594862 |   4931584 | 235520 |     1396608 |      0 |      0 |         0 
