                                 Task                                 |  utime   |  stime   |     rss     |     vmem     |   read    | write  |    d:cpu    |  d:bio   | d:swap | d:reclaim 
 52978 Thread 1 - main                                                |   842000 |   133000 |    63798232 |   7490252717 |  34258944 |   1024 |     8183088 |        0 |      0 |         0 
 53000 Thread 2 - Reference Handler                                   |     9000 |        0 |     1057285 |     74120964 |         0 |      0 |      115865 |        0 |      0 |         0 
 53001 Thread 3 - Finalizer                                           |     5000 |     1000 |      552988 |     47578593 |      5120 |      0 |     1143265 |        0 |      0 |         0 
 53002 Thread 4 - Surrogate Locker Thread (Concurrent GC)             |     1000 |        0 |      102656 |      7966285 |         0 |      0 |       11346 |        0 |      0 |         0 
 53003 Thread 5 - Signal Dispatcher                                   |        0 |        0 |           0 |            0 |         0 |      0 |        4109 |        0 |      0 |         0 
 53012 Thread 12 - RMI Scheduler(0)                                   |     2000 |        0 |      581972 |     19515046 |      4096 |      0 |       97276 |        0 |      0 |         0 
 53013 Thread 13 - RMI RenewClean-[10.231.182.152:41435]              |     1000 |        0 |       81589 |      7893246 |      1024 |      0 |           0 |        0 |      0 |         0 
 53014 Thread 14 - GC Daemon                                          |        0 |        0 |           0 |            0 |         0 |      0 |           0 |        0 |      0 |         0 
 53016 Thread 15 - DecatonSubscriptionThread-decaton-benchmark        | 30800000 | 34030000 | 18713391955 | 631839043710 | 624647168 | 128000 | 19886940469 |   122051 |      0 |         0 
 53018 Thread 16 - kafka-coordinator-hear...hread | decaton-benchmark |   214000 |    37000 |    71170776 |   2441815421 |   6319104 |   4096 |    22628624 |   198520 |      0 |         0 
 53024 Thread 17 - PartitionProcessorThre...1b9-a652-d87819d1be53-0-0 |  1496000 |   433000 |   555439098 |  18806171578 |     34816 |      0 |  1502889494 |        0 |      0 |         0 
 53025 Thread 18 - PartitionProcessorThre...1b9-a652-d87819d1be53-0-1 |  1419000 |   527000 |   562761269 |  18986781547 |      6144 |      0 |  1677564273 |        0 |      0 |         0 
 53027 Thread 19 - PartitionProcessorThre...1b9-a652-d87819d1be53-0-2 |  1388000 |   448000 |   529128289 |  17905159243 |         0 |      0 |  1477862971 |        0 |      0 |         0 
 53028 Thread 20 - PartitionProcessorThre...1b9-a652-d87819d1be53-0-3 |  1425000 |   450000 |   539682320 |  18288801078 |         0 |      0 |  1592678796 |        0 |      0 |         0 
 53029 Thread 21 - PartitionProcessorThre...1b9-a652-d87819d1be53-0-4 |  1432000 |   487000 |   553337152 |  18720859262 |         0 |      0 |  1604668281 |        0 |      0 |         0 
 53030 Thread 22 - PartitionProcessorThre...1b9-a652-d87819d1be53-0-5 |  1403000 |   441000 |   532136805 |  17992770121 |         0 |      0 |  1439957022 |        0 |      0 |         0 
 53031 Thread 23 - PartitionProcessorThre...1b9-a652-d87819d1be53-0-6 |  1379000 |   481000 |   535615043 |  18146912973 |         0 |      0 |  1521865459 |        0 |      0 |         0 
 53032 Thread 24 - PartitionProcessorThre...1b9-a652-d87819d1be53-0-7 |  1371000 |   504000 |   542040480 |  18295255930 |         0 |      0 |  1630130438 |        0 |      0 |         0 
 53033 Thread 25 - PartitionProcessorThre...1b9-a652-d87819d1be53-0-8 |  1389000 |   485000 |   540483297 |  18286121395 |         0 |      0 |  1530593770 |        0 |      0 |         0 
 53034 Thread 26 - PartitionProcessorThre...1b9-a652-d87819d1be53-0-9 |  1285000 |   436000 |   497341496 |  16794644852 |         0 |      0 |  1435255580 |        0 |      0 |         0 
 53035 Thread 27 - PartitionProcessorThre...b9-a652-d87819d1be53-0-10 |  1376000 |   468000 |   533580238 |  17995329207 |         0 |      0 |  1479157676 | 19206066 |      0 |         0 
 53036 Thread 28 - PartitionProcessorThre...b9-a652-d87819d1be53-0-11 |  1392000 |   475000 |   539492051 |  18217522418 |         0 |      0 |  1546723879 |        0 |      0 |         0 
 53037 Thread 29 - PartitionProcessorThre...b9-a652-d87819d1be53-0-12 |  1447000 |   439000 |   544656484 |  18403761094 |         0 |      0 |  1669896821 |        0 |      0 |         0 
 53038 Thread 30 - PartitionProcessorThre...b9-a652-d87819d1be53-0-13 |  1397000 |   439000 |   530182063 |  17915502032 |         0 |      0 |  1574797496 |        0 |      0 |         0 
 53039 Thread 31 - PartitionProcessorThre...b9-a652-d87819d1be53-0-14 |  1365000 |   482000 |   533867816 |  18023539844 |         0 |      0 |  1580010841 |        0 |      0 |         0 
 53040 Thread 32 - PartitionProcessorThre...b9-a652-d87819d1be53-0-15 |  1348000 |   512000 |   536717598 |  18148202668 |         0 |      0 |  1512958169 |        0 |      0 |         0 
 53041 Thread 33 - PartitionProcessorThre...b9-a652-d87819d1be53-0-16 |  1381000 |   480000 |   536052730 |  18156229434 |         0 |      0 |  1376230690 |        0 |      0 |         0 
 53042 Thread 34 - PartitionProcessorThre...b9-a652-d87819d1be53-0-17 |  1397000 |   430000 |   526697410 |  17826094743 |         0 |      0 |  1281131923 |        0 |      0 |         0 
 53043 Thread 35 - PartitionProcessorThre...b9-a652-d87819d1be53-0-18 |  1355000 |   476000 |   527766711 |  17864736934 |         0 |      0 |  1320738286 |        0 |      0 |         0 
 53044 Thread 36 - PartitionProcessorThre...b9-a652-d87819d1be53-0-19 |  1369000 |   470000 |   530993664 |  17945477426 |         0 |      0 |  1585335025 |        0 |      0 |         0 
 53045 Thread 37 - PartitionProcessorThre...1b9-a652-d87819d1be53-1-0 |  1363000 |   470000 |   530454141 |  17891481473 |      1024 |      0 |  1634765900 |        0 |      0 |         0 
 53046 Thread 38 - PartitionProcessorThre...1b9-a652-d87819d1be53-1-1 |  1381000 |   472000 |   536469117 |  18087132590 |         0 |      0 |  1431254122 |        0 |      0 |         0 
 53047 Thread 39 - PartitionProcessorThre...1b9-a652-d87819d1be53-1-2 |  1431000 |   445000 |   543512195 |  18310929418 |         0 |      0 |  1720491134 |        0 |      0 |         0 
 53048 Thread 40 - PartitionProcessorThre...1b9-a652-d87819d1be53-1-3 |  1317000 |   472000 |   518299797 |  17461982016 |         0 |      0 |  1561444046 |        0 |      0 |         0 
 53049 Thread 41 - PartitionProcessorThre...1b9-a652-d87819d1be53-1-4 |  1338000 |   472000 |   523779992 |  17666565692 |         0 |      0 |  1671216880 |        0 |      0 |         0 
 53050 Thread 42 - PartitionProcessorThre...1b9-a652-d87819d1be53-1-5 |  1353000 |   448000 |   520571129 |  17579398965 |         0 |      0 |  1483138187 |        0 |      0 |         0 
 53051 Thread 43 - PartitionProcessorThre...1b9-a652-d87819d1be53-1-6 |  1352000 |   491000 |   534345680 |  17989451317 |         0 |      0 |  1377345590 |        0 |      0 |         0 
 53052 Thread 44 - PartitionProcessorThre...1b9-a652-d87819d1be53-1-7 |  1392000 |   456000 |   533878133 |  18037244559 |         0 |      0 |  1583273913 |        0 |      0 |         0 
 53053 Thread 45 - PartitionProcessorThre...1b9-a652-d87819d1be53-1-8 |  1392000 |   534000 |   558024742 |  18798899852 |      1024 |      0 |  1644738567 |        0 |      0 |         0 
 53054 Thread 46 - PartitionProcessorThre...1b9-a652-d87819d1be53-1-9 |  1455000 |   498000 |   564600269 |  19061824586 |         0 |      0 |  1592113052 |        0 |      0 |         0 
 53055 Thread 47 - PartitionProcessorThre...b9-a652-d87819d1be53-1-10 |  1350000 |   432000 |   515971762 |  17393388559 |         0 |      0 |  1672135384 |        0 |      0 |         0 
 53056 Thread 48 - PartitionProcessorThre...b9-a652-d87819d1be53-1-11 |  1314000 |   454000 |   511337867 |  17256599825 |         0 |      0 |  1549187804 |        0 |      0 |         0 
 53057 Thread 49 - PartitionProcessorThre...b9-a652-d87819d1be53-1-12 |  1276000 |   449000 |   498575508 |  16837194754 |         0 |      0 |  1260864674 |        0 |      0 |         0 
 53058 Thread 50 - PartitionProcessorThre...b9-a652-d87819d1be53-1-13 |  1328000 |   476000 |   522635262 |  17607804387 |         0 |      0 |  1407021811 |        0 |      0 |         0 
 53059 Thread 51 - PartitionProcessorThre...b9-a652-d87819d1be53-1-14 |  1445000 |   459000 |   552143043 |  18585021457 |      1024 |      0 |  1561344918 |        0 |      0 |         0 
 53060 Thread 52 - PartitionProcessorThre...b9-a652-d87819d1be53-1-15 |  1296000 |   469000 |   511899383 |  17228183981 |         0 |      0 |  1630457052 |        0 |      0 |         0 
 53061 Thread 53 - PartitionProcessorThre...b9-a652-d87819d1be53-1-16 |  1375000 |   460000 |   531154789 |  17910570700 |         0 |      0 |  1704841080 |        0 |      0 |         0 
 53062 Thread 54 - PartitionProcessorThre...b9-a652-d87819d1be53-1-17 |  1316000 |   535000 |   535946527 |  18067741051 |         0 |      0 |  1681738596 |        0 |      0 |         0 
 53063 Thread 55 - PartitionProcessorThre...b9-a652-d87819d1be53-1-18 |  1359000 |   518000 |   543439769 |  18321123610 |         0 |      0 |  1644040681 |        0 |      0 |         0 
 53064 Thread 56 - PartitionProcessorThre...b9-a652-d87819d1be53-1-19 |  1349000 |   489000 |   531995102 |  17940153129 |         0 |      0 |  1523791572 |        0 |      0 |         0 
 53065 Thread 57 - PartitionProcessorThre...1b9-a652-d87819d1be53-2-0 |  1372000 |   500000 |   542562465 |  18272357270 |         0 |      0 |  1564096923 |        0 |      0 |         0 
 53066 Thread 58 - PartitionProcessorThre...1b9-a652-d87819d1be53-2-1 |  1341000 |   423000 |   509471391 |  17217702043 |         0 |      0 |  1448662911 |        0 |      0 |         0 
 53067 Thread 59 - PartitionProcessorThre...1b9-a652-d87819d1be53-2-2 |  1419000 |   427000 |   535090539 |  18018255918 |         0 |      0 |  1396868657 |        0 |      0 |         0 
 53068 Thread 60 - PartitionProcessorThre...1b9-a652-d87819d1be53-2-3 |  1430000 |   494000 |   556891480 |  18779295410 |         0 |      0 |  1435661104 |        0 |      0 |         0 
 53069 Thread 61 - PartitionProcessorThre...1b9-a652-d87819d1be53-2-4 |  1375000 |   432000 |   522007984 |  17637244340 |         0 |      0 |  1671872923 |        0 |      0 |         0 
 53070 Thread 62 - PartitionProcessorThre...1b9-a652-d87819d1be53-2-5 |  1252000 |   501000 |   506843746 |  17111180645 |         0 |      0 |  1607618243 |        0 |      0 |         0 
 53071 Thread 63 - PartitionProcessorThre...1b9-a652-d87819d1be53-2-6 |  1359000 |   442000 |   522299781 |  17579903375 |         0 |      0 |  1513956866 |        0 |      0 |         0 
 53072 Thread 64 - PartitionProcessorThre...1b9-a652-d87819d1be53-2-7 |  1372000 |   459000 |   530632102 |  17871830645 |         0 |      0 |  1572344994 |        0 |      0 |         0 
 53073 Thread 65 - PartitionProcessorThre...1b9-a652-d87819d1be53-2-8 |  1333000 |   453000 |   517153832 |  17433408653 |         0 |      0 |  1674470014 |        0 |      0 |         0 
 53074 Thread 66 - PartitionProcessorThre...1b9-a652-d87819d1be53-2-9 |  1315000 |   426000 |   503114047 |  16993279004 |         0 |      0 |  1531284496 |        0 |      0 |         0 
 53075 Thread 67 - PartitionProcessorThre...b9-a652-d87819d1be53-2-10 |  1370000 |   453000 |   526048434 |  17793513743 |         0 |      0 |  1649164207 |        0 |      0 |         0 
 53076 Thread 68 - PartitionProcessorThre...b9-a652-d87819d1be53-2-11 |  1393000 |   467000 |   537519524 |  18154954879 |         0 |      0 |  1644342657 |        0 |      0 |         0 
 53077 Thread 69 - PartitionProcessorThre...b9-a652-d87819d1be53-2-12 |  1271000 |   468000 |   504543278 |  16974633848 |         0 |      0 |  1498305534 |        0 |      0 |         0 
 53078 Thread 70 - PartitionProcessorThre...b9-a652-d87819d1be53-2-13 |  1258000 |   464000 |   497467078 |  16808320001 |         0 |      0 |  1723834353 |        0 |      0 |         0 
 53079 Thread 71 - PartitionProcessorThre...b9-a652-d87819d1be53-2-14 |  1430000 |   511000 |   561617344 |  18946219395 |         0 |      0 |  1672289954 |        0 |      0 |         0 
 53080 Thread 72 - PartitionProcessorThre...b9-a652-d87819d1be53-2-15 |  1331000 |   466000 |   521051391 |  17539945989 |         0 |      0 |  1360428329 |        0 |      0 |         0 
 53081 Thread 73 - PartitionProcessorThre...b9-a652-d87819d1be53-2-16 |  1328000 |   470000 |   521751606 |  17550175692 |         0 |      0 |  1609732909 |        0 |      0 |         0 
 53082 Thread 74 - PartitionProcessorThre...b9-a652-d87819d1be53-2-17 |  1353000 |   461000 |   526075977 |  17705671848 |         0 |      0 |  1431284686 |        0 |      0 |         0 
 53083 Thread 75 - PartitionProcessorThre...b9-a652-d87819d1be53-2-18 |  1323000 |   471000 |   517661164 |  17510864700 |         0 |      0 |  1522180507 |        0 |      0 |         0 
 53084 Thread 76 - PartitionProcessorThre...b9-a652-d87819d1be53-2-19 |  1328000 |   468000 |   520305360 |  17530067637 |         0 |      0 |  1563378417 |        0 |      0 |         0 
 53531 Thread 77 - process reaper                                     |     1000 |        0 |      303414 |      9787953 |         0 |      0 |        1376 |        0 |      0 |         0 
 53536 Thread 78 - Attach Listener                                    |   423000 |   101000 |   154282870 |   5122040136 |   5144576 | 216064 |     1255150 |        0 |      0 |         0 
