                                 Task                                  |  utime   |  stime   |     rss     |     vmem     |   read    | write  |    d:cpu    | d:bio  | d:swap | d:reclaim 
 119730 Thread 1 - main                                                |   880000 |   165000 |    70048244 |   8019388623 |  34339840 |   1024 |     6784855 |      0 |      0 |         0 
 119752 Thread 2 - Reference Handler                                   |     6000 |        0 |      618843 |     48734402 |         0 |      0 |      492522 |      0 |      0 |         0 
 119753 Thread 3 - Finalizer                                           |     6000 |     1000 |      621242 |     55517332 |      5120 |      0 |      375879 |      0 |      0 |         0 
 119754 Thread 4 - Surrogate Locker Thread (Concurrent GC)             |        0 |        0 |           0 |            0 |         0 |      0 |        4471 |      0 |      0 |         0 
 119755 Thread 5 - Signal Dispatcher                                   |        0 |     1000 |      299445 |      9759761 |         0 |      0 |           0 |      0 |      0 |         0 
 119763 Thread 12 - RMI Scheduler(0)                                   |     3000 |     1000 |      973210 |     37035871 |      4096 |      0 |        9011 |      0 |      0 |         0 
 119764 Thread 13 - RMI RenewClean-[10.231.182.152:37124]              |     1000 |     1000 |      165933 |     15721519 |      1024 |      0 |           0 |      0 |      0 |         0 
 119765 Thread 14 - GC Daemon                                          |        0 |        0 |           0 |            0 |         0 |      0 |           0 |      0 |      0 |         0 
 119767 Thread 15 - DecatonSubscriptionThread-decaton-benchmark        | 29106000 | 40085000 | 20389988930 | 674344733496 | 623135744 | 126976 | 22193686206 | 189569 |      0 |         0 
 119772 Thread 16 - kafka-coordinator-hear...hread | decaton-benchmark |   212000 |    43000 |    73509921 |   2479722932 |   7818240 |   5120 |    25141143 | 184597 |      0 |         0 
 119775 Thread 17 - PartitionProcessorThre...a83-a56e-dd781c873a25-0-0 |  1374000 |   478000 |   539614922 |  18042330191 |     35840 |      0 |  1158682812 |      0 |      0 |         0 
 119776 Thread 18 - PartitionProcessorThre...a83-a56e-dd781c873a25-0-1 |  1461000 |   482000 |   566848125 |  18938050523 |         0 |      0 |  1290129138 |      0 |      0 |         0 
 119777 Thread 19 - PartitionProcessorThre...a83-a56e-dd781c873a25-0-2 |  1430000 |   462000 |   550743312 |  18438855878 |      7168 |      0 |  1357259206 |      0 |      0 |         0 
 119778 Thread 20 - PartitionProcessorThre...a83-a56e-dd781c873a25-0-3 |  1327000 |   485000 |   530459094 |  17667053484 |         0 |      0 |  1241484708 |      0 |      0 |         0 
 119779 Thread 21 - PartitionProcessorThre...a83-a56e-dd781c873a25-0-4 |  1502000 |   503000 |   586598496 |  19552081870 |      1024 |      0 |  1469022980 |      0 |      0 |         0 
 119780 Thread 22 - PartitionProcessorThre...a83-a56e-dd781c873a25-0-5 |  1401000 |   511000 |   561020898 |  18648253917 |         0 |      0 |  1480565562 |      0 |      0 |         0 
 119781 Thread 23 - PartitionProcessorThre...a83-a56e-dd781c873a25-0-6 |  1423000 |   499000 |   561540805 |  18740622909 |      1024 |      0 |  1448726731 |      0 |      0 |         0 
 119782 Thread 24 - PartitionProcessorThre...a83-a56e-dd781c873a25-0-7 |  1464000 |   472000 |   567345355 |  18879608757 |         0 |      0 |  1458347893 |      0 |      0 |         0 
 119783 Thread 25 - PartitionProcessorThre...a83-a56e-dd781c873a25-0-8 |  1373000 |   515000 |   551986879 |  18407370640 |         0 |      0 |  1496610400 |      0 |      0 |         0 
 119784 Thread 26 - PartitionProcessorThre...a83-a56e-dd781c873a25-0-9 |  1377000 |   500000 |   551447828 |  18308468179 |         0 |      0 |  1494570489 |      0 |      0 |         0 
 119785 Thread 27 - PartitionProcessorThre...83-a56e-dd781c873a25-0-10 |  1417000 |   475000 |   553177195 |  18448210808 |         0 |      0 |  1398979141 |      0 |      0 |         0 
 119786 Thread 28 - PartitionProcessorThre...83-a56e-dd781c873a25-0-11 |  1468000 |   504000 |   574223086 |  19223535245 |         0 |      0 |  1420084316 |      0 |      0 |         0 
 119787 Thread 29 - PartitionProcessorThre...83-a56e-dd781c873a25-0-12 |  1381000 |   483000 |   545031016 |  18174854120 |         0 |      0 |  1414505260 |      0 |      0 |         0 
 119788 Thread 30 - PartitionProcessorThre...83-a56e-dd781c873a25-0-13 |  1372000 |   481000 |   541806781 |  18067348058 |         0 |      0 |  1343485693 |      0 |      0 |         0 
 119789 Thread 31 - PartitionProcessorThre...83-a56e-dd781c873a25-0-14 |  1466000 |   458000 |   561359660 |  18758311448 |         0 |      0 |  1442555658 |      0 |      0 |         0 
 119790 Thread 32 - PartitionProcessorThre...83-a56e-dd781c873a25-0-15 |  1397000 |   505000 |   556471602 |  18546290159 |         0 |      0 |  1416236973 |      0 |      0 |         0 
 119791 Thread 33 - PartitionProcessorThre...83-a56e-dd781c873a25-0-16 |  1409000 |   480000 |   552546715 |  18418659753 |         0 |      0 |  1221701351 |      0 |      0 |         0 
 119792 Thread 34 - PartitionProcessorThre...83-a56e-dd781c873a25-0-17 |  1386000 |   532000 |   560325781 |  18703048870 |         0 |      0 |  1187069558 |      0 |      0 |         0 
 119793 Thread 35 - PartitionProcessorThre...83-a56e-dd781c873a25-0-18 |  1368000 |   502000 |   546040457 |  18235420503 |         0 |      0 |  1487123737 |      0 |      0 |         0 
 119794 Thread 36 - PartitionProcessorThre...83-a56e-dd781c873a25-0-19 |  1409000 |   475000 |   552124051 |  18374708995 |         0 |      0 |  1488288797 |      0 |      0 |         0 
 119795 Thread 37 - PartitionProcessorThre...a83-a56e-dd781c873a25-1-0 |  1451000 |   502000 |   576691851 |  19061903683 |         0 |      0 |  1333704737 |      0 |      0 |         0 
 119796 Thread 38 - PartitionProcessorThre...a83-a56e-dd781c873a25-1-1 |  1384000 |   501000 |   556647973 |  18398045702 |         0 |      0 |  1541446194 |      0 |      0 |         0 
 119797 Thread 39 - PartitionProcessorThre...a83-a56e-dd781c873a25-1-2 |  1350000 |   480000 |   541280926 |  17863035269 |         0 |      0 |  1410446087 |      0 |      0 |         0 
 119798 Thread 40 - PartitionProcessorThre...a83-a56e-dd781c873a25-1-3 |  1333000 |   462000 |   532020391 |  17521569261 |         0 |      0 |  1350677381 |      0 |      0 |         0 
 119799 Thread 41 - PartitionProcessorThre...a83-a56e-dd781c873a25-1-4 |  1312000 |   465000 |   524995141 |  17344663081 |         0 |      0 |  1373060748 |      0 |      0 |         0 
 119800 Thread 42 - PartitionProcessorThre...a83-a56e-dd781c873a25-1-5 |  1344000 |   466000 |   534536371 |  17666702027 |         0 |      0 |  1137893847 |      0 |      0 |         0 
 119802 Thread 43 - PartitionProcessorThre...a83-a56e-dd781c873a25-1-6 |  1309000 |   559000 |   553616394 |  18233935277 |         0 |      0 |  1316499021 |      0 |      0 |         0 
 119803 Thread 44 - PartitionProcessorThre...a83-a56e-dd781c873a25-1-7 |  1333000 |   472000 |   533958891 |  17617950390 |         0 |      0 |  1528473487 |      0 |      0 |         0 
 119804 Thread 45 - PartitionProcessorThre...a83-a56e-dd781c873a25-1-8 |  1373000 |   481000 |   548418164 |  18096374890 |         0 |      0 |  1589535102 |      0 |      0 |         0 
 119805 Thread 46 - PartitionProcessorThre...a83-a56e-dd781c873a25-1-9 |  1362000 |   486000 |   546334902 |  18037368800 |         0 |      0 |  1381420939 |      0 |      0 |         0 
 119806 Thread 47 - PartitionProcessorThre...83-a56e-dd781c873a25-1-10 |  1312000 |   503000 |   537156988 |  17715622484 |         0 |      0 |  1372291775 |      0 |      0 |         0 
 119807 Thread 48 - PartitionProcessorThre...83-a56e-dd781c873a25-1-11 |  1329000 |   466000 |   530602192 |  17520790761 |         0 |      0 |  1160340342 |      0 |      0 |         0 
 119808 Thread 49 - PartitionProcessorThre...83-a56e-dd781c873a25-1-12 |  1358000 |   497000 |   547769867 |  18107000339 |         0 |      0 |  1334370292 |      0 |      0 |         0 
 119809 Thread 50 - PartitionProcessorThre...83-a56e-dd781c873a25-1-13 |  1341000 |   459000 |   532071528 |  17568774449 |         0 |      0 |  1192311968 |      0 |      0 |         0 
 119810 Thread 51 - PartitionProcessorThre...83-a56e-dd781c873a25-1-14 |  1347000 |   459000 |   534073641 |  17627698894 |         0 |      0 |  1139163790 |      0 |      0 |         0 
 119811 Thread 52 - PartitionProcessorThre...83-a56e-dd781c873a25-1-15 |  1396000 |   463000 |   549191219 |  18144683800 |         0 |      0 |  1301752080 |      0 |      0 |         0 
 119812 Thread 53 - PartitionProcessorThre...83-a56e-dd781c873a25-1-16 |  1407000 |   491000 |   561642957 |  18526873089 |         0 |      0 |  1300619322 |      0 |      0 |         0 
 119813 Thread 54 - PartitionProcessorThre...83-a56e-dd781c873a25-1-17 |  1397000 |   524000 |   568442898 |  18750599816 |         0 |      0 |  1409679170 |      0 |      0 |         0 
 119814 Thread 55 - PartitionProcessorThre...83-a56e-dd781c873a25-1-18 |  1331000 |   501000 |   541192469 |  17882595933 |         0 |      0 |  1410568636 |      0 |      0 |         0 
 119815 Thread 56 - PartitionProcessorThre...83-a56e-dd781c873a25-1-19 |  1356000 |   449000 |   534527832 |  17618917605 |         0 |      0 |  1411080904 |      0 |      0 |         0 
 119816 Thread 57 - PartitionProcessorThre...a83-a56e-dd781c873a25-2-0 |  1315000 |   456000 |   524844907 |  17287509550 |         0 |      0 |  1321090387 |      0 |      0 |         0 
 119817 Thread 58 - PartitionProcessorThre...a83-a56e-dd781c873a25-2-1 |  1320000 |   488000 |   535302317 |  17647807855 |         0 |      0 |  1305662524 |      0 |      0 |         0 
 119818 Thread 59 - PartitionProcessorThre...a83-a56e-dd781c873a25-2-2 |  1429000 |   496000 |   569665633 |  18789938089 |         0 |      0 |  1268847742 |      0 |      0 |         0 
 119819 Thread 60 - PartitionProcessorThre...a83-a56e-dd781c873a25-2-3 |  1377000 |   516000 |   561974680 |  18477563995 |         0 |      0 |  1255862904 |      0 |      0 |         0 
 119820 Thread 61 - PartitionProcessorThre...a83-a56e-dd781c873a25-2-4 |  1309000 |   471000 |   526882758 |  17375480406 |         0 |      0 |  1338146517 |      0 |      0 |         0 
 119821 Thread 62 - PartitionProcessorThre...a83-a56e-dd781c873a25-2-5 |  1318000 |   478000 |   531597293 |  17531215550 |         0 |      0 |  1416262595 |      0 |      0 |         0 
 119822 Thread 63 - PartitionProcessorThre...a83-a56e-dd781c873a25-2-6 |  1327000 |   447000 |   525454032 |  17316881800 |         0 |      0 |  1221934185 |      0 |      0 |         0 
 119823 Thread 64 - PartitionProcessorThre...a83-a56e-dd781c873a25-2-7 |  1376000 |   462000 |   543944633 |  17940367972 |         0 |      0 |  1208426572 |      0 |      0 |         0 
 119824 Thread 65 - PartitionProcessorThre...a83-a56e-dd781c873a25-2-8 |  1372000 |   467000 |   544364442 |  17950191933 |         0 |      0 |  1324902161 |      0 |      0 |         0 
 119825 Thread 66 - PartitionProcessorThre...a83-a56e-dd781c873a25-2-9 |  1333000 |   420000 |   519972383 |  17111169390 |         0 |      0 |  1357078502 |      0 |      0 |         0 
 119826 Thread 67 - PartitionProcessorThre...83-a56e-dd781c873a25-2-10 |  1413000 |   488000 |   562262309 |  18556480765 |         0 |      0 |  1493857339 |      0 |      0 |         0 
 119827 Thread 68 - PartitionProcessorThre...83-a56e-dd781c873a25-2-11 |  1417000 |   543000 |   579625687 |  19131710616 |         0 |      0 |  1521551644 |      0 |      0 |         0 
 119828 Thread 69 - PartitionProcessorThre...83-a56e-dd781c873a25-2-12 |  1395000 |   498000 |   562423473 |  18478221187 |         0 |      0 |  1409113770 |      0 |      0 |         0 
 119829 Thread 70 - PartitionProcessorThre...83-a56e-dd781c873a25-2-13 |  1368000 |   445000 |   536774129 |  17696690163 |         0 |      0 |  1407200031 |      0 |      0 |         0 
 119830 Thread 71 - PartitionProcessorThre...83-a56e-dd781c873a25-2-14 |  1361000 |   486000 |   547718481 |  18029381417 |         0 |      0 |  1302897039 |      0 |      0 |         0 
 119831 Thread 72 - PartitionProcessorThre...83-a56e-dd781c873a25-2-15 |  1427000 |   506000 |   572461977 |  18868428136 |         0 |      0 |  1361770590 |      0 |      0 |         0 
 119832 Thread 73 - PartitionProcessorThre...83-a56e-dd781c873a25-2-16 |  1373000 |   502000 |   555734098 |  18303024253 |         0 |      0 |  1538013957 |      0 |      0 |         0 
 119833 Thread 74 - PartitionProcessorThre...83-a56e-dd781c873a25-2-17 |  1356000 |   496000 |   549335692 |  18078301956 |         0 |      0 |  1539438703 |      0 |      0 |         0 
 119834 Thread 75 - PartitionProcessorThre...83-a56e-dd781c873a25-2-18 |  1332000 |   505000 |   544996625 |  17931175019 |         0 |      0 |  1301121522 |      0 |      0 |         0 
 119835 Thread 76 - PartitionProcessorThre...83-a56e-dd781c873a25-2-19 |  1279000 |   481000 |   521072934 |  17179711667 |         0 |      0 |  1534890423 |      0 |      0 |         0 
 120300 Thread 77 - process reaper                                     |     2000 |     2000 |     1217117 |     39130449 |         0 |      0 |       71246 |      0 |      0 |         0 
 120305 Thread 78 - Attach Listener                                    |   437000 |    95000 |   160319189 |   5201295635 |   4931584 | 185344 |     1699454 |      0 |      0 |         0 
