                                 Task                                 |  utime   |  stime   |     rss     |     vmem     |   read    | write  |    d:cpu    | d:bio  | d:swap | d:reclaim 
 47747 Thread 1 - main                                                |   578000 |   100000 |    42172330 |   5141869733 |  21055488 |   1024 |     3284827 |      0 |      0 |         0 
 47769 Thread 2 - Reference Handler                                   |     4000 |        0 |      375046 |     30932289 |         0 |      0 |       45526 |      0 |      0 |         0 
 47770 Thread 3 - Finalizer                                           |     7000 |        0 |      577910 |     53390546 |      5120 |      0 |     1868355 |      0 |      0 |         0 
 47771 Thread 4 - Surrogate Locker Thread (Concurrent GC)             |        0 |     1000 |       30339 |      7228289 |         0 |      0 |        2317 |      0 |      0 |         0 
 47772 Thread 5 - Signal Dispatcher                                   |        0 |        0 |           0 |            0 |         0 |      0 |           0 |      0 |      0 |         0 
 47782 Thread 11 - DecatonSubscriptionThread-decaton-benchmark        | 26793000 | 29559000 | 16635510945 | 548466317181 | 585640960 | 130048 | 17430426989 |  97759 |      0 |         0 
 47793 Thread 13 - kafka-coordinator-hear...hread | decaton-benchmark |   166000 |    55000 |    65148620 |   2152507636 |   6221824 |   4096 |    20614368 | 632152 |      0 |         0 
 47796 Thread 14 - PartitionProcessorThre...2ab-98c2-4c52832f1e7d-0-0 |  1203000 |   425000 |   476013942 |  15855994242 |     36864 |      0 |  1406352069 |      0 |      0 |         0 
 47797 Thread 15 - PartitionProcessorThre...2ab-98c2-4c52832f1e7d-0-1 |  1156000 |   403000 |   458849450 |  15200786269 |      3072 |      0 |  1422208355 |      0 |      0 |         0 
 47798 Thread 16 - PartitionProcessorThre...2ab-98c2-4c52832f1e7d-0-2 |  1161000 |   392000 |   456517489 |  15141768128 |         0 |      0 |  1365312249 |      0 |      0 |         0 
 47799 Thread 17 - PartitionProcessorThre...2ab-98c2-4c52832f1e7d-0-3 |  1221000 |   441000 |   488031661 |  16198933531 |    118784 |      0 |  1334031769 |      0 |      0 |         0 
 47800 Thread 18 - PartitionProcessorThre...2ab-98c2-4c52832f1e7d-0-4 |  1183000 |   400000 |   467363353 |  15442844562 |      1024 |      0 |  1114929575 |      0 |      0 |         0 
 47801 Thread 19 - PartitionProcessorThre...2ab-98c2-4c52832f1e7d-0-5 |  1241000 |   440000 |   495463669 |  16397344089 |         0 |      0 |  1475942797 |      0 |      0 |         0 
 47802 Thread 20 - PartitionProcessorThre...2ab-98c2-4c52832f1e7d-0-6 |  1169000 |   372000 |   452331681 |  15029984953 |         0 |      0 |  1592435410 |      0 |      0 |         0 
 47803 Thread 21 - PartitionProcessorThre...2ab-98c2-4c52832f1e7d-0-7 |  1155000 |   413000 |   462078638 |  15296672253 |         0 |      0 |  1306710124 |      0 |      0 |         0 
 47804 Thread 22 - PartitionProcessorThre...2ab-98c2-4c52832f1e7d-0-8 |  1210000 |   425000 |   480422001 |  15947009355 |         0 |      0 |  1300954544 |      0 |      0 |         0 
 47805 Thread 23 - PartitionProcessorThre...2ab-98c2-4c52832f1e7d-0-9 |  1132000 |   389000 |   448261290 |  14836710312 |         0 |      0 |  1585361073 |      0 |      0 |         0 
 47806 Thread 24 - PartitionProcessorThre...ab-98c2-4c52832f1e7d-0-10 |  1166000 |   390000 |   457586458 |  15174319511 |     40960 |      0 |  1483615097 |      0 |      0 |         0 
 47807 Thread 25 - PartitionProcessorThre...ab-98c2-4c52832f1e7d-0-11 |  1210000 |   416000 |   478757743 |  15860753476 |         0 |      0 |  1513790499 |      0 |      0 |         0 
 47808 Thread 26 - PartitionProcessorThre...ab-98c2-4c52832f1e7d-0-12 |  1162000 |   484000 |   486217372 |  16054593261 |         0 |      0 |  1545082580 |      0 |      0 |         0 
 47809 Thread 27 - PartitionProcessorThre...ab-98c2-4c52832f1e7d-0-13 |  1209000 |   415000 |   477223728 |  15839788097 |         0 |      0 |  1440009648 |      0 |      0 |         0 
 47810 Thread 28 - PartitionProcessorThre...ab-98c2-4c52832f1e7d-0-14 |  1218000 |   387000 |   471960528 |  15656214804 |         0 |      0 |  1219753067 |      0 |      0 |         0 
 47811 Thread 29 - PartitionProcessorThre...ab-98c2-4c52832f1e7d-0-15 |  1159000 |   434000 |   466944368 |  15536223277 |      1024 |      0 |  1485267865 |      0 |      0 |         0 
 47812 Thread 30 - PartitionProcessorThre...ab-98c2-4c52832f1e7d-0-16 |  1156000 |   371000 |   447115247 |  14892434148 |         0 |      0 |  1392181058 |      0 |      0 |         0 
 47813 Thread 31 - PartitionProcessorThre...ab-98c2-4c52832f1e7d-0-17 |  1188000 |   370000 |   458573083 |  15197757207 |         0 |      0 |  1411309445 |      0 |      0 |         0 
 47814 Thread 32 - PartitionProcessorThre...ab-98c2-4c52832f1e7d-0-18 |  1219000 |   392000 |   475453677 |  15714197300 |         0 |      0 |  1378837912 |      0 |      0 |         0 
 47815 Thread 33 - PartitionProcessorThre...ab-98c2-4c52832f1e7d-0-19 |  1225000 |   434000 |   487942286 |  16182923976 |         0 |      0 |  1274744809 |      0 |      0 |         0 
 47816 Thread 34 - PartitionProcessorThre...2ab-98c2-4c52832f1e7d-2-0 |  1191000 |   408000 |   477096294 |  15598621574 |         0 |      0 |  1287536496 |      0 |      0 |         0 
 47817 Thread 35 - PartitionProcessorThre...2ab-98c2-4c52832f1e7d-2-1 |  1164000 |   421000 |   473260024 |  15462649687 |         0 |      0 |  1422215513 |      0 |      0 |         0 
 47818 Thread 36 - PartitionProcessorThre...2ab-98c2-4c52832f1e7d-2-2 |  1131000 |   372000 |   447764040 |  14661632496 |         0 |      0 |  1468244450 |      0 |      0 |         0 
 47819 Thread 37 - PartitionProcessorThre...2ab-98c2-4c52832f1e7d-2-3 |  1087000 |   421000 |   449031036 |  14710687933 |         0 |      0 |  1390788461 |      0 |      0 |         0 
 47820 Thread 38 - PartitionProcessorThre...2ab-98c2-4c52832f1e7d-2-4 |  1106000 |   376000 |   441794493 |  14456913582 |         0 |      0 |  1434243691 |      0 |      0 |         0 
 47821 Thread 39 - PartitionProcessorThre...2ab-98c2-4c52832f1e7d-2-5 |  1104000 |   453000 |   464145071 |  15189513136 |         0 |      0 |  1554624601 |      0 |      0 |         0 
 47822 Thread 40 - PartitionProcessorThre...2ab-98c2-4c52832f1e7d-2-6 |  1129000 |   372000 |   447087345 |  14642632722 |         0 |      0 |  1382631426 |      0 |      0 |         0 
 47823 Thread 41 - PartitionProcessorThre...2ab-98c2-4c52832f1e7d-2-7 |  1212000 |   407000 |   483183638 |  15794022546 |         0 |      0 |  1439787616 |      0 |      0 |         0 
 47824 Thread 42 - PartitionProcessorThre...2ab-98c2-4c52832f1e7d-2-8 |  1141000 |   432000 |   469354677 |  15345199023 |         0 |      0 |  1207577028 |      0 |      0 |         0 
 47825 Thread 43 - PartitionProcessorThre...2ab-98c2-4c52832f1e7d-2-9 |  1141000 |   431000 |   468782302 |  15335549812 |         0 |      0 |  1341702374 |      0 |      0 |         0 
 47826 Thread 44 - PartitionProcessorThre...ab-98c2-4c52832f1e7d-2-10 |  1149000 |   416000 |   466360149 |  15267187406 |         0 |      0 |  1326709636 |      0 |      0 |         0 
 47827 Thread 45 - PartitionProcessorThre...ab-98c2-4c52832f1e7d-2-11 |  1150000 |   419000 |   466570861 |  15306420980 |         0 |      0 |  1338132683 |      0 |      0 |         0 
 47828 Thread 46 - PartitionProcessorThre...ab-98c2-4c52832f1e7d-2-12 |  1130000 |   422000 |   460398165 |  15140435312 |         0 |      0 |  1410562114 |      0 |      0 |         0 
 47829 Thread 47 - PartitionProcessorThre...ab-98c2-4c52832f1e7d-2-13 |  1159000 |   439000 |   476430282 |  15589321582 |         0 |      0 |  1389558174 |      0 |      0 |         0 
 47830 Thread 48 - PartitionProcessorThre...ab-98c2-4c52832f1e7d-2-14 |  1135000 |   415000 |   460279298 |  15120856406 |         0 |      0 |  1446645671 |      0 |      0 |         0 
 47831 Thread 49 - PartitionProcessorThre...ab-98c2-4c52832f1e7d-2-15 |  1160000 |   369000 |   455297517 |  14916034359 |         0 |      0 |  1433204268 |      0 |      0 |         0 
 47832 Thread 50 - PartitionProcessorThre...ab-98c2-4c52832f1e7d-2-16 |  1125000 |   390000 |   451485669 |  14779316921 |         0 |      0 |  1379705149 |      0 |      0 |         0 
 47833 Thread 51 - PartitionProcessorThre...ab-98c2-4c52832f1e7d-2-17 |  1202000 |   429000 |   484574060 |  15910942511 |      3072 |      0 |  1438571058 |      0 |      0 |         0 
 47834 Thread 52 - PartitionProcessorThre...ab-98c2-4c52832f1e7d-2-18 |  1162000 |   407000 |   467566978 |  15306529257 |         0 |      0 |  1510061442 |      0 |      0 |         0 
 47835 Thread 53 - PartitionProcessorThre...ab-98c2-4c52832f1e7d-2-19 |  1139000 |   413000 |   462064732 |  15140088156 |         0 |      0 |  1474236371 |      0 |      0 |         0 
 47837 Thread 54 - PartitionProcessorThre...2ab-98c2-4c52832f1e7d-1-0 |  1132000 |   388000 |   453646157 |  14828232746 |         0 |      0 |  1284558063 |      0 |      0 |         0 
 47838 Thread 55 - PartitionProcessorThre...2ab-98c2-4c52832f1e7d-1-1 |  1154000 |   386000 |   460682259 |  15023675632 |         0 |      0 |  1226772675 |      0 |      0 |         0 
 47839 Thread 56 - PartitionProcessorThre...2ab-98c2-4c52832f1e7d-1-2 |  1138000 |   394000 |   458046251 |  14945576757 |         0 |      0 |  1393032802 |      0 |      0 |         0 
 47840 Thread 57 - PartitionProcessorThre...2ab-98c2-4c52832f1e7d-1-3 |  1157000 |   408000 |   467073657 |  15267490234 |         0 |      0 |  1412245580 |      0 |      0 |         0 
 47841 Thread 58 - PartitionProcessorThre...2ab-98c2-4c52832f1e7d-1-4 |  1179000 |   450000 |   486752681 |  15891471703 |         0 |      0 |  1219929637 |      0 |      0 |         0 
 47842 Thread 59 - PartitionProcessorThre...2ab-98c2-4c52832f1e7d-1-5 |  1132000 |   428000 |   466827841 |  15219121250 |         0 |      0 |  1513957669 |      0 |      0 |         0 
 47843 Thread 60 - PartitionProcessorThre...2ab-98c2-4c52832f1e7d-1-6 |  1150000 |   418000 |   468278146 |  15296555187 |         0 |      0 |  1428879165 |      0 |      0 |         0 
 47844 Thread 61 - PartitionProcessorThre...2ab-98c2-4c52832f1e7d-1-7 |  1139000 |   392000 |   457149974 |  14935620082 |         0 |      0 |  1275946462 |      0 |      0 |         0 
 47845 Thread 62 - PartitionProcessorThre...2ab-98c2-4c52832f1e7d-1-8 |  1148000 |   401000 |   462776825 |  15111278097 |         0 |      0 |  1365568416 |      0 |      0 |         0 
 47846 Thread 63 - PartitionProcessorThre...2ab-98c2-4c52832f1e7d-1-9 |  1135000 |   407000 |   460466454 |  15042829874 |         0 |      0 |  1439171280 |      0 |      0 |         0 
 47847 Thread 64 - PartitionProcessorThre...ab-98c2-4c52832f1e7d-1-10 |  1144000 |   376000 |   454450236 |  14828879234 |         0 |      0 |  1339810071 |      0 |      0 |         0 
 47848 Thread 65 - PartitionProcessorThre...ab-98c2-4c52832f1e7d-1-11 |  1188000 |   426000 |   482258419 |  15745538906 |         0 |      0 |  1229789266 |      0 |      0 |         0 
 47849 Thread 66 - PartitionProcessorThre...ab-98c2-4c52832f1e7d-1-12 |  1139000 |   395000 |   458785376 |  14965265812 |         0 |      0 |  1378648903 |      0 |      0 |         0 
 47850 Thread 67 - PartitionProcessorThre...ab-98c2-4c52832f1e7d-1-13 |  1130000 |   403000 |   457536517 |  14955300550 |         0 |      0 |  1265905847 |      0 |      0 |         0 
 47851 Thread 68 - PartitionProcessorThre...ab-98c2-4c52832f1e7d-1-14 |  1231000 |   430000 |   496065142 |  16203643187 |         0 |      0 |  1435098812 |      0 |      0 |         0 
 47852 Thread 69 - PartitionProcessorThre...ab-98c2-4c52832f1e7d-1-15 |  1137000 |   429000 |   468232189 |  15277542062 |  10831872 |      0 |  1300444285 |      0 |      0 |         0 
 47853 Thread 70 - PartitionProcessorThre...ab-98c2-4c52832f1e7d-1-16 |  1144000 |   372000 |   453540404 |  14789500062 |         0 |      0 |  1355811134 |      0 |      0 |         0 
 47854 Thread 71 - PartitionProcessorThre...ab-98c2-4c52832f1e7d-1-17 |  1189000 |   427000 |   482739798 |  15765216515 |         0 |      0 |  1323509047 |      0 |      0 |         0 
 47855 Thread 72 - PartitionProcessorThre...ab-98c2-4c52832f1e7d-1-18 |  1147000 |   422000 |   468285259 |  15306362078 |         0 |      0 |  1380138662 |      0 |      0 |         0 
 47856 Thread 73 - PartitionProcessorThre...ab-98c2-4c52832f1e7d-1-19 |  1159000 |   410000 |   468632786 |  15306493386 |         0 |      0 |  1355473397 |      0 |      0 |         0 
 48137 Thread 74 - process reaper                                     |     1000 |        0 |      308910 |      9786000 |      2048 |      0 |        3474 |      0 |      0 |         0 
 48143 Thread 75 - Attach Listener                                    |   356000 |    94000 |   135629631 |   4397568936 |   5304320 | 123904 |     1659754 |      0 |      0 |         0 
