                                 Task                                 |  utime   |  stime   |     rss     |     vmem     |   read    | write  |    d:cpu    | d:bio  | d:swap | d:reclaim 
 71998 Thread 1 - main                                                |   839000 |   142000 |    65289428 |   7543982470 |  34535424 |   1024 |     2738330 |      0 |      0 |         0 
 72020 Thread 2 - Reference Handler                                   |     9000 |        0 |      988652 |     74173386 |         0 |      0 |      139325 |      0 |      0 |         0 
 72021 Thread 3 - Finalizer                                           |     8000 |     1000 |     1079289 |     73577273 |      5120 |      0 |      943175 |      0 |      0 |         0 
 72022 Thread 4 - Surrogate Locker Thread (Concurrent GC)             |        0 |        0 |           0 |            0 |         0 |      0 |       19850 |      0 |      0 |         0 
 72023 Thread 5 - Signal Dispatcher                                   |        0 |        0 |           0 |            0 |         0 |      0 |       10172 |      0 |      0 |         0 
 72032 Thread 12 - RMI Scheduler(0)                                   |     2000 |        0 |      638531 |     19550945 |      2048 |      0 |       93279 |      0 |      0 |         0 
 72033 Thread 13 - RMI RenewClean-[10.231.182.152:37840]              |        0 |        0 |           0 |            0 |      1024 |      0 |       24959 |      0 |      0 |         0 
 72034 Thread 14 - GC Daemon                                          |        0 |        0 |           0 |            0 |         0 |      0 |           0 |      0 |      0 |         0 
 72036 Thread 15 - DecatonSubscriptionThread-decaton-benchmark        | 23864000 | 35376000 | 17815115536 | 577194966552 | 574028800 | 110592 | 14659123625 | 185477 |      0 |         0 
 72039 Thread 16 - kafka-coordinator-hear...hread | decaton-benchmark |   235000 |    35000 |    80902304 |   2630010471 |   6040576 |   5120 |    19729934 | 141777 |      0 |         0 
 72042 Thread 17 - PartitionProcessorThre...e29-8330-320871eefcd2-1-0 |  1188000 |   398000 |   476503711 |  15468845103 |     34816 |      0 |  1255248571 |      0 |      0 |         0 
 72043 Thread 18 - PartitionProcessorThre...e29-8330-320871eefcd2-1-1 |  1169000 |   393000 |   469162918 |  15238127049 |         0 |      0 |  1109794008 |      0 |      0 |         0 
 72044 Thread 19 - PartitionProcessorThre...e29-8330-320871eefcd2-1-2 |  1130000 |   426000 |   466467528 |  15178056346 |         0 |      0 |  1151053212 |      0 |      0 |         0 
 72045 Thread 20 - PartitionProcessorThre...e29-8330-320871eefcd2-1-3 |  1193000 |   400000 |   479837547 |  15543399650 |         0 |      0 |  1122593163 |      0 |      0 |         0 
 72046 Thread 21 - PartitionProcessorThre...e29-8330-320871eefcd2-1-4 |  1177000 |   363000 |   461656993 |  15021039041 |         0 |      0 |  1157737746 |      0 |      0 |         0 
 72047 Thread 22 - PartitionProcessorThre...e29-8330-320871eefcd2-1-5 |  1133000 |   385000 |   457275102 |  14810248432 |         0 |      0 |  1157015516 |      0 |      0 |         0 
 72048 Thread 23 - PartitionProcessorThre...e29-8330-320871eefcd2-1-6 |  1119000 |   417000 |   460638157 |  14984788033 |         0 |      0 |  1066589095 |      0 |      0 |         0 
 72049 Thread 24 - PartitionProcessorThre...e29-8330-320871eefcd2-1-7 |  1230000 |   435000 |   501781777 |  16246291185 |         0 |      0 |  1101418829 |      0 |      0 |         0 
 72050 Thread 25 - PartitionProcessorThre...e29-8330-320871eefcd2-1-8 |  1080000 |   420000 |   452472766 |  14635523975 |         0 |      0 |   995139067 |      0 |      0 |         0 
 72051 Thread 26 - PartitionProcessorThre...e29-8330-320871eefcd2-1-9 |  1213000 |   418000 |   489613977 |  15910133170 |      8192 |      0 |  1055550052 |      0 |      0 |         0 
 72052 Thread 27 - PartitionProcessorThre...29-8330-320871eefcd2-1-10 |  1186000 |   431000 |   487077754 |  15777347806 |         0 |      0 |   948133982 |      0 |      0 |         0 
 72053 Thread 28 - PartitionProcessorThre...29-8330-320871eefcd2-1-11 |  1129000 |   428000 |   468162637 |  15191425252 |         0 |      0 |   925585637 |      0 |      0 |         0 
 72054 Thread 29 - PartitionProcessorThre...29-8330-320871eefcd2-1-12 |  1137000 |   395000 |   459806164 |  14948987811 |         0 |      0 |   900157534 |      0 |      0 |         0 
 72055 Thread 30 - PartitionProcessorThre...29-8330-320871eefcd2-1-13 |  1130000 |   408000 |   463201512 |  15006902330 |         0 |      0 |   871555243 |      0 |      0 |         0 
 72056 Thread 31 - PartitionProcessorThre...29-8330-320871eefcd2-1-14 |  1058000 |   368000 |   428563555 |  13912475112 |         0 |      0 |   994720827 |      0 |      0 |         0 
 72057 Thread 32 - PartitionProcessorThre...29-8330-320871eefcd2-1-15 |  1100000 |   459000 |   468484590 |  15211401072 |         0 |      0 |  1187709216 |      0 |      0 |         0 
 72058 Thread 33 - PartitionProcessorThre...29-8330-320871eefcd2-1-16 |  1151000 |   402000 |   467505817 |  15152516334 |         0 |      0 |  1170683445 |      0 |      0 |         0 
 72059 Thread 34 - PartitionProcessorThre...29-8330-320871eefcd2-1-17 |  1112000 |   401000 |   455306836 |  14763129194 |         0 |      0 |  1147486135 |      0 |      0 |         0 
 72060 Thread 35 - PartitionProcessorThre...29-8330-320871eefcd2-1-18 |  1082000 |   392000 |   442141293 |  14380888201 |         0 |      0 |   958548780 |      0 |      0 |         0 
 72061 Thread 36 - PartitionProcessorThre...29-8330-320871eefcd2-1-19 |  1121000 |   399000 |   457127075 |  14830207158 |         0 |      0 |  1179094388 |      0 |      0 |         0 
 72063 Thread 37 - PartitionProcessorThre...e29-8330-320871eefcd2-2-0 |  1120000 |   407000 |   458816715 |  14903610584 |         0 |      0 |   973596947 |      0 |      0 |         0 
 72064 Thread 38 - PartitionProcessorThre...e29-8330-320871eefcd2-2-1 |  1109000 |   395000 |   450348266 |  14678699307 |         0 |      0 |  1106680749 |      0 |      0 |         0 
 72065 Thread 39 - PartitionProcessorThre...e29-8330-320871eefcd2-2-2 |  1071000 |   427000 |   449975614 |  14620498990 |         0 |      0 |  1025542224 |      0 |      0 |         0 
 72066 Thread 40 - PartitionProcessorThre...e29-8330-320871eefcd2-2-3 |  1115000 |   394000 |   454238039 |  14728018291 |         0 |      0 |   966202554 |      0 |      0 |         0 
 72067 Thread 41 - PartitionProcessorThre...e29-8330-320871eefcd2-2-4 |  1150000 |   391000 |   464026809 |  15040325678 |         0 |      0 |   907680448 |      0 |      0 |         0 
 72068 Thread 42 - PartitionProcessorThre...e29-8330-320871eefcd2-2-5 |  1151000 |   401000 |   466506774 |  15147318928 |         0 |      0 |  1057610401 |      0 |      0 |         0 
 72069 Thread 43 - PartitionProcessorThre...e29-8330-320871eefcd2-2-6 |  1075000 |   382000 |   438315840 |  14220244377 |         0 |      0 |   993328450 |      0 |      0 |         0 
 72070 Thread 44 - PartitionProcessorThre...e29-8330-320871eefcd2-2-7 |  1028000 |   426000 |   436425090 |  14191118311 |         0 |      0 |   991508981 |      0 |      0 |         0 
 72071 Thread 45 - PartitionProcessorThre...e29-8330-320871eefcd2-2-8 |  1130000 |   403000 |   460003219 |  14962020924 |         0 |      0 |  1071964878 |      0 |      0 |         0 
 72072 Thread 46 - PartitionProcessorThre...e29-8330-320871eefcd2-2-9 |  1114000 |   441000 |   467616352 |  15177215111 |         0 |      0 |   845307213 |      0 |      0 |         0 
 72073 Thread 47 - PartitionProcessorThre...29-8330-320871eefcd2-2-10 |  1120000 |   363000 |   445607934 |  14473735237 |         0 |      0 |   968190232 |      0 |      0 |         0 
 72074 Thread 48 - PartitionProcessorThre...29-8330-320871eefcd2-2-11 |  1100000 |   360000 |   438415465 |  14249497143 |         0 |      0 |  1054369586 |      0 |      0 |         0 
 72075 Thread 49 - PartitionProcessorThre...29-8330-320871eefcd2-2-12 |  1124000 |   366000 |   447065942 |  14542087865 |         0 |      0 |  1082573535 |      0 |      0 |         0 
 72076 Thread 50 - PartitionProcessorThre...29-8330-320871eefcd2-2-13 |  1087000 |   399000 |   446658453 |  14503180135 |         0 |      0 |  1102422443 |      0 |      0 |         0 
 72077 Thread 51 - PartitionProcessorThre...29-8330-320871eefcd2-2-14 |  1122000 |   417000 |   461579305 |  15020486854 |         0 |      0 |  1043341159 |      0 |      0 |         0 
 72078 Thread 52 - PartitionProcessorThre...29-8330-320871eefcd2-2-15 |  1093000 |   379000 |   440887336 |  14366519534 |         0 |      0 |  1033133401 |      0 |      0 |         0 
 72079 Thread 53 - PartitionProcessorThre...29-8330-320871eefcd2-2-16 |  1168000 |   386000 |   465318735 |  15166725775 |         0 |      0 |  1067878415 |      0 |      0 |         0 
 72080 Thread 54 - PartitionProcessorThre...29-8330-320871eefcd2-2-17 |  1125000 |   402000 |   458419317 |  14903481799 |         0 |      0 |   927730636 |      0 |      0 |         0 
 72081 Thread 55 - PartitionProcessorThre...29-8330-320871eefcd2-2-18 |  1134000 |   393000 |   459058446 |  14903650588 |         0 |      0 |  1148467283 |      0 |      0 |         0 
 72082 Thread 56 - PartitionProcessorThre...29-8330-320871eefcd2-2-19 |  1081000 |   407000 |   447422059 |  14523070998 |         0 |      0 |  1017869990 |      0 |      0 |         0 
 72083 Thread 57 - PartitionProcessorThre...e29-8330-320871eefcd2-0-0 |  1111000 |   356000 |   443618407 |  14318612225 |  10831872 |      0 |  1096257680 |      0 |      0 |         0 
 72084 Thread 58 - PartitionProcessorThre...e29-8330-320871eefcd2-0-1 |  1138000 |   400000 |   463752848 |  15011299947 |         0 |      0 |  1114485367 |      0 |      0 |         0 
 72085 Thread 59 - PartitionProcessorThre...e29-8330-320871eefcd2-0-2 |  1085000 |   344000 |   430454782 |  13947599268 |         0 |      0 |  1135936349 |      0 |      0 |         0 
 72086 Thread 60 - PartitionProcessorThre...e29-8330-320871eefcd2-0-3 |  1111000 |   437000 |   467669735 |  15108759721 |         0 |      0 |  1029976621 |      0 |      0 |         0 
 72087 Thread 61 - PartitionProcessorThre...e29-8330-320871eefcd2-0-4 |  1084000 |   384000 |   442871039 |  14328095190 |         0 |      0 |  1019118395 |      0 |      0 |         0 
 72088 Thread 62 - PartitionProcessorThre...e29-8330-320871eefcd2-0-5 |  1123000 |   399000 |   458650938 |  14855142072 |         0 |      0 |  1025982429 |      0 |      0 |         0 
 72089 Thread 63 - PartitionProcessorThre...e29-8330-320871eefcd2-0-6 |  1166000 |   416000 |   476164106 |  15440765314 |         0 |      0 |  1108298843 |      0 |      0 |         0 
 72090 Thread 64 - PartitionProcessorThre...e29-8330-320871eefcd2-0-7 |  1199000 |   351000 |   468331539 |  15128574408 |         0 |      0 |  1120247443 |      0 |      0 |         0 
 72091 Thread 65 - PartitionProcessorThre...e29-8330-320871eefcd2-0-8 |  1115000 |   388000 |   452273606 |  14669891861 |         0 |      0 |   938650702 |      0 |      0 |         0 
 72092 Thread 66 - PartitionProcessorThre...e29-8330-320871eefcd2-0-9 |  1123000 |   390000 |   457316449 |  14767334479 |         0 |      0 |  1191245006 |      0 |      0 |         0 
 72093 Thread 67 - PartitionProcessorThre...29-8330-320871eefcd2-0-10 |  1096000 |   410000 |   455042836 |  14699046619 |      1024 |      0 |   950920328 |      0 |      0 |         0 
 72094 Thread 68 - PartitionProcessorThre...29-8330-320871eefcd2-0-11 |  1097000 |   403000 |   452877492 |  14640486635 |         0 |      0 |  1033153667 |      0 |      0 |         0 
 72095 Thread 69 - PartitionProcessorThre...29-8330-320871eefcd2-0-12 |  1144000 |   382000 |   461155184 |  14894181541 |         0 |      0 |  1011309505 |      0 |      0 |         0 
 72096 Thread 70 - PartitionProcessorThre...29-8330-320871eefcd2-0-13 |  1202000 |   376000 |   475918031 |  15401659408 |         0 |      0 |  1050223370 |      0 |      0 |         0 
 72097 Thread 71 - PartitionProcessorThre...29-8330-320871eefcd2-0-14 |  1141000 |   344000 |   448770653 |  14493898127 |         0 |      0 |  1135470094 |      0 |      0 |         0 
 72098 Thread 72 - PartitionProcessorThre...29-8330-320871eefcd2-0-15 |  1113000 |   378000 |   449657586 |  14552644596 |         0 |      0 |  1099682138 |      0 |      0 |         0 
 72099 Thread 73 - PartitionProcessorThre...29-8330-320871eefcd2-0-16 |  1112000 |   391000 |   452964477 |  14669735807 |         0 |      0 |  1005673894 |      0 |      0 |         0 
 72100 Thread 74 - PartitionProcessorThre...29-8330-320871eefcd2-0-17 |  1138000 |   402000 |   465496477 |  15030850893 |         0 |      0 |  1053994462 |      0 |      0 |         0 
 72101 Thread 75 - PartitionProcessorThre...29-8330-320871eefcd2-0-18 |  1072000 |   429000 |   453395153 |  14650247283 |         0 |      0 |  1021755119 |      0 |      0 |         0 
 72102 Thread 76 - PartitionProcessorThre...29-8330-320871eefcd2-0-19 |  1084000 |   399000 |   447959133 |  14474540514 |         0 |      0 |  1052246447 |      0 |      0 |         0 
 72595 Thread 77 - process reaper                                     |     2000 |        0 |      631125 |     19582156 |         0 |      0 |      309418 |      0 |      0 |         0 
 72601 Thread 78 - Attach Listener                                    |   476000 |    98000 |   179170865 |   5612180694 |   4874240 | 109568 |     2954960 |      0 |      0 |         0 
