                                 Task                                 |  utime   |  stime   |     rss     |     vmem     |   read    | write  |    d:cpu    | d:bio  | d:swap | d:reclaim 
 61682 Thread 1 - main                                                |   912000 |   154000 |    71354498 |   8184018303 |  34140160 |   1024 |    38799835 |      0 |      0 |         0 
 61704 Thread 2 - Reference Handler                                   |     7000 |        0 |      714749 |     57263078 |         0 |      0 |      280108 |      0 |      0 |         0 
 61705 Thread 3 - Finalizer                                           |     7000 |        0 |      861496 |     58253398 |      5120 |      0 |      671168 |      0 |      0 |         0 
 61706 Thread 4 - Surrogate Locker Thread (Concurrent GC)             |        0 |        0 |           0 |            0 |         0 |      0 |       48683 |      0 |      0 |         0 
 61707 Thread 5 - Signal Dispatcher                                   |        0 |        0 |           0 |            0 |         0 |      0 |       35619 |      0 |      0 |         0 
 61719 Thread 12 - RMI Scheduler(0)                                   |     3000 |     1000 |      732421 |     35037523 |      4096 |      0 |      213663 |      0 |      0 |         0 
 61720 Thread 13 - RMI RenewClean-[10.231.182.152:35602]              |        0 |        0 |           0 |            0 |      1024 |      0 |       17652 |      0 |      0 |         0 
 61721 Thread 14 - GC Daemon                                          |        0 |        0 |           0 |            0 |         0 |      0 |           0 |      0 |      0 |         0 
 61828 Thread 15 - DecatonSubscriptionThread-decaton-benchmark        | 31896000 | 34063000 | 19401944928 | 642814279153 | 624017408 | 131072 | 20416646329 | 123939 |      0 |         0 
 61844 Thread 16 - kafka-coordinator-hear...hread | decaton-benchmark |   223000 |    72000 |    85646499 |   2876302022 |   6901760 |   5120 |    29201717 | 357886 |      0 |         0 
 61847 Thread 17 - PartitionProcessorThre...226-850e-c929534d8c59-0-0 |  1463000 |   460000 |   559385606 |  18744502090 |     33792 |      0 |  1796935191 |      0 |      0 |         0 
 61848 Thread 18 - PartitionProcessorThre...226-850e-c929534d8c59-0-1 |  1416000 |   452000 |   546764411 |  18220401219 |         0 |      0 |  1758529503 |      0 |      0 |         0 
 61849 Thread 19 - PartitionProcessorThre...226-850e-c929534d8c59-0-2 |  1460000 |   453000 |   558361243 |  18655613500 |         0 |      0 |  1673610860 |      0 |      0 |         0 
 61850 Thread 20 - PartitionProcessorThre...226-850e-c929534d8c59-0-3 |  1432000 |   501000 |   566691551 |  18854202301 |         0 |      0 |  1927018124 |      0 |      0 |         0 
 61851 Thread 21 - PartitionProcessorThre...226-850e-c929534d8c59-0-4 |  1426000 |   472000 |   553501278 |  18508566133 |    124928 |      0 |  1875263614 |      0 |      0 |         0 
 61852 Thread 22 - PartitionProcessorThre...226-850e-c929534d8c59-0-5 |  1473000 |   520000 |   584970453 |  19441357992 |         0 |      0 |  1748153192 |      0 |      0 |         0 
 61853 Thread 23 - PartitionProcessorThre...226-850e-c929534d8c59-0-6 |  1495000 |   503000 |   583350848 |  19488162996 |         0 |      0 |  1783250937 |      0 |      0 |         0 
 61854 Thread 24 - PartitionProcessorThre...226-850e-c929534d8c59-0-7 |  1365000 |   461000 |   535496836 |  17813231727 |         0 |      0 |  1617152393 |      0 |      0 |         0 
 61855 Thread 25 - PartitionProcessorThre...226-850e-c929534d8c59-0-8 |  1426000 |   473000 |   557129348 |  18524715125 |         0 |      0 |  1853151972 |      0 |      0 |         0 
 61856 Thread 26 - PartitionProcessorThre...226-850e-c929534d8c59-0-9 |  1389000 |   459000 |   540688833 |  18025662621 |         0 |      0 |  1763989284 |      0 |      0 |         0 
 61857 Thread 27 - PartitionProcessorThre...26-850e-c929534d8c59-0-10 |  1433000 |   466000 |   555773133 |  18525885957 |         0 |      0 |  1948200818 |      0 |      0 |         0 
 61858 Thread 28 - PartitionProcessorThre...26-850e-c929534d8c59-0-11 |  1387000 |   449000 |   539121457 |  17912180754 |         0 |      0 |  1919034409 |      0 |      0 |         0 
 61859 Thread 29 - PartitionProcessorThre...26-850e-c929534d8c59-0-12 |  1409000 |   477000 |   553390875 |  18397148512 |      1024 |      0 |  1788465304 |      0 |      0 |         0 
 61860 Thread 30 - PartitionProcessorThre...26-850e-c929534d8c59-0-13 |  1400000 |   510000 |   560496500 |  18632699047 |         0 |      0 |  1833095968 |      0 |      0 |         0 
 61861 Thread 31 - PartitionProcessorThre...26-850e-c929534d8c59-0-14 |  1412000 |   481000 |   553825739 |  18464948227 |         0 |      0 |  1959867998 |      0 |      0 |         0 
 61862 Thread 32 - PartitionProcessorThre...26-850e-c929534d8c59-0-15 |  1379000 |   447000 |   534681090 |  17811960629 |         0 |      0 |  1851718685 |      0 |      0 |         0 
 61863 Thread 33 - PartitionProcessorThre...26-850e-c929534d8c59-0-16 |  1457000 |   443000 |   558090809 |  18536624153 |         0 |      0 |  1769107700 |      0 |      0 |         0 
 61864 Thread 34 - PartitionProcessorThre...26-850e-c929534d8c59-0-17 |  1469000 |   439000 |   560906543 |  18615593426 |         0 |      0 |  1786451963 |      0 |      0 |         0 
 61865 Thread 35 - PartitionProcessorThre...26-850e-c929534d8c59-0-18 |  1469000 |   461000 |   565093555 |  18826304742 |         0 |      0 |  1810191459 |      0 |      0 |         0 
 61866 Thread 36 - PartitionProcessorThre...26-850e-c929534d8c59-0-19 |  1418000 |   479000 |   557813176 |  18506331864 |         0 |      0 |  1966264401 |      0 |      0 |         0 
 61868 Thread 37 - PartitionProcessorThre...226-850e-c929534d8c59-2-0 |  1350000 |   470000 |   536294258 |  17763335067 |         0 |      0 |  1916822062 |      0 |      0 |         0 
 61869 Thread 38 - PartitionProcessorThre...226-850e-c929534d8c59-2-1 |  1388000 |   454000 |   543124254 |  17977862868 |         0 |      0 |  1785936216 |      0 |      0 |         0 
 61870 Thread 39 - PartitionProcessorThre...226-850e-c929534d8c59-2-2 |  1334000 |   396000 |   510886899 |  16885857223 |         0 |      0 |  1716148681 |      0 |      0 |         0 
 61871 Thread 40 - PartitionProcessorThre...226-850e-c929534d8c59-2-3 |  1420000 |   463000 |   554907602 |  18379130461 |         0 |      0 |  1696997646 |      0 |      0 |         0 
 61872 Thread 41 - PartitionProcessorThre...226-850e-c929534d8c59-2-4 |  1475000 |   479000 |   574150946 |  19071037336 |         0 |      0 |  1795913394 |      0 |      0 |         0 
 61873 Thread 42 - PartitionProcessorThre...226-850e-c929534d8c59-2-5 |  1381000 |   473000 |   547395594 |  18095864828 |         0 |      0 |  1700172728 |      0 |      0 |         0 
 61874 Thread 43 - PartitionProcessorThre...226-850e-c929534d8c59-2-6 |  1450000 |   497000 |   574256246 |  19003290188 |         0 |      0 |  1821500194 |      0 |      0 |         0 
 61875 Thread 44 - PartitionProcessorThre...226-850e-c929534d8c59-2-7 |  1471000 |   473000 |   572562324 |  18975523852 |         0 |      0 |  1753241082 |      0 |      0 |         0 
 61876 Thread 45 - PartitionProcessorThre...226-850e-c929534d8c59-2-8 |  1417000 |   464000 |   554141579 |  18358910188 |         0 |      0 |  1865037373 |      0 |      0 |         0 
 61877 Thread 46 - PartitionProcessorThre...226-850e-c929534d8c59-2-9 |  1463000 |   499000 |   578048543 |  19150158637 |         0 |      0 |  1754889489 |      0 |      0 |         0 
 61878 Thread 47 - PartitionProcessorThre...26-850e-c929534d8c59-2-10 |  1354000 |   516000 |   551305430 |  18251672961 |         0 |      0 |  1992545927 |      0 |      0 |         0 
 61879 Thread 48 - PartitionProcessorThre...26-850e-c929534d8c59-2-11 |  1409000 |   466000 |   551520000 |  18300407106 |         0 |      0 |  1986906998 |      0 |      0 |         0 
 61880 Thread 49 - PartitionProcessorThre...26-850e-c929534d8c59-2-12 |  1290000 |   444000 |   511190758 |  16924404087 |         0 |      0 |  1729997529 |      0 |      0 |         0 
 61881 Thread 50 - PartitionProcessorThre...26-850e-c929534d8c59-2-13 |  1442000 |   459000 |   559953383 |  18555079110 |         0 |      0 |  1881326366 |      0 |      0 |         0 
 61882 Thread 51 - PartitionProcessorThre...26-850e-c929534d8c59-2-14 |  1366000 |   501000 |   549457844 |  18223682274 |         0 |      0 |  1852157182 |      0 |      0 |         0 
 61883 Thread 52 - PartitionProcessorThre...26-850e-c929534d8c59-2-15 |  1472000 |   465000 |   570915512 |  18905550961 |         0 |      0 |  1841760018 |      0 |      0 |         0 
 61884 Thread 53 - PartitionProcessorThre...26-850e-c929534d8c59-2-16 |  1440000 |   448000 |   555268774 |  18427841145 |         0 |      0 |  1765454655 |      0 |      0 |         0 
 61885 Thread 54 - PartitionProcessorThre...26-850e-c929534d8c59-2-17 |  1403000 |   470000 |   551477414 |  18281324957 |         0 |      0 |  1776904545 |      0 |      0 |         0 
 61886 Thread 55 - PartitionProcessorThre...26-850e-c929534d8c59-2-18 |  1313000 |   445000 |   517826376 |  17158523215 |         0 |      0 |  1832073161 |      0 |      0 |         0 
 61887 Thread 56 - PartitionProcessorThre...26-850e-c929534d8c59-2-19 |  1326000 |   454000 |   524817497 |  17373921407 |         0 |      0 |  1635015471 |      0 |      0 |         0 
 61888 Thread 57 - PartitionProcessorThre...226-850e-c929534d8c59-1-0 |  1384000 |   471000 |   549246813 |  18106441664 |      1024 |      0 |  1879922286 |      0 |      0 |         0 
 61889 Thread 58 - PartitionProcessorThre...226-850e-c929534d8c59-1-1 |  1307000 |   461000 |   523562415 |  17257640633 |      3072 |      0 |  1602979897 |      0 |      0 |         0 
 61890 Thread 59 - PartitionProcessorThre...226-850e-c929534d8c59-1-2 |  1391000 |   462000 |   549518606 |  18086375473 |         0 |      0 |  1761587654 |      0 |      0 |         0 
 61891 Thread 60 - PartitionProcessorThre...226-850e-c929534d8c59-1-3 |  1432000 |   441000 |   554263629 |  18281493953 |         0 |      0 |  1722788850 |      0 |      0 |         0 
 61892 Thread 61 - PartitionProcessorThre...226-850e-c929534d8c59-1-4 |  1478000 |   478000 |   580054395 |  19091855035 |         0 |      0 |  1657441688 |      0 |      0 |         0 
 61893 Thread 62 - PartitionProcessorThre...226-850e-c929534d8c59-1-5 |  1329000 |   443000 |   524263782 |  17296288590 |         0 |      0 |  1603315103 |      0 |      0 |         0 
 61894 Thread 63 - PartitionProcessorThre...226-850e-c929534d8c59-1-6 |  1484000 |   474000 |   580516328 |  19111342695 |         0 |      0 |  1866547391 |      0 |      0 |         0 
 61895 Thread 64 - PartitionProcessorThre...226-850e-c929534d8c59-1-7 |  1386000 |   469000 |   550191825 |  18107016285 |         0 |      0 |  1789815024 |      0 |      0 |         0 
 61896 Thread 65 - PartitionProcessorThre...226-850e-c929534d8c59-1-8 |  1405000 |   505000 |   564501371 |  18643144883 |         0 |      0 |  1849407067 |      0 |      0 |         0 
 61897 Thread 66 - PartitionProcessorThre...226-850e-c929534d8c59-1-9 |  1343000 |   515000 |   550324930 |  18136500934 |         0 |      0 |  1992746759 |      0 |      0 |         0 
 61898 Thread 67 - PartitionProcessorThre...26-850e-c929534d8c59-1-10 |  1325000 |   440000 |   520513559 |  17227339504 |         0 |      0 |  1808513684 |      0 |      0 |         0 
 61899 Thread 68 - PartitionProcessorThre...26-850e-c929534d8c59-1-11 |  1368000 |   407000 |   524852137 |  17324921200 |         0 |      0 |  1752728340 |      0 |      0 |         0 
 61900 Thread 69 - PartitionProcessorThre...26-850e-c929534d8c59-1-12 |  1356000 |   478000 |   542273868 |  17901948344 |         0 |      0 |  1770388806 |      0 |      0 |         0 
 61901 Thread 70 - PartitionProcessorThre...26-850e-c929534d8c59-1-13 |  1348000 |   473000 |   538795981 |  17774069223 |         0 |      0 |  1936110859 |      0 |      0 |         0 
 61902 Thread 71 - PartitionProcessorThre...26-850e-c929534d8c59-1-14 |  1350000 |   438000 |   529348754 |  17452757590 |         0 |      0 |  1984053614 |      0 |      0 |         0 
 61903 Thread 72 - PartitionProcessorThre...26-850e-c929534d8c59-1-15 |  1354000 |   470000 |   540919032 |  17803279352 |         0 |      0 |  1826422001 |      0 |      0 |         0 
 61904 Thread 73 - PartitionProcessorThre...26-850e-c929534d8c59-1-16 |  1431000 |   466000 |   562409121 |  18516297551 |         0 |      0 |  1739771039 |      0 |      0 |         0 
 61905 Thread 74 - PartitionProcessorThre...26-850e-c929534d8c59-1-17 |  1442000 |   460000 |   563138723 |  18565528949 |         0 |      0 |  2074482963 |      0 |      0 |         0 
 61906 Thread 75 - PartitionProcessorThre...26-850e-c929534d8c59-1-18 |  1362000 |   454000 |   539463407 |  17726069426 |         0 |      0 |  1568899195 |      0 |      0 |         0 
 61907 Thread 76 - PartitionProcessorThre...26-850e-c929534d8c59-1-19 |  1361000 |   454000 |   537368524 |  17715286164 |         0 |      0 |  1744558720 |      0 |      0 |         0 
 62387 Thread 77 - process reaper                                     |     1000 |        0 |      304300 |      9788734 |         0 |      0 |      392495 |      0 |      0 |         0 
 62392 Thread 78 - Attach Listener                                    |   419000 |   100000 |   156466815 |   5073110862 |   5304320 | 222208 |     2741129 |      0 |      0 |         0 
