                                 Task                                 |  utime   |  stime   |     rss     |     vmem     |   read    | write  |    d:cpu    | d:bio  | d:swap | d:reclaim 
 44111 Thread 1 - main                                                |   591000 |   106000 |    43060842 |   5286375396 |  21203968 |   1024 |    14616669 |      0 |      0 |         0 
 44133 Thread 2 - Reference Handler                                   |     7000 |     2000 |      989746 |     71053976 |         0 |      0 |      580668 |      0 |      0 |         0 
 44134 Thread 3 - Finalizer                                           |     6000 |        0 |      759378 |     48521703 |      5120 |      0 |      172521 |      0 |      0 |         0 
 44135 Thread 4 - Surrogate Locker Thread (Concurrent GC)             |        0 |        0 |           0 |            0 |         0 |      0 |        4502 |      0 |      0 |         0 
 44136 Thread 5 - Signal Dispatcher                                   |        0 |        0 |           0 |            0 |         0 |      0 |           0 |      0 |      0 |         0 
 44146 Thread 11 - DecatonSubscriptionThread-decaton-benchmark        | 28919000 | 33331000 | 18713815912 | 606271391848 | 636765184 | 132096 | 20751764170 | 184504 |      0 |         0 
 44147 Thread 13 - kafka-coordinator-hear...hread | decaton-benchmark |   179000 |    62000 |    71712026 |   2345531409 |   6269952 |   5120 |    44048649 | 636965 |      0 |         0 
 44150 Thread 14 - PartitionProcessorThre...c02-b37d-6924495fef0a-0-0 |  1305000 |   455000 |   528725144 |  17170720257 |         0 |      0 |  1460516353 |      0 |      0 |         0 
 44151 Thread 15 - PartitionProcessorThre...c02-b37d-6924495fef0a-0-1 |  1330000 |   476000 |   542221508 |  17617224273 |     32768 |      0 |  1329100217 |      0 |      0 |         0 
 44152 Thread 16 - PartitionProcessorThre...c02-b37d-6924495fef0a-0-2 |  1312000 |   467000 |   534652070 |  17358240847 |      6144 |      0 |  1507579667 |      0 |      0 |         0 
 44153 Thread 17 - PartitionProcessorThre...c02-b37d-6924495fef0a-0-3 |  1307000 |   441000 |   526017398 |  17056415011 |         0 |      0 |  1366830326 |      0 |      0 |         0 
 44154 Thread 18 - PartitionProcessorThre...c02-b37d-6924495fef0a-0-4 |  1341000 |   483000 |   546188050 |  17795861671 |     35840 |      0 |  1387024296 |      0 |      0 |         0 
 44155 Thread 19 - PartitionProcessorThre...c02-b37d-6924495fef0a-0-5 |  1352000 |   479000 |   550359347 |  17866373034 |         0 |      0 |  1317427215 |      0 |      0 |         0 
 44156 Thread 20 - PartitionProcessorThre...c02-b37d-6924495fef0a-0-6 |  1226000 |   455000 |   505335789 |  16402740851 |         0 |      0 |  1201208611 |      0 |      0 |         0 
 44157 Thread 21 - PartitionProcessorThre...c02-b37d-6924495fef0a-0-7 |  1334000 |   433000 |   530006402 |  17240796874 |      1024 |      0 |  1464864097 |      0 |      0 |         0 
 44158 Thread 22 - PartitionProcessorThre...c02-b37d-6924495fef0a-0-8 |  1293000 |   492000 |   536960375 |  17417335464 |         0 |      0 |  1362680646 |      0 |      0 |         0 
 44159 Thread 23 - PartitionProcessorThre...c02-b37d-6924495fef0a-0-9 |  1267000 |   494000 |   528683047 |  17182048453 |         0 |      0 |  1561232386 |      0 |      0 |         0 
 44160 Thread 24 - PartitionProcessorThre...02-b37d-6924495fef0a-0-10 |  1275000 |   439000 |   513109574 |  16722583550 |         0 |      0 |  1379515017 |      0 |      0 |         0 
 44161 Thread 25 - PartitionProcessorThre...02-b37d-6924495fef0a-0-11 |  1311000 |   476000 |   537854586 |  17434853222 |    117760 |      0 |  1406209181 |      0 |      0 |         0 
 44162 Thread 26 - PartitionProcessorThre...02-b37d-6924495fef0a-0-12 |  1345000 |   448000 |   538598906 |  17492599054 |         0 |      0 |  1410108552 |      0 |      0 |         0 
 44163 Thread 27 - PartitionProcessorThre...02-b37d-6924495fef0a-0-13 |  1322000 |   460000 |   536099910 |  17387288054 |      7168 |      0 |  1354299021 |      0 |      0 |         0 
 44164 Thread 28 - PartitionProcessorThre...02-b37d-6924495fef0a-0-14 |  1255000 |   466000 |   517668160 |  16793335070 |         0 |      0 |  1618815012 |      0 |      0 |         0 
 44165 Thread 29 - PartitionProcessorThre...02-b37d-6924495fef0a-0-15 |  1264000 |   417000 |   506009332 |  16402958125 |         0 |      0 |  1497869908 |      0 |      0 |         0 
 44166 Thread 30 - PartitionProcessorThre...02-b37d-6924495fef0a-0-16 |  1236000 |   428000 |   498962348 |  16235266679 |         0 |      0 |  1465665887 |      0 |      0 |         0 
 44167 Thread 31 - PartitionProcessorThre...02-b37d-6924495fef0a-0-17 |  1303000 |   470000 |   534265531 |  17299667808 |         0 |      0 |  1373809054 |      0 |      0 |         0 
 44168 Thread 32 - PartitionProcessorThre...02-b37d-6924495fef0a-0-18 |  1346000 |   438000 |   537402965 |  17408708464 |         0 |      0 |  1457996582 |      0 |      0 |         0 
 44169 Thread 33 - PartitionProcessorThre...02-b37d-6924495fef0a-0-19 |  1348000 |   445000 |   540118558 |  17496179558 |         0 |      0 |  1444328628 |      0 |      0 |         0 
 44171 Thread 34 - PartitionProcessorThre...c02-b37d-6924495fef0a-2-0 |  1273000 |   445000 |   518140391 |  16763809179 |      3072 |      0 |  1543079114 |      0 |      0 |         0 
 44172 Thread 35 - PartitionProcessorThre...c02-b37d-6924495fef0a-2-1 |  1299000 |   444000 |   525352777 |  17007871050 |         0 |      0 |  1270763731 |      0 |      0 |         0 
 44173 Thread 36 - PartitionProcessorThre...c02-b37d-6924495fef0a-2-2 |  1347000 |   455000 |   543970101 |  17584094296 |         0 |      0 |  1655561015 |      0 |      0 |         0 
 44174 Thread 37 - PartitionProcessorThre...c02-b37d-6924495fef0a-2-3 |  1364000 |   438000 |   544357320 |  17583718140 |         0 |      0 |  1385004978 |      0 |      0 |         0 
 44175 Thread 38 - PartitionProcessorThre...c02-b37d-6924495fef0a-2-4 |  1324000 |   508000 |   553736953 |  17878082441 |         0 |      0 |  1350588352 |      0 |      0 |         0 
 44176 Thread 39 - PartitionProcessorThre...c02-b37d-6924495fef0a-2-5 |  1301000 |   475000 |   535147203 |  17330185519 |         0 |      0 |  1599296770 |      0 |      0 |         0 
 44177 Thread 40 - PartitionProcessorThre...c02-b37d-6924495fef0a-2-6 |  1293000 |   440000 |   521168179 |  16910498175 |      1024 |      0 |  1478755578 |      0 |      0 |         0 
 44178 Thread 41 - PartitionProcessorThre...c02-b37d-6924495fef0a-2-7 |  1275000 |   421000 |   511961609 |  16549684500 |         0 |      0 |  1439489301 |      0 |      0 |         0 
 44179 Thread 42 - PartitionProcessorThre...c02-b37d-6924495fef0a-2-8 |  1279000 |   442000 |   517040578 |  16792728269 |         0 |      0 |  1262463973 |      0 |      0 |         0 
 44180 Thread 43 - PartitionProcessorThre...c02-b37d-6924495fef0a-2-9 |  1339000 |   447000 |   538644820 |  17428416148 |         0 |      0 |  1556863083 |      0 |      0 |         0 
 44181 Thread 44 - PartitionProcessorThre...02-b37d-6924495fef0a-2-10 |  1278000 |   462000 |   524682445 |  16979411652 |         0 |      0 |  1490756587 |      0 |      0 |         0 
 44182 Thread 45 - PartitionProcessorThre...02-b37d-6924495fef0a-2-11 |  1341000 |   447000 |   536785062 |  17447089031 |         0 |      0 |  1242372168 |      0 |      0 |         0 
 44183 Thread 46 - PartitionProcessorThre...02-b37d-6924495fef0a-2-12 |  1281000 |   467000 |   525971722 |  17056971320 |         0 |      0 |  1344439564 |      0 |      0 |         0 
 44184 Thread 47 - PartitionProcessorThre...02-b37d-6924495fef0a-2-13 |  1303000 |   466000 |   532314742 |  17261475796 |         0 |      0 |  1171799227 |      0 |      0 |         0 
 44185 Thread 48 - PartitionProcessorThre...02-b37d-6924495fef0a-2-14 |  1307000 |   477000 |   536998387 |  17408049191 |         0 |      0 |  1443488814 |      0 |      0 |         0 
 44186 Thread 49 - PartitionProcessorThre...02-b37d-6924495fef0a-2-15 |  1276000 |   486000 |   531364594 |  17193582035 |         0 |      0 |  1349815287 |      0 |      0 |         0 
 44187 Thread 50 - PartitionProcessorThre...02-b37d-6924495fef0a-2-16 |  1302000 |   455000 |   529345203 |  17144537230 |         0 |      0 |  1531329444 |      0 |      0 |         0 
 44188 Thread 51 - PartitionProcessorThre...02-b37d-6924495fef0a-2-17 |  1242000 |   455000 |   511495758 |  16559704851 |         0 |      0 |  1362104243 |      0 |      0 |         0 
 44189 Thread 52 - PartitionProcessorThre...02-b37d-6924495fef0a-2-18 |  1261000 |   448000 |   514324933 |  16676133753 |         0 |      0 |  1219318342 |      0 |      0 |         0 
 44190 Thread 53 - PartitionProcessorThre...02-b37d-6924495fef0a-2-19 |  1273000 |   471000 |   525981883 |  17018162902 |         0 |      0 |  1596594300 |      0 |      0 |         0 
 44191 Thread 54 - PartitionProcessorThre...c02-b37d-6924495fef0a-1-0 |  1350000 |   442000 |   542096824 |  17486072812 |         0 |      0 |  1616709477 |      0 |      0 |         0 
 44192 Thread 55 - PartitionProcessorThre...c02-b37d-6924495fef0a-1-1 |  1263000 |   449000 |   517272637 |  16705627496 |         0 |      0 |  1541821845 |      0 |      0 |         0 
 44193 Thread 56 - PartitionProcessorThre...c02-b37d-6924495fef0a-1-2 |  1271000 |   448000 |   518826305 |  16773553089 |         0 |      0 |  1480746782 |      0 |      0 |         0 
 44194 Thread 57 - PartitionProcessorThre...c02-b37d-6924495fef0a-1-3 |  1222000 |   473000 |   512244301 |  16539888539 |         0 |      0 |  1253761485 |      0 |      0 |         0 
 44195 Thread 58 - PartitionProcessorThre...c02-b37d-6924495fef0a-1-4 |  1242000 |   475000 |   519376367 |  16754723953 |         0 |      0 |  1559427871 |      0 |      0 |         0 
 44196 Thread 59 - PartitionProcessorThre...c02-b37d-6924495fef0a-1-5 |  1377000 |   466000 |   557850949 |  17984839105 |         0 |      0 |  1650251189 |      0 |      0 |         0 
 44197 Thread 60 - PartitionProcessorThre...c02-b37d-6924495fef0a-1-6 |  1309000 |   433000 |   526669418 |  16998518863 |         0 |      0 |  1502320203 |      0 |      0 |         0 
 44198 Thread 61 - PartitionProcessorThre...c02-b37d-6924495fef0a-1-7 |  1277000 |   482000 |   533378801 |  17165226035 |         0 |      0 |  1304380849 |      0 |      0 |         0 
 44199 Thread 62 - PartitionProcessorThre...c02-b37d-6924495fef0a-1-8 |  1269000 |   500000 |   535995562 |  17262703871 |         0 |      0 |  1278082906 |      0 |      0 |         0 
 44200 Thread 63 - PartitionProcessorThre...c02-b37d-6924495fef0a-1-9 |  1315000 |   410000 |   521810879 |  16833611843 |         0 |      0 |  1546613075 |      0 |      0 |         0 
 44201 Thread 64 - PartitionProcessorThre...02-b37d-6924495fef0a-1-10 |  1188000 |   439000 |   493895715 |  15877164672 |         0 |      0 |  1287060647 |      0 |      0 |         0 
 44202 Thread 65 - PartitionProcessorThre...02-b37d-6924495fef0a-1-11 |  1271000 |   449000 |   519878898 |  16783598464 |         0 |      0 |  1571731853 |      0 |      0 |         0 
 44203 Thread 66 - PartitionProcessorThre...02-b37d-6924495fef0a-1-12 |  1313000 |   469000 |   539008371 |  17388960640 |         0 |      0 |  1506734581 |      0 |      0 |         0 
 44204 Thread 67 - PartitionProcessorThre...02-b37d-6924495fef0a-1-13 |  1298000 |   460000 |   531916476 |  17154591781 |         0 |      0 |  1554675998 |      0 |      0 |         0 
 44205 Thread 68 - PartitionProcessorThre...02-b37d-6924495fef0a-1-14 |  1287000 |   431000 |   520084672 |  16763910144 |         0 |      0 |  1374487685 |      0 |      0 |         0 
 44206 Thread 69 - PartitionProcessorThre...02-b37d-6924495fef0a-1-15 |  1252000 |   450000 |   515458828 |  16608427570 |         0 |      0 |  1474108059 |      0 |      0 |         0 
 44207 Thread 70 - PartitionProcessorThre...02-b37d-6924495fef0a-1-16 |  1239000 |   451000 |   510587351 |  16490564320 |         0 |      0 |  1280419018 |      0 |      0 |         0 
 44208 Thread 71 - PartitionProcessorThre...02-b37d-6924495fef0a-1-17 |  1293000 |   465000 |   531779953 |  17154797675 |      1024 |      0 |  1433062253 |      0 |      0 |         0 
 44209 Thread 72 - PartitionProcessorThre...02-b37d-6924495fef0a-1-18 |  1182000 |   456000 |   494324105 |  15982965484 |         0 |      0 |  1456143816 |      0 |      0 |         0 
 44210 Thread 73 - PartitionProcessorThre...02-b37d-6924495fef0a-1-19 |  1238000 |   421000 |   501655481 |  16188421781 |         0 |      0 |  1499563103 |      0 |      0 |         0 
 44653 Thread 74 - process reaper                                     |     2000 |        0 |      620085 |     19541042 |      2048 |      0 |       12247 |      0 |      0 |         0 
 44659 Thread 75 - Attach Listener                                    |   367000 |    97000 |   143062858 |   4534426612 |   5304320 | 235520 |     1835873 |      0 |      0 |         0 
