                                 Task                                 |  utime   |  stime   |     rss     |     vmem     |   read    | write  |    d:cpu    | d:bio  | d:swap | d:reclaim 
 41584 Thread 1 - main                                                |   831000 |   141000 |    65815705 |   7481320518 |  34331648 |      0 |     8297325 |      0 |      0 |         0 
 41606 Thread 2 - Reference Handler                                   |     5000 |     1000 |      447769 |     45714828 |         0 |      0 |    10497280 |      0 |      0 |         0 
 41607 Thread 3 - Finalizer                                           |     8000 |        0 |      963773 |     65953093 |      5120 |      0 |     2606282 |      0 |      0 |         0 
 41608 Thread 4 - Surrogate Locker Thread (Concurrent GC)             |        0 |        0 |           0 |            0 |         0 |      0 |       10426 |      0 |      0 |         0 
 41609 Thread 5 - Signal Dispatcher                                   |        0 |        0 |           0 |            0 |         0 |      0 |        4163 |      0 |      0 |         0 
 41619 Thread 12 - RMI Scheduler(0)                                   |     3000 |        0 |      641007 |     27278308 |      4096 |      0 |       18125 |      0 |      0 |         0 
 41620 Thread 13 - RMI RenewClean-[10.231.182.152:35669]              |        0 |        0 |           0 |            0 |      1024 |      0 |           0 |      0 |      0 |         0 
 41621 Thread 14 - GC Daemon                                          |        0 |        0 |           0 |            0 |         0 |      0 |       13418 |      0 |      0 |         0 
 41623 Thread 15 - DecatonSubscriptionThread-decaton-benchmark        | 30278000 | 34385000 | 18057065285 | 630143823288 | 624132096 | 121856 | 20684315523 |  98596 |      0 |         0 
 41624 Thread 16 - kafka-coordinator-hear...hread | decaton-benchmark |   209000 |    48000 |    71522394 |   2506679788 |   6905856 |   4096 |    28231877 | 182363 |      0 |         0 
 41629 Thread 17 - PartitionProcessorThre...bf1-8112-67fa74858556-0-0 |  1552000 |   446000 |   552571703 |  19473646089 |     35840 |      0 |  1546816529 |      0 |      0 |         0 
 41630 Thread 18 - PartitionProcessorThre...bf1-8112-67fa74858556-0-1 |  1487000 |   524000 |   555095469 |  19604779409 |      3072 |      0 |  1698546579 |      0 |      0 |         0 
 41631 Thread 19 - PartitionProcessorThre...bf1-8112-67fa74858556-0-2 |  1470000 |   467000 |   540686828 |  18894550570 |         0 |      0 |  1602120993 |      0 |      0 |         0 
 41632 Thread 20 - PartitionProcessorThre...bf1-8112-67fa74858556-0-3 |  1534000 |   461000 |   549678543 |  19447331640 |         0 |      0 |  1648964527 |      0 |      0 |         0 
 41633 Thread 21 - PartitionProcessorThre...bf1-8112-67fa74858556-0-4 |  1551000 |   472000 |   558427535 |  19718483964 |         0 |      0 |  1547811000 |      0 |      0 |         0 
 41634 Thread 22 - PartitionProcessorThre...bf1-8112-67fa74858556-0-5 |  1487000 |   493000 |   547308262 |  19303955206 |         0 |      0 |  1505377021 |      0 |      0 |         0 
 41635 Thread 23 - PartitionProcessorThre...bf1-8112-67fa74858556-0-6 |  1497000 |   475000 |   542436153 |  19218649238 |         0 |      0 |  1665583012 |      0 |      0 |         0 
 41636 Thread 24 - PartitionProcessorThre...bf1-8112-67fa74858556-0-7 |  1442000 |   418000 |   512542938 |  18132027824 |         0 |      0 |  1470363616 |      0 |      0 |         0 
 41637 Thread 25 - PartitionProcessorThre...bf1-8112-67fa74858556-0-8 |  1514000 |   452000 |   544163125 |  19170363148 |         0 |      0 |  1470729925 |      0 |      0 |         0 
 41638 Thread 26 - PartitionProcessorThre...bf1-8112-67fa74858556-0-9 |  1533000 |   415000 |   540101946 |  18996748144 |         0 |      0 |  1609845810 |      0 |      0 |         0 
 41639 Thread 27 - PartitionProcessorThre...f1-8112-67fa74858556-0-10 |  1602000 |   464000 |   572084230 |  20143646765 |         0 |      0 |  1343127406 |      0 |      0 |         0 
 41640 Thread 28 - PartitionProcessorThre...f1-8112-67fa74858556-0-11 |  1610000 |   477000 |   578216555 |  20352663226 |         0 |      0 |  1582990340 |      0 |      0 |         0 
 41641 Thread 29 - PartitionProcessorThre...f1-8112-67fa74858556-0-12 |  1576000 |   481000 |   570465168 |  20060799370 |         0 |      0 |  1584449835 |      0 |      0 |         0 
 41642 Thread 30 - PartitionProcessorThre...f1-8112-67fa74858556-0-13 |  1485000 |   481000 |   544857387 |  19172151652 |         0 |      0 |  1451204970 |      0 |      0 |         0 
 41643 Thread 31 - PartitionProcessorThre...f1-8112-67fa74858556-0-14 |  1528000 |   546000 |   575156574 |  20225125675 |      1024 |      0 |  1665759982 |      0 |      0 |         0 
 41644 Thread 32 - PartitionProcessorThre...f1-8112-67fa74858556-0-15 |  1526000 |   478000 |   553616879 |  19536249386 |      4096 |      0 |  1503463767 |      0 |      0 |         0 
 41645 Thread 33 - PartitionProcessorThre...f1-8112-67fa74858556-0-16 |  1537000 |   519000 |   569186875 |  20046328487 |         0 |      0 |  1776347173 |      0 |      0 |         0 
 41646 Thread 34 - PartitionProcessorThre...f1-8112-67fa74858556-0-17 |  1514000 |   474000 |   551306321 |  19390135409 |         0 |      0 |  1520760090 |      0 |      0 |         0 
 41647 Thread 35 - PartitionProcessorThre...f1-8112-67fa74858556-0-18 |  1477000 |   468000 |   538527270 |  18964035843 |         0 |      0 |  1570082475 |      0 |      0 |         0 
 41648 Thread 36 - PartitionProcessorThre...f1-8112-67fa74858556-0-19 |  1488000 |   483000 |   547352227 |  19221603339 |         0 |      0 |  1526409287 |      0 |      0 |         0 
 41649 Thread 37 - PartitionProcessorThre...bf1-8112-67fa74858556-2-0 |  1530000 |   460000 |   558161934 |  19423114816 |         0 |      0 |  1604530200 |      0 |      0 |         0 
 41650 Thread 38 - PartitionProcessorThre...bf1-8112-67fa74858556-2-1 |  1471000 |   459000 |   542237891 |  18838038929 |         0 |      0 |  1510500474 |      0 |      0 |         0 
 41651 Thread 39 - PartitionProcessorThre...bf1-8112-67fa74858556-2-2 |  1498000 |   484000 |   557390637 |  19347339065 |         0 |      0 |  1618155778 |      0 |      0 |         0 
 41652 Thread 40 - PartitionProcessorThre...bf1-8112-67fa74858556-2-3 |  1467000 |   474000 |   545849379 |  18946419948 |         0 |      0 |  1590472854 |      0 |      0 |         0 
 41653 Thread 41 - PartitionProcessorThre...bf1-8112-67fa74858556-2-4 |  1462000 |   464000 |   540578297 |  18799245933 |         0 |      0 |  1480588167 |      0 |      0 |         0 
 41654 Thread 42 - PartitionProcessorThre...bf1-8112-67fa74858556-2-5 |  1510000 |   434000 |   544681114 |  18974532257 |         0 |      0 |  1570181749 |      0 |      0 |         0 
 41655 Thread 43 - PartitionProcessorThre...bf1-8112-67fa74858556-2-6 |  1516000 |   425000 |   545732723 |  18946065402 |         0 |      0 |  1621518945 |      0 |      0 |         0 
 41656 Thread 44 - PartitionProcessorThre...bf1-8112-67fa74858556-2-7 |  1465000 |   534000 |   561160836 |  19513122628 |         0 |      0 |  1675252368 |      0 |      0 |         0 
 41657 Thread 45 - PartitionProcessorThre...bf1-8112-67fa74858556-2-8 |  1478000 |   478000 |   548673793 |  19092182948 |         0 |      0 |  1331270642 |      0 |      0 |         0 
 41658 Thread 46 - PartitionProcessorThre...bf1-8112-67fa74858556-2-9 |  1497000 |   515000 |   563348969 |  19638017276 |         0 |      0 |  1454243656 |      0 |      0 |         0 
 41659 Thread 47 - PartitionProcessorThre...f1-8112-67fa74858556-2-10 |  1538000 |   491000 |   570876543 |  19805547370 |         0 |      0 |  1393003039 |      0 |      0 |         0 
 41660 Thread 48 - PartitionProcessorThre...f1-8112-67fa74858556-2-11 |  1509000 |   469000 |   556112590 |  19307203847 |         0 |      0 |  1552800759 |      0 |      0 |         0 
 41661 Thread 49 - PartitionProcessorThre...f1-8112-67fa74858556-2-12 |  1461000 |   479000 |   544938274 |  18936265956 |         0 |      0 |  1617846544 |      0 |      0 |         0 
 41662 Thread 50 - PartitionProcessorThre...f1-8112-67fa74858556-2-13 |  1375000 |   478000 |   519815454 |  18086572917 |         0 |      0 |  1477510403 |      0 |      0 |         0 
 41663 Thread 51 - PartitionProcessorThre...f1-8112-67fa74858556-2-14 |  1498000 |   443000 |   544964141 |  18946660706 |      1024 |      0 |  1544270230 |      0 |      0 |         0 
 41664 Thread 52 - PartitionProcessorThre...f1-8112-67fa74858556-2-15 |  1435000 |   471000 |   534614293 |  18603848566 |         0 |      0 |  1481279768 |      0 |      0 |         0 
 41665 Thread 53 - PartitionProcessorThre...f1-8112-67fa74858556-2-16 |  1525000 |   507000 |   570038938 |  19834438940 |         0 |      0 |  1613053567 |      0 |      0 |         0 
 41666 Thread 54 - PartitionProcessorThre...f1-8112-67fa74858556-2-17 |  1515000 |   468000 |   556591317 |  19355984855 |         0 |      0 |  1607693408 |      0 |      0 |         0 
 41667 Thread 55 - PartitionProcessorThre...f1-8112-67fa74858556-2-18 |  1525000 |   472000 |   561053871 |  19493036792 |         0 |      0 |  1589006991 |      0 |      0 |         0 
 41668 Thread 56 - PartitionProcessorThre...f1-8112-67fa74858556-2-19 |  1461000 |   492000 |   549450489 |  19063616808 |         0 |      0 |  1452239955 |      0 |      0 |         0 
 41669 Thread 57 - PartitionProcessorThre...bf1-8112-67fa74858556-1-0 |  1410000 |   406000 |   511351082 |  17726071347 |         0 |      0 |  1604214670 |      0 |      0 |         0 
 41670 Thread 58 - PartitionProcessorThre...bf1-8112-67fa74858556-1-1 |  1554000 |   476000 |   571076449 |  19814188433 |         0 |      0 |  1601108565 |      0 |      0 |         0 
 41671 Thread 59 - PartitionProcessorThre...bf1-8112-67fa74858556-1-2 |  1513000 |   438000 |   548886699 |  19042187718 |         0 |      0 |  1734072188 |      0 |      0 |         0 
 41672 Thread 60 - PartitionProcessorThre...bf1-8112-67fa74858556-1-3 |  1441000 |   505000 |   547552496 |  18994531386 |         0 |      0 |  1505194133 |      0 |      0 |         0 
 41673 Thread 61 - PartitionProcessorThre...bf1-8112-67fa74858556-1-4 |  1550000 |   503000 |   576722465 |  20038979608 |         0 |      0 |  1569169101 |      0 |      0 |         0 
 41674 Thread 62 - PartitionProcessorThre...bf1-8112-67fa74858556-1-5 |  1433000 |   455000 |   530118403 |  18428209101 |         0 |      0 |  1651501280 |      0 |      0 |         0 
 41675 Thread 63 - PartitionProcessorThre...bf1-8112-67fa74858556-1-6 |  1448000 |   504000 |   549097981 |  19053029136 |         0 |      0 |  1590640692 |      0 |      0 |         0 
 41676 Thread 64 - PartitionProcessorThre...bf1-8112-67fa74858556-1-7 |  1421000 |   468000 |   531705688 |  18438317195 |         0 |      0 |  1683008306 |      0 |      0 |         0 
 41677 Thread 65 - PartitionProcessorThre...bf1-8112-67fa74858556-1-8 |  1551000 |   453000 |   563239059 |  19561874401 |         0 |      0 |  1604329162 |      0 |      0 |         0 
 41678 Thread 66 - PartitionProcessorThre...bf1-8112-67fa74858556-1-9 |  1481000 |   488000 |   553893129 |  19219694304 |         0 |      0 |  1661466829 |      0 |      0 |         0 
 41679 Thread 67 - PartitionProcessorThre...f1-8112-67fa74858556-1-10 |  1518000 |   455000 |   555190203 |  19258724327 |         0 |      0 |  1703810371 |      0 |      0 |         0 
 41680 Thread 68 - PartitionProcessorThre...f1-8112-67fa74858556-1-11 |  1510000 |   496000 |   564844008 |  19579897952 |         0 |      0 |  1794066677 |      0 |      0 |         0 
 41681 Thread 69 - PartitionProcessorThre...f1-8112-67fa74858556-1-12 |  1541000 |   515000 |   578825105 |  20068927917 |         0 |      0 |  1596123651 |      0 |      0 |         0 
 41682 Thread 70 - PartitionProcessorThre...f1-8112-67fa74858556-1-13 |  1457000 |   473000 |   543423137 |  18839371976 |         0 |      0 |  1533416559 |      0 |      0 |         0 
 41683 Thread 71 - PartitionProcessorThre...f1-8112-67fa74858556-1-14 |  1394000 |   462000 |   523087758 |  18116503117 |         0 |      0 |  1488144668 |      0 |      0 |         0 
 41684 Thread 72 - PartitionProcessorThre...f1-8112-67fa74858556-1-15 |  1419000 |   476000 |   532856996 |  18496967058 |         0 |      0 |  1478452213 |      0 |      0 |         0 
 41685 Thread 73 - PartitionProcessorThre...f1-8112-67fa74858556-1-16 |  1481000 |   462000 |   546522242 |  18966388663 |         0 |      0 |  1567509990 |      0 |      0 |         0 
 41686 Thread 74 - PartitionProcessorThre...f1-8112-67fa74858556-1-17 |  1414000 |   427000 |   518364903 |  17970567531 |         0 |      0 |  1503428090 |      0 |      0 |         0 
 41687 Thread 75 - PartitionProcessorThre...f1-8112-67fa74858556-1-18 |  1404000 |   467000 |   526910805 |  18263187917 |         0 |      0 |  1575224786 |      0 |      0 |         0 
 41688 Thread 76 - PartitionProcessorThre...f1-8112-67fa74858556-1-19 |  1456000 |   397000 |   521606977 |  18087835855 |         0 |      0 |  1753486470 |      0 |      0 |         0 
 41868 Thread 77 - process reaper                                     |     1000 |        0 |      288718 |      9788742 |         0 |      0 |       16998 |      0 |      0 |         0 
 41873 Thread 78 - Attach Listener                                    |   440000 |   101000 |   154613581 |   5288220249 |   5144576 | 200704 |    12392211 |      0 |      0 |         0 
