                                 Task                                 |  utime   |  stime   |     rss     |     vmem     |   read    | write  |    d:cpu    |  d:bio  | d:swap | d:reclaim 
 39320 Thread 1 - main                                                |   864000 |   149000 |    67523482 |   7780962084 |  34331648 |   1024 |     7049078 |       0 |      0 |         0 
 39342 Thread 2 - Reference Handler                                   |     6000 |        0 |      622769 |     48754433 |         0 |      0 |     1409839 |       0 |      0 |         0 
 39343 Thread 3 - Finalizer                                           |     7000 |        0 |      846550 |     56475749 |      5120 |      0 |     1926803 |       0 |      0 |         0 
 39344 Thread 4 - Surrogate Locker Thread (Concurrent GC)             |        0 |        0 |           0 |            0 |         0 |      0 |           0 |       0 |      0 |         0 
 39345 Thread 5 - Signal Dispatcher                                   |        0 |        0 |           0 |            0 |         0 |      0 |        8733 |       0 |      0 |         0 
 39355 Thread 12 - RMI Scheduler(0)                                   |     2000 |     1000 |      689484 |     27311519 |      4096 |      0 |       14095 |       0 |      0 |         0 
 39356 Thread 13 - RMI RenewClean-[10.231.182.152:34486]              |        0 |        0 |           0 |            0 |      1024 |      0 |           0 |       0 |      0 |         0 
 39357 Thread 14 - GC Daemon                                          |     1000 |        0 |       82558 |      7893253 |         0 |      0 |           0 |       0 |      0 |         0 
 39359 Thread 15 - DecatonSubscriptionThread-decaton-benchmark        | 27124000 | 30475000 | 16724154912 | 561048321549 | 572171264 | 133120 | 19274148251 |  159963 |      0 |         0 
 39361 Thread 16 - kafka-coordinator-hear...hread | decaton-benchmark |   214000 |    31000 |    70112890 |   2381766796 |   7533568 |   5120 |    55699385 |  187526 |      0 |         0 
 39365 Thread 17 - PartitionProcessorThre...698-8d62-6969e6c24a52-1-0 |  1355000 |   417000 |   509373332 |  17252507808 |     35840 |      0 |  1617782037 |       0 |      0 |         0 
 39366 Thread 18 - PartitionProcessorThre...698-8d62-6969e6c24a52-1-1 |  1491000 |   387000 |   540531602 |  18298934648 |      6144 |      0 |  1687426476 |       0 |      0 |         0 
 39367 Thread 19 - PartitionProcessorThre...698-8d62-6969e6c24a52-1-2 |  1422000 |   390000 |   524769965 |  17670663461 |         0 |      0 |  1828210449 |       0 |      0 |         0 
 39368 Thread 20 - PartitionProcessorThre...698-8d62-6969e6c24a52-1-3 |  1437000 |   394000 |   527214430 |  17850342008 |         0 |      0 |  1979787058 |       0 |      0 |         0 
 39369 Thread 21 - PartitionProcessorThre...698-8d62-6969e6c24a52-1-4 |  1430000 |   441000 |   538175609 |  18238785758 |         0 |      0 |  1832475036 |       0 |      0 |         0 
 39370 Thread 22 - PartitionProcessorThre...698-8d62-6969e6c24a52-1-5 |  1403000 |   433000 |   529464485 |  17896951789 |         0 |      0 |  1821060864 |       0 |      0 |         0 
 39371 Thread 23 - PartitionProcessorThre...698-8d62-6969e6c24a52-1-6 |  1367000 |   425000 |   517143610 |  17467656703 |         0 |      0 |  1651436912 |       0 |      0 |         0 
 39372 Thread 24 - PartitionProcessorThre...698-8d62-6969e6c24a52-1-7 |  1414000 |   389000 |   521052477 |  17576738531 |         0 |      0 |  1562059306 |       0 |      0 |         0 
 39373 Thread 25 - PartitionProcessorThre...698-8d62-6969e6c24a52-1-8 |  1380000 |   397000 |   512956719 |  17323986746 |         0 |      0 |  1744267474 |       0 |      0 |         0 
 39374 Thread 26 - PartitionProcessorThre...698-8d62-6969e6c24a52-1-9 |  1415000 |   416000 |   529817801 |  17853154660 |         0 |      0 |  1563404976 |       0 |      0 |         0 
 39375 Thread 27 - PartitionProcessorThre...98-8d62-6969e6c24a52-1-10 |  1361000 |   413000 |   514246676 |  17295830461 |         0 |      0 |  1661311890 |       0 |      0 |         0 
 39376 Thread 28 - PartitionProcessorThre...98-8d62-6969e6c24a52-1-11 |  1411000 |   464000 |   539756828 |  18274418312 |         0 |      0 |  1632008769 |       0 |      0 |         0 
 39377 Thread 29 - PartitionProcessorThre...98-8d62-6969e6c24a52-1-12 |  1465000 |   420000 |   543891984 |  18374995632 |         0 |      0 |  1715747507 |       0 |      0 |         0 
 39378 Thread 30 - PartitionProcessorThre...98-8d62-6969e6c24a52-1-13 |  1407000 |   394000 |   517979367 |  17551995043 |         0 |      0 |  1127468677 |       0 |      0 |         0 
 39379 Thread 31 - PartitionProcessorThre...98-8d62-6969e6c24a52-1-14 |  1387000 |   433000 |   528311520 |  17747229820 |         0 |      0 |  1603590142 |       0 |      0 |         0 
 39380 Thread 32 - PartitionProcessorThre...98-8d62-6969e6c24a52-1-15 |  1372000 |   395000 |   508897258 |  17223379719 |         0 |      0 |  1287815872 |       0 |      0 |         0 
 39381 Thread 33 - PartitionProcessorThre...98-8d62-6969e6c24a52-1-16 |  1344000 |   420000 |   510433989 |  17201253187 |         0 |      0 |  1812471773 |       0 |      0 |         0 
 39382 Thread 34 - PartitionProcessorThre...98-8d62-6969e6c24a52-1-17 |  1448000 |   386000 |   529427985 |  17880786195 |         0 |      0 |  1850455955 |       0 |      0 |         0 
 39383 Thread 35 - PartitionProcessorThre...98-8d62-6969e6c24a52-1-18 |  1399000 |   406000 |   517281149 |  17591331152 |         0 |      0 |  1493221852 |       0 |      0 |         0 
 39384 Thread 36 - PartitionProcessorThre...98-8d62-6969e6c24a52-1-19 |  1362000 |   404000 |   510836578 |  17217340598 |         0 |      0 |  1795713173 |       0 |      0 |         0 
 39385 Thread 37 - PartitionProcessorThre...698-8d62-6969e6c24a52-2-0 |  1429000 |   408000 |   536387172 |  17926195824 |         0 |      0 |  1496066668 |       0 |      0 |         0 
 39386 Thread 38 - PartitionProcessorThre...698-8d62-6969e6c24a52-2-1 |  1338000 |   419000 |   510703680 |  17145225203 |         0 |      0 |  1646295983 |       0 |      0 |         0 
 39387 Thread 39 - PartitionProcessorThre...698-8d62-6969e6c24a52-2-2 |  1376000 |   391000 |   517108188 |  17243007121 |         0 |      0 |  1732009969 |       0 |      0 |         0 
 39388 Thread 40 - PartitionProcessorThre...698-8d62-6969e6c24a52-2-3 |  1442000 |   396000 |   536789457 |  17935913589 |         0 |      0 |  1637211451 |       0 |      0 |         0 
 39389 Thread 41 - PartitionProcessorThre...698-8d62-6969e6c24a52-2-4 |  1497000 |   421000 |   559291773 |  18716329933 |         0 |      0 |  1686203381 |       0 |      0 |         0 
 39390 Thread 42 - PartitionProcessorThre...698-8d62-6969e6c24a52-2-5 |  1313000 |   443000 |   513845090 |  17135652164 |         0 |      0 |  1527796194 |       0 |      0 |         0 
 39391 Thread 43 - PartitionProcessorThre...698-8d62-6969e6c24a52-2-6 |  1352000 |   429000 |   520922813 |  17379584015 |         0 |      0 |  1688375585 |       0 |      0 |         0 
 39392 Thread 44 - PartitionProcessorThre...698-8d62-6969e6c24a52-2-7 |  1375000 |   423000 |   525448067 |  17545336074 |         0 |      0 |  1517986654 |       0 |      0 |         0 
 39393 Thread 45 - PartitionProcessorThre...698-8d62-6969e6c24a52-2-8 |  1321000 |   428000 |   512028227 |  17067273320 |         0 |      0 |  1393014392 |       0 |      0 |         0 
 39394 Thread 46 - PartitionProcessorThre...698-8d62-6969e6c24a52-2-9 |  1300000 |   468000 |   515995192 |  17252670699 |         0 |      0 |  1682119891 |       0 |      0 |         0 
 39395 Thread 47 - PartitionProcessorThre...98-8d62-6969e6c24a52-2-10 |  1363000 |   388000 |   512131297 |  17086414051 |         0 |      0 |  1350770750 |       0 |      0 |         0 
 39396 Thread 48 - PartitionProcessorThre...98-8d62-6969e6c24a52-2-11 |  1292000 |   425000 |   502060469 |  16755163449 |  10831872 |      0 |  1581837274 |       0 |      0 |         0 
 39397 Thread 49 - PartitionProcessorThre...98-8d62-6969e6c24a52-2-12 |  1331000 |   434000 |   515554477 |  17223567785 |         0 |      0 |  1673205378 |       0 |      0 |         0 
 39398 Thread 50 - PartitionProcessorThre...98-8d62-6969e6c24a52-2-13 |  1358000 |   427000 |   521676504 |  17418612640 |         0 |      0 |  1866345963 |  201784 |      0 |         0 
 39399 Thread 51 - PartitionProcessorThre...98-8d62-6969e6c24a52-2-14 |  1313000 |   410000 |   502725668 |  16813567523 |         0 |      0 |  1520050885 |       0 |      0 |         0 
 39400 Thread 52 - PartitionProcessorThre...98-8d62-6969e6c24a52-2-15 |  1266000 |   402000 |   487462098 |  16276888637 |         0 |      0 |  1486965163 |       0 |      0 |         0 
 39401 Thread 53 - PartitionProcessorThre...98-8d62-6969e6c24a52-2-16 |  1399000 |   456000 |   540738594 |  18101526730 |         0 |      0 |  1499473829 |       0 |      0 |         0 
 39402 Thread 54 - PartitionProcessorThre...98-8d62-6969e6c24a52-2-17 |  1393000 |   408000 |   526297278 |  17574812652 |         0 |      0 |  1825423187 |       0 |      0 |         0 
 39403 Thread 55 - PartitionProcessorThre...98-8d62-6969e6c24a52-2-18 |  1398000 |   427000 |   532750676 |  17808825355 |      1024 |      0 |  1706107120 |       0 |      0 |         0 
 39404 Thread 56 - PartitionProcessorThre...98-8d62-6969e6c24a52-2-19 |  1354000 |   446000 |   525188360 |  17564506902 |         0 |      0 |  1685281765 |       0 |      0 |         0 
 39406 Thread 57 - PartitionProcessorThre...698-8d62-6969e6c24a52-0-0 |  1293000 |   395000 |   493693122 |  16472211773 |         0 |      0 |  1438809756 |       0 |      0 |         0 
 39407 Thread 58 - PartitionProcessorThre...698-8d62-6969e6c24a52-0-1 |  1348000 |   442000 |   525310856 |  17467705500 |         0 |      0 |  1627736211 |       0 |      0 |         0 
 39408 Thread 59 - PartitionProcessorThre...698-8d62-6969e6c24a52-0-2 |  1318000 |   460000 |   521721582 |  17350905437 |         0 |      0 |  1390291131 |       0 |      0 |         0 
 39409 Thread 60 - PartitionProcessorThre...698-8d62-6969e6c24a52-0-3 |  1376000 |   396000 |   518577395 |  17291607387 |         0 |      0 |  1815720960 |       0 |      0 |         0 
 39410 Thread 61 - PartitionProcessorThre...698-8d62-6969e6c24a52-0-4 |  1331000 |   394000 |   504075516 |  16833291621 |         0 |      0 |  1433268236 |       0 |      0 |         0 
 39411 Thread 62 - PartitionProcessorThre...698-8d62-6969e6c24a52-0-5 |  1367000 |   357000 |   504663969 |  16823475629 |         0 |      0 |  1427199962 |       0 |      0 |         0 
 39412 Thread 63 - PartitionProcessorThre...698-8d62-6969e6c24a52-0-6 |  1414000 |   438000 |   542545223 |  18072611734 |         0 |      0 |  1736847232 |       0 |      0 |         0 
 39413 Thread 64 - PartitionProcessorThre...698-8d62-6969e6c24a52-0-7 |  1329000 |   399000 |   506388719 |  16862175687 |         0 |      0 |  1458891554 |       0 |      0 |         0 
 39414 Thread 65 - PartitionProcessorThre...698-8d62-6969e6c24a52-0-8 |  1335000 |   402000 |   508722457 |  16950357480 |         0 |      0 |  1624480699 |       0 |      0 |         0 
 39415 Thread 66 - PartitionProcessorThre...698-8d62-6969e6c24a52-0-9 |  1323000 |   453000 |   520736840 |  17331064929 |         0 |      0 |  1464241897 |       0 |      0 |         0 
 39416 Thread 67 - PartitionProcessorThre...98-8d62-6969e6c24a52-0-10 |  1475000 |   405000 |   550911367 |  18345324445 |         0 |      0 |  1796116884 |       0 |      0 |         0 
 39417 Thread 68 - PartitionProcessorThre...98-8d62-6969e6c24a52-0-11 |  1387000 |   414000 |   527097102 |  17574547375 |         0 |      0 |  1655335095 |       0 |      0 |         0 
 39418 Thread 69 - PartitionProcessorThre...98-8d62-6969e6c24a52-0-12 |  1431000 |   420000 |   542827324 |  18062684320 |         0 |      0 |  1789550510 |       0 |      0 |         0 
 39419 Thread 70 - PartitionProcessorThre...98-8d62-6969e6c24a52-0-13 |  1293000 |   429000 |   504094329 |  16804525777 |         0 |      0 |  1424992173 |       0 |      0 |         0 
 39420 Thread 71 - PartitionProcessorThre...98-8d62-6969e6c24a52-0-14 |  1370000 |   397000 |   518440516 |  17242988527 |         0 |      0 |  1428959523 |       0 |      0 |         0 
 39421 Thread 72 - PartitionProcessorThre...98-8d62-6969e6c24a52-0-15 |  1453000 |   431000 |   552388356 |  18384675363 |         0 |      0 |  1769397663 |       0 |      0 |         0 
 39422 Thread 73 - PartitionProcessorThre...98-8d62-6969e6c24a52-0-16 |  1389000 |   397000 |   524051602 |  17428548176 |         0 |      0 |  1736514740 |       0 |      0 |         0 
 39423 Thread 74 - PartitionProcessorThre...98-8d62-6969e6c24a52-0-17 |  1336000 |   381000 |   503828125 |  16755541992 |         0 |      0 |  1646242614 |       0 |      0 |         0 
 39424 Thread 75 - PartitionProcessorThre...98-8d62-6969e6c24a52-0-18 |  1404000 |   438000 |   538915875 |  17974766000 |         0 |      0 |  1608103206 |       0 |      0 |         0 
 39425 Thread 76 - PartitionProcessorThre...98-8d62-6969e6c24a52-0-19 |  1383000 |   413000 |   525949344 |  17526520136 |         0 |      0 |  1552063012 | 6658943 |      0 |         0 
 39725 Thread 77 - process reaper                                     |     1000 |     2000 |      919511 |     29336457 |         0 |      0 |       20154 |       0 |      0 |         0 
 39731 Thread 78 - Attach Listener                                    |   434000 |   103000 |   161047030 |   5249131620 |   5144576 | 137216 |     2954768 |       0 |      0 |         0 
