                                 Task                                 |  utime   |  stime   |     rss     |     vmem     |   read    | write  |    d:cpu    | d:bio  | d:swap | d:reclaim 
 20327 Thread 1 - main                                                |   726000 |   109000 |    52117291 |   6389670478 |  22117376 |   1024 |     9110590 |      0 |      0 |         0 
 20349 Thread 2 - Reference Handler                                   |     8000 |        0 |      785910 |     65156292 |         0 |      0 |     2888211 |      0 |      0 |         0 
 20350 Thread 3 - Finalizer                                           |     8000 |        0 |      639148 |     62561054 |      5120 |      0 |      859599 |      0 |      0 |         0 
 20351 Thread 4 - Surrogate Locker Thread (Concurrent GC)             |        0 |        0 |           0 |            0 |         0 |      0 |       84200 |      0 |      0 |         0 
 20352 Thread 5 - Signal Dispatcher                                   |        0 |        0 |           0 |            0 |         0 |      0 |           0 |      0 |      0 |         0 
 20361 Thread 12 - RMI Scheduler(0)                                   |     2000 |        0 |      574257 |     19515039 |      4096 |      0 |       12628 |      0 |      0 |         0 
 20363 Thread 13 - RMI RenewClean-[10.231.182.152:34799]              |     1000 |        0 |       81820 |      7893242 |      1024 |      0 |       11186 |      0 |      0 |         0 
 20364 Thread 14 - GC Daemon                                          |        0 |        0 |           0 |            0 |         0 |      0 |           0 |      0 |      0 |         0 
 20366 Thread 15 - DecatonSubscriptionThread-decaton-benchmark        | 32857000 | 34490000 | 19370308643 | 656186823622 | 634976256 | 129024 | 20497724237 | 206906 |      0 |         0 
 20368 Thread 16 - kafka-coordinator-hear...hread | decaton-benchmark |   201000 |    65000 |    76295378 |   2592515979 |   7776256 |   4096 |    65497115 | 297826 |      0 |         0 
 20371 Thread 17 - PartitionProcessorThre...329-844a-0c1a63e26330-2-0 |  1402000 |   414000 |   518682239 |  17709395350 |     32768 |      0 |  1571232235 |      0 |      0 |         0 
 20372 Thread 18 - PartitionProcessorThre...329-844a-0c1a63e26330-2-1 |  1458000 |   484000 |   555365219 |  18950724962 |         0 |      0 |  1812525018 |      0 |      0 |         0 
 20373 Thread 19 - PartitionProcessorThre...329-844a-0c1a63e26330-2-2 |  1418000 |   441000 |   533300606 |  18143905717 |         0 |      0 |  1842494112 |      0 |      0 |         0 
 20374 Thread 20 - PartitionProcessorThre...329-844a-0c1a63e26330-2-3 |  1539000 |   460000 |   572696754 |  19499822037 |      3072 |      0 |  1650618733 |      0 |      0 |         0 
 20375 Thread 21 - PartitionProcessorThre...329-844a-0c1a63e26330-2-4 |  1494000 |   470000 |   560518512 |  19165165384 |    118784 |      0 |  1713578327 |      0 |      0 |         0 
 20376 Thread 22 - PartitionProcessorThre...329-844a-0c1a63e26330-2-5 |  1461000 |   460000 |   551495657 |  18747454412 |         0 |      0 |  1930173239 |      0 |      0 |         0 
 20377 Thread 23 - PartitionProcessorThre...329-844a-0c1a63e26330-2-6 |  1454000 |   500000 |   560058164 |  19070711095 |      1024 |      0 |  1564724464 |      0 |      0 |         0 
 20378 Thread 24 - PartitionProcessorThre...329-844a-0c1a63e26330-2-7 |  1457000 |   506000 |   560631481 |  19157509251 |      1024 |      0 |  1789783703 |      0 |      0 |         0 
 20379 Thread 25 - PartitionProcessorThre...329-844a-0c1a63e26330-2-8 |  1368000 |   487000 |   531199250 |  18104981178 |      3072 |      0 |  1715680444 |      0 |      0 |         0 
 20380 Thread 26 - PartitionProcessorThre...329-844a-0c1a63e26330-2-9 |  1333000 |   452000 |   510486762 |  17420938990 |         0 |      0 |  1707282854 |      0 |      0 |         0 
 20381 Thread 27 - PartitionProcessorThre...29-844a-0c1a63e26330-2-10 |  1369000 |   451000 |   521321129 |  17762652236 |         0 |      0 |  1739240758 |      0 |      0 |         0 
 20382 Thread 28 - PartitionProcessorThre...29-844a-0c1a63e26330-2-11 |  1419000 |   464000 |   541350032 |  18378971998 |         0 |      0 |  1718372318 |      0 |      0 |         0 
 20383 Thread 29 - PartitionProcessorThre...29-844a-0c1a63e26330-2-12 |  1363000 |   462000 |   526791786 |  17811801568 |      3072 |      0 |  1741014417 |      0 |      0 |         0 
 20384 Thread 30 - PartitionProcessorThre...29-844a-0c1a63e26330-2-13 |  1378000 |   481000 |   532133481 |  18145122053 |         0 |      0 |  1659529261 |      0 |      0 |         0 
 20385 Thread 31 - PartitionProcessorThre...29-844a-0c1a63e26330-2-14 |  1452000 |   488000 |   555717059 |  18933353060 |         0 |      0 |  1700683259 |      0 |      0 |         0 
 20386 Thread 32 - PartitionProcessorThre...29-844a-0c1a63e26330-2-15 |  1403000 |   491000 |   540414208 |  18482969166 |         0 |      0 |  1848808507 |      0 |      0 |         0 
 20387 Thread 33 - PartitionProcessorThre...29-844a-0c1a63e26330-2-16 |  1387000 |   460000 |   530946571 |  18027376389 |         0 |      0 |  1793529265 |      0 |      0 |         0 
 20388 Thread 34 - PartitionProcessorThre...29-844a-0c1a63e26330-2-17 |  1432000 |   437000 |   535736665 |  18240929443 |         0 |      0 |  1595067437 |      0 |      0 |         0 
 20389 Thread 35 - PartitionProcessorThre...29-844a-0c1a63e26330-2-18 |  1416000 |   437000 |   529252227 |  18085213295 |         0 |      0 |  1605080865 |      0 |      0 |         0 
 20390 Thread 36 - PartitionProcessorThre...29-844a-0c1a63e26330-2-19 |  1408000 |   470000 |   539698297 |  18329797072 |         0 |      0 |  1608942689 |      0 |      0 |         0 
 20391 Thread 37 - PartitionProcessorThre...329-844a-0c1a63e26330-0-0 |  1409000 |   507000 |   554079485 |  18701411048 |         0 |      0 |  1729603067 |      0 |      0 |         0 
 20392 Thread 38 - PartitionProcessorThre...329-844a-0c1a63e26330-0-1 |  1381000 |   458000 |   530110122 |  17949317349 |         0 |      0 |  1846758921 |      0 |      0 |         0 
 20393 Thread 39 - PartitionProcessorThre...329-844a-0c1a63e26330-0-2 |  1426000 |   455000 |   543826161 |  18360477088 |         0 |      0 |  1765730285 |      0 |      0 |         0 
 20394 Thread 40 - PartitionProcessorThre...329-844a-0c1a63e26330-0-3 |  1404000 |   518000 |   556326414 |  18760524595 |         0 |      0 |  1775489079 |      0 |      0 |         0 
 20395 Thread 41 - PartitionProcessorThre...329-844a-0c1a63e26330-0-4 |  1440000 |   458000 |   548376446 |  18526754459 |         0 |      0 |  1816759343 |      0 |      0 |         0 
 20396 Thread 42 - PartitionProcessorThre...329-844a-0c1a63e26330-0-5 |  1360000 |   524000 |   544202703 |  18388818248 |         0 |      0 |  1909647362 |      0 |      0 |         0 
 20397 Thread 43 - PartitionProcessorThre...329-844a-0c1a63e26330-0-6 |  1406000 |   471000 |   542237102 |  18320310185 |         0 |      0 |  2060551403 |      0 |      0 |         0 
 20398 Thread 44 - PartitionProcessorThre...329-844a-0c1a63e26330-0-7 |  1333000 |   443000 |   513633059 |  17335202350 |         0 |      0 |  1666182041 |      0 |      0 |         0 
 20399 Thread 45 - PartitionProcessorThre...329-844a-0c1a63e26330-0-8 |  1389000 |   457000 |   533033520 |  18017803166 |         0 |      0 |  1701685348 |      0 |      0 |         0 
 20400 Thread 46 - PartitionProcessorThre...329-844a-0c1a63e26330-0-9 |  1348000 |   504000 |   536538243 |  18076379135 |         0 |      0 |  1810213000 |      0 |      0 |         0 
 20401 Thread 47 - PartitionProcessorThre...29-844a-0c1a63e26330-0-10 |  1320000 |   451000 |   512229380 |  17286344209 |         0 |      0 |  1854557395 |      0 |      0 |         0 
 20402 Thread 48 - PartitionProcessorThre...29-844a-0c1a63e26330-0-11 |  1383000 |   484000 |   538854180 |  18223397295 |         0 |      0 |  1734297139 |      0 |      0 |         0 
 20403 Thread 49 - PartitionProcessorThre...29-844a-0c1a63e26330-0-12 |  1400000 |   463000 |   538312500 |  18184750756 |         0 |      0 |  1843357446 |      0 |      0 |         0 
 20404 Thread 50 - PartitionProcessorThre...29-844a-0c1a63e26330-0-13 |  1405000 |   509000 |   552411016 |  18682278662 |         0 |      0 |  1792250057 |      0 |      0 |         0 
 20405 Thread 51 - PartitionProcessorThre...29-844a-0c1a63e26330-0-14 |  1486000 |   439000 |   557510895 |  18790278763 |         0 |      0 |  1908402883 |      0 |      0 |         0 
 20406 Thread 52 - PartitionProcessorThre...29-844a-0c1a63e26330-0-15 |  1416000 |   487000 |   549104079 |  18574906615 |         0 |      0 |  1538926226 |      0 |      0 |         0 
 20407 Thread 53 - PartitionProcessorThre...29-844a-0c1a63e26330-0-16 |  1393000 |   467000 |   538369965 |  18155496447 |         0 |      0 |  1728873174 |      0 |      0 |         0 
 20408 Thread 54 - PartitionProcessorThre...29-844a-0c1a63e26330-0-17 |  1378000 |   458000 |   531020434 |  17921061361 |         0 |      0 |  1970489936 |      0 |      0 |         0 
 20409 Thread 55 - PartitionProcessorThre...29-844a-0c1a63e26330-0-18 |  1432000 |   486000 |   553724950 |  18721155697 |         0 |      0 |  1808598127 |      0 |      0 |         0 
 20410 Thread 56 - PartitionProcessorThre...29-844a-0c1a63e26330-0-19 |  1363000 |   446000 |   523431840 |  17656524896 |         0 |      0 |  1757558583 |      0 |      0 |         0 
 20411 Thread 57 - PartitionProcessorThre...329-844a-0c1a63e26330-1-0 |  1437000 |   504000 |   561319036 |  18946101111 |         0 |      0 |  1945232166 |      0 |      0 |         0 
 20412 Thread 58 - PartitionProcessorThre...329-844a-0c1a63e26330-1-1 |  1334000 |   462000 |   519675954 |  17530761404 |         0 |      0 |  1790823294 |      0 |      0 |         0 
 20413 Thread 59 - PartitionProcessorThre...329-844a-0c1a63e26330-1-2 |  1427000 |   471000 |   549730871 |  18525983041 |         0 |      0 |  1772778864 |      0 |      0 |         0 
 20414 Thread 60 - PartitionProcessorThre...329-844a-0c1a63e26330-1-3 |  1471000 |   514000 |   573969469 |  19374731185 |         0 |      0 |  1747907828 |      0 |      0 |         0 
 20415 Thread 61 - PartitionProcessorThre...329-844a-0c1a63e26330-1-4 |  1445000 |   524000 |   570195610 |  19218891771 |         0 |      0 |  1701563117 |      0 |      0 |         0 
 20416 Thread 62 - PartitionProcessorThre...329-844a-0c1a63e26330-1-5 |  1455000 |   462000 |   555034336 |  18711956873 |         0 |      0 |  1684410109 |      0 |      0 |         0 
 20417 Thread 63 - PartitionProcessorThre...329-844a-0c1a63e26330-1-6 |  1432000 |   527000 |   566902672 |  19122303279 |         0 |      0 |  1815330885 |      0 |      0 |         0 
 20418 Thread 64 - PartitionProcessorThre...329-844a-0c1a63e26330-1-7 |  1381000 |   511000 |   547082829 |  18467959474 |         0 |      0 |  1645914340 |      0 |      0 |         0 
 20419 Thread 65 - PartitionProcessorThre...329-844a-0c1a63e26330-1-8 |  1372000 |   486000 |   537877883 |  18135891701 |         0 |      0 |  1591942179 |      0 |      0 |         0 
 20420 Thread 66 - PartitionProcessorThre...329-844a-0c1a63e26330-1-9 |  1386000 |   453000 |   532509625 |  17950289389 |         0 |      0 |  1750363210 |      0 |      0 |         0 
 20421 Thread 67 - PartitionProcessorThre...29-844a-0c1a63e26330-1-10 |  1348000 |   467000 |   525182004 |  17715921654 |         0 |      0 |  1648783971 |      0 |      0 |         0 
 20422 Thread 68 - PartitionProcessorThre...29-844a-0c1a63e26330-1-11 |  1482000 |   485000 |   570095078 |  19198877357 |         0 |      0 |  1572987697 |      0 |      0 |         0 
 20423 Thread 69 - PartitionProcessorThre...29-844a-0c1a63e26330-1-12 |  1384000 |   487000 |   541441172 |  18261336970 |         0 |      0 |  1902125357 |      0 |      0 |         0 
 20424 Thread 70 - PartitionProcessorThre...29-844a-0c1a63e26330-1-13 |  1392000 |   487000 |   543838227 |  18341368435 |         0 |      0 |  1746560072 |      0 |      0 |         0 
 20425 Thread 71 - PartitionProcessorThre...29-844a-0c1a63e26330-1-14 |  1375000 |   448000 |   527924762 |  17794289904 |         0 |      0 |  1534585735 |      0 |      0 |         0 
 20426 Thread 72 - PartitionProcessorThre...29-844a-0c1a63e26330-1-15 |  1426000 |   465000 |   547012422 |  18457864658 |      1024 |      0 |  1536818701 |      0 |      0 |         0 
 20427 Thread 73 - PartitionProcessorThre...29-844a-0c1a63e26330-1-16 |  1392000 |   483000 |   542455176 |  18301089920 |         0 |      0 |  1691679486 |      0 |      0 |         0 
 20428 Thread 74 - PartitionProcessorThre...29-844a-0c1a63e26330-1-17 |  1446000 |   516000 |   567427266 |  19150433080 |         0 |      0 |  1650107513 |      0 |      0 |         0 
 20429 Thread 75 - PartitionProcessorThre...29-844a-0c1a63e26330-1-18 |  1387000 |   462000 |   535726844 |  18047552474 |         0 |      0 |  1680697068 |      0 |      0 |         0 
 20430 Thread 76 - PartitionProcessorThre...29-844a-0c1a63e26330-1-19 |  1451000 |   465000 |   553959106 |  18701493548 |         0 |      0 |  1728115832 |      0 |      0 |         0 
 20834 Thread 77 - process reaper                                     |     1000 |        0 |      299566 |      9788730 |         0 |      0 |       44762 |      0 |      0 |         0 
 20839 Thread 78 - Attach Listener                                    |   414000 |   100000 |   152425331 |   5024343975 |   5304320 | 225280 |     1378335 |      0 |      0 |         0 
