                                 Task                                  |  utime   |  stime   |     rss     |     vmem     |   read    | write  |    d:cpu    | d:bio  | d:swap | d:reclaim 
 134530 Thread 1 - main                                                |   839000 |   163000 |    66456271 |   7698634971 |  34130944 |   1024 |     9307872 |      0 |      0 |         0 
 134552 Thread 2 - Reference Handler                                   |     4000 |        0 |      352019 |     31646023 |         0 |      0 |     1046660 |      0 |      0 |         0 
 134553 Thread 3 - Finalizer                                           |     3000 |        0 |      385546 |     25690093 |     13312 |      0 |     4513201 |      0 |      0 |         0 
 134554 Thread 4 - Surrogate Locker Thread (Concurrent GC)             |        0 |        0 |           0 |            0 |         0 |      0 |       30987 |      0 |      0 |         0 
 134555 Thread 5 - Signal Dispatcher                                   |        0 |     1000 |       26679 |      7228289 |         0 |      0 |       29276 |      0 |      0 |         0 
 134564 Thread 12 - RMI Scheduler(0)                                   |     2000 |        0 |      377257 |     17518761 |      4096 |      0 |      195730 |      0 |      0 |         0 
 134565 Thread 13 - RMI RenewClean-[10.231.182.152:44122]              |     1000 |     1000 |      158203 |     15719488 |      1024 |      0 |           0 |      0 |      0 |         0 
 134566 Thread 14 - GC Daemon                                          |        0 |     1000 |       75824 |      7893246 |         0 |      0 |           0 |      0 |      0 |         0 
 134569 Thread 15 - DecatonSubscriptionThread-decaton-benchmark        | 29670000 | 30011000 | 17875945327 | 581399159090 | 573063168 | 136192 | 18137334403 | 166529 |      0 |         0 
 134570 Thread 16 - kafka-coordinator-hear...hread | decaton-benchmark |   230000 |    53000 |    83463073 |   2747569554 |   6622208 |   5120 |    24579567 | 219857 |      0 |         0 
 134574 Thread 17 - PartitionProcessorThre...49c-a559-ae628bf6b72a-0-0 |  1276000 |   410000 |   507378636 |  16440428575 |     33792 |      0 |  1717866975 |      0 |      0 |         0 
 134575 Thread 18 - PartitionProcessorThre...49c-a559-ae628bf6b72a-0-1 |  1271000 |   412000 |   505204164 |  16417403391 |         0 |      0 |  1695655243 |      0 |      0 |         0 
 134576 Thread 19 - PartitionProcessorThre...49c-a559-ae628bf6b72a-0-2 |  1261000 |   415000 |   504084937 |  16350312001 |         0 |      0 |  1740526691 |      0 |      0 |         0 
 134577 Thread 20 - PartitionProcessorThre...49c-a559-ae628bf6b72a-0-3 |  1207000 |   450000 |   498092043 |  16161753274 |         0 |      0 |  1577688752 |      0 |      0 |         0 
 134578 Thread 21 - PartitionProcessorThre...49c-a559-ae628bf6b72a-0-4 |  1328000 |   429000 |   526846441 |  17132504110 |      2048 |      0 |  1800546196 |      0 |      0 |         0 
 134579 Thread 22 - PartitionProcessorThre...49c-a559-ae628bf6b72a-0-5 |  1246000 |   361000 |   483120953 |  15676801317 |         0 |      0 |  1761209407 |      0 |      0 |         0 
 134580 Thread 23 - PartitionProcessorThre...49c-a559-ae628bf6b72a-0-6 |  1202000 |   381000 |   475783660 |  15439748935 |         0 |      0 |  1703838573 |      0 |      0 |         0 
 134581 Thread 24 - PartitionProcessorThre...49c-a559-ae628bf6b72a-0-7 |  1246000 |   407000 |   496995824 |  16124019641 |         0 |      0 |  1800948433 |      0 |      0 |         0 
 134582 Thread 25 - PartitionProcessorThre...49c-a559-ae628bf6b72a-0-8 |  1161000 |   431000 |   479162886 |  15528340520 |         0 |      0 |  1724844147 |      0 |      0 |         0 
 134583 Thread 26 - PartitionProcessorThre...49c-a559-ae628bf6b72a-0-9 |  1293000 |   397000 |   507602074 |  16477820528 |    122880 |      0 |  1874349509 |      0 |      0 |         0 
 134584 Thread 27 - PartitionProcessorThre...9c-a559-ae628bf6b72a-0-10 |  1288000 |   409000 |   508888699 |  16550450512 |         0 |      0 |  1908112467 |      0 |      0 |         0 
 134585 Thread 28 - PartitionProcessorThre...9c-a559-ae628bf6b72a-0-11 |  1251000 |   419000 |   502511156 |  16288901649 |         0 |      0 |  1880347558 |      0 |      0 |         0 
 134586 Thread 29 - PartitionProcessorThre...9c-a559-ae628bf6b72a-0-12 |  1266000 |   418000 |   504932421 |  16425606841 |         0 |      0 |  1846220815 |      0 |      0 |         0 
 134587 Thread 30 - PartitionProcessorThre...9c-a559-ae628bf6b72a-0-13 |  1262000 |   414000 |   503417480 |  16348430438 |         0 |      0 |  1688524679 |      0 |      0 |         0 
 134588 Thread 31 - PartitionProcessorThre...9c-a559-ae628bf6b72a-0-14 |  1301000 |   390000 |   507259257 |  16494464552 |         0 |      0 |  1688996161 |      0 |      0 |         0 
 134589 Thread 32 - PartitionProcessorThre...9c-a559-ae628bf6b72a-0-15 |  1212000 |   415000 |   488584269 |  15871422310 |         0 |      0 |  1799933773 |      0 |      0 |         0 
 134590 Thread 33 - PartitionProcessorThre...9c-a559-ae628bf6b72a-0-16 |  1288000 |   442000 |   520265214 |  16878150059 |         0 |      0 |  1901887103 |      0 |      0 |         0 
 134591 Thread 34 - PartitionProcessorThre...9c-a559-ae628bf6b72a-0-17 |  1227000 |   405000 |   490156906 |  15920135669 |         0 |      0 |  1637252969 |      0 |      0 |         0 
 134592 Thread 35 - PartitionProcessorThre...9c-a559-ae628bf6b72a-0-18 |  1245000 |   378000 |   488323769 |  15833142888 |         0 |      0 |  1770694931 |      0 |      0 |         0 
 134593 Thread 36 - PartitionProcessorThre...9c-a559-ae628bf6b72a-0-19 |  1312000 |   417000 |   518152000 |  16865488419 |         0 |      0 |  1657576580 |      0 |      0 |         0 
 134594 Thread 37 - PartitionProcessorThre...49c-a559-ae628bf6b72a-1-0 |  1249000 |   428000 |   498398285 |  16363982040 |      1024 |      0 |  1786142152 |      0 |      0 |         0 
 134595 Thread 38 - PartitionProcessorThre...49c-a559-ae628bf6b72a-1-1 |  1236000 |   412000 |   493017355 |  16081134247 |         0 |      0 |  1731147415 |      0 |      0 |         0 
 134596 Thread 39 - PartitionProcessorThre...49c-a559-ae628bf6b72a-1-2 |  1313000 |   408000 |   512623492 |  16793251931 |         0 |      0 |  1792147190 |      0 |      0 |         0 
 134597 Thread 40 - PartitionProcessorThre...49c-a559-ae628bf6b72a-1-3 |  1250000 |   426000 |   499840250 |  16354232638 |         0 |      0 |  1514770444 |      0 |      0 |         0 
 134598 Thread 41 - PartitionProcessorThre...49c-a559-ae628bf6b72a-1-4 |  1163000 |   465000 |   485377719 |  15885502708 |         0 |      0 |  1515334580 |      0 |      0 |         0 
 134599 Thread 42 - PartitionProcessorThre...49c-a559-ae628bf6b72a-1-5 |  1244000 |   441000 |   502278039 |  16442081247 |         0 |      0 |  1637242215 |      0 |      0 |         0 
 134600 Thread 43 - PartitionProcessorThre...49c-a559-ae628bf6b72a-1-6 |  1217000 |   381000 |   475190453 |  15592916622 |         0 |      0 |  1563382643 |      0 |      0 |         0 
 134601 Thread 44 - PartitionProcessorThre...49c-a559-ae628bf6b72a-1-7 |  1180000 |   411000 |   472408848 |  15524506271 |         0 |      0 |  1625694371 |      0 |      0 |         0 
 134602 Thread 45 - PartitionProcessorThre...49c-a559-ae628bf6b72a-1-8 |  1243000 |   411000 |   494989683 |  16139838692 |  10831872 |      0 |  1586246121 |      0 |      0 |         0 
 134603 Thread 46 - PartitionProcessorThre...49c-a559-ae628bf6b72a-1-9 |  1290000 |   387000 |   502049785 |  16364248497 |         0 |      0 |  1839356755 |      0 |      0 |         0 
 134604 Thread 47 - PartitionProcessorThre...9c-a559-ae628bf6b72a-1-10 |  1329000 |   405000 |   518290089 |  16919634106 |         0 |      0 |  1859105002 |      0 |      0 |         0 
 134605 Thread 48 - PartitionProcessorThre...9c-a559-ae628bf6b72a-1-11 |  1264000 |   416000 |   502989097 |  16393234790 |         0 |      0 |  1454059621 |      0 |      0 |         0 
 134606 Thread 49 - PartitionProcessorThre...9c-a559-ae628bf6b72a-1-12 |  1235000 |   460000 |   508620015 |  16539950544 |         0 |      0 |  1643079847 |      0 |      0 |         0 
 134607 Thread 50 - PartitionProcessorThre...9c-a559-ae628bf6b72a-1-13 |  1241000 |   389000 |   488091140 |  15905664974 |         0 |      0 |  1664622865 |      0 |      0 |         0 
 134608 Thread 51 - PartitionProcessorThre...9c-a559-ae628bf6b72a-1-14 |  1263000 |   400000 |   497502492 |  16227571802 |      3072 |      0 |  1533401938 |      0 |      0 |         0 
 134609 Thread 52 - PartitionProcessorThre...9c-a559-ae628bf6b72a-1-15 |  1198000 |   408000 |   481583621 |  15671666021 |         0 |      0 |  1578874886 |      0 |      0 |         0 
 134610 Thread 53 - PartitionProcessorThre...9c-a559-ae628bf6b72a-1-16 |  1230000 |   452000 |   504195636 |  16412994145 |         0 |      0 |  1608923828 |      0 |      0 |         0 
 134611 Thread 54 - PartitionProcessorThre...9c-a559-ae628bf6b72a-1-17 |  1254000 |   431000 |   503832324 |  16442072325 |      1024 |      0 |  1637817150 |      0 |      0 |         0 
 134612 Thread 55 - PartitionProcessorThre...9c-a559-ae628bf6b72a-1-18 |  1185000 |   419000 |   479724844 |  15651749247 |         0 |      0 |  1542811382 |      0 |      0 |         0 
 134613 Thread 56 - PartitionProcessorThre...9c-a559-ae628bf6b72a-1-19 |  1248000 |   348000 |   476056148 |  15573359606 |         0 |      0 |  1670605926 |      0 |      0 |         0 
 134615 Thread 57 - PartitionProcessorThre...49c-a559-ae628bf6b72a-2-0 |  1306000 |   450000 |   529854121 |  17135510946 |         0 |      0 |  1682064898 |      0 |      0 |         0 
 134616 Thread 58 - PartitionProcessorThre...49c-a559-ae628bf6b72a-2-1 |  1265000 |   429000 |   511207164 |  16530816227 |         0 |      0 |  1653990904 |      0 |      0 |         0 
 134617 Thread 59 - PartitionProcessorThre...49c-a559-ae628bf6b72a-2-2 |  1116000 |   444000 |   471754691 |  15223211411 |         0 |      0 |  1424284904 |      0 |      0 |         0 
 134618 Thread 60 - PartitionProcessorThre...49c-a559-ae628bf6b72a-2-3 |  1296000 |   393000 |   509635667 |  16482198841 |         0 |      0 |  1612224065 |      0 |      0 |         0 
 134619 Thread 61 - PartitionProcessorThre...49c-a559-ae628bf6b72a-2-4 |  1177000 |   408000 |   479565012 |  15467290981 |         0 |      0 |  1694817023 |      0 |      0 |         0 
 134620 Thread 62 - PartitionProcessorThre...49c-a559-ae628bf6b72a-2-5 |  1230000 |   415000 |   497586168 |  16053016927 |         0 |      0 |  1571953402 |      0 |      0 |         0 
 134621 Thread 63 - PartitionProcessorThre...49c-a559-ae628bf6b72a-2-6 |  1410000 |   434000 |   558169612 |  17994862833 |         0 |      0 |  1752224916 |      0 |      0 |         0 
 134622 Thread 64 - PartitionProcessorThre...49c-a559-ae628bf6b72a-2-7 |  1276000 |   448000 |   521131136 |  16823521067 |         0 |      0 |  1818706573 |      0 |      0 |         0 
 134623 Thread 65 - PartitionProcessorThre...49c-a559-ae628bf6b72a-2-8 |  1251000 |   374000 |   491756226 |  15857786333 |         0 |      0 |  1719416640 |      0 |      0 |         0 
 134624 Thread 66 - PartitionProcessorThre...49c-a559-ae628bf6b72a-2-9 |  1213000 |   436000 |   497749961 |  16091530497 |         0 |      0 |  1872916941 |      0 |      0 |         0 
 134625 Thread 67 - PartitionProcessorThre...9c-a559-ae628bf6b72a-2-10 |  1170000 |   387000 |   470256859 |  15193738505 |         0 |      0 |  1687723615 |      0 |      0 |         0 
 134626 Thread 68 - PartitionProcessorThre...9c-a559-ae628bf6b72a-2-11 |  1244000 |   409000 |   500004140 |  16131043349 |         0 |      0 |  1647671196 |      0 |      0 |         0 
 134627 Thread 69 - PartitionProcessorThre...9c-a559-ae628bf6b72a-2-12 |  1247000 |   402000 |   499040843 |  16091981099 |         0 |      0 |  1839529701 |      0 |      0 |         0 
 134628 Thread 70 - PartitionProcessorThre...9c-a559-ae628bf6b72a-2-13 |  1160000 |   388000 |   469073054 |  15106709251 |         0 |      0 |  1585778518 |      0 |      0 |         0 
 134629 Thread 71 - PartitionProcessorThre...9c-a559-ae628bf6b72a-2-14 |  1223000 |   437000 |   501905015 |  16199549270 |         0 |      0 |  1738100445 |      0 |      0 |         0 
 134630 Thread 72 - PartitionProcessorThre...9c-a559-ae628bf6b72a-2-15 |  1214000 |   417000 |   494950675 |  15916345727 |         0 |      0 |  1536869338 |      0 |      0 |         0 
 134631 Thread 73 - PartitionProcessorThre...9c-a559-ae628bf6b72a-2-16 |  1197000 |   422000 |   488927711 |  15798982716 |         0 |      0 |  1678955644 |      0 |      0 |         0 
 134632 Thread 74 - PartitionProcessorThre...9c-a559-ae628bf6b72a-2-17 |  1232000 |   418000 |   499204820 |  16101599395 |         0 |      0 |  1731375517 |      0 |      0 |         0 
 134633 Thread 75 - PartitionProcessorThre...9c-a559-ae628bf6b72a-2-18 |  1280000 |   425000 |   513745335 |  16638465778 |         0 |      0 |  1593554153 |      0 |      0 |         0 
 134634 Thread 76 - PartitionProcessorThre...9c-a559-ae628bf6b72a-2-19 |  1278000 |   388000 |   503769925 |  16257181130 |         0 |      0 |  1557095863 |      0 |      0 |         0 
 135080 Thread 77 - process reaper                                     |        0 |     1000 |      332503 |      9790507 |         0 |      0 |      251195 |      0 |      0 |         0 
 135086 Thread 78 - Attach Listener                                    |   427000 |   104000 |   164081916 |   5190463675 |   5304320 | 112640 |     3867306 |      0 |      0 |         0 
