                                 Task                                  |  utime   |  stime   |     rss     |     vmem     |   read    | write  |    d:cpu    | d:bio  | d:swap | d:reclaim 
 137282 Thread 1 - main                                                |   810000 |   119000 |    62343951 |   7152911350 |  34140160 |   2048 |     6871156 |      0 |      0 |         0 
 137304 Thread 2 - Reference Handler                                   |     8000 |        0 |      832792 |     65302402 |         0 |      0 |      433122 |      0 |      0 |         0 
 137305 Thread 3 - Finalizer                                           |     8000 |     1000 |      685499 |     69695238 |      5120 |      0 |      423344 |      0 |      0 |         0 
 137306 Thread 4 - Surrogate Locker Thread (Concurrent GC)             |        0 |        0 |           0 |            0 |         0 |      0 |        6291 |      0 |      0 |         0 
 137307 Thread 5 - Signal Dispatcher                                   |        0 |     1000 |      292867 |      9757746 |         0 |      0 |        1182 |      0 |      0 |         0 
 137315 Thread 12 - RMI Scheduler(0)                                   |     3000 |        0 |      651167 |     27276285 |      4096 |      0 |      575755 |      0 |      0 |         0 
 137316 Thread 13 - RMI RenewClean-[10.231.182.152:41032]              |     1000 |        0 |       81847 |      7893246 |      1024 |      0 |           0 |      0 |      0 |         0 
 137317 Thread 14 - GC Daemon                                          |        0 |     1000 |       75937 |      7893246 |         0 |      0 |           0 |      0 |      0 |         0 
 137321 Thread 15 - DecatonSubscriptionThread-decaton-benchmark        | 32178000 | 34381000 | 19272421567 | 648718968887 | 625416192 | 146432 | 21679847438 | 224859 |      0 |         0 
 137323 Thread 16 - kafka-coordinator-hear...hread | decaton-benchmark |   241000 |    86000 |    93282936 |   3178885186 |   5500928 |   6144 |    24931600 | 386173 |      0 |         0 
 137328 Thread 17 - PartitionProcessorThre...72e-a24e-0dca1996771c-1-0 |  1409000 |   531000 |   559555028 |  18907587449 |     33792 |      0 |  1703327524 |      0 |      0 |         0 
 137329 Thread 18 - PartitionProcessorThre...72e-a24e-0dca1996771c-1-1 |  1392000 |   459000 |   534720286 |  18057640782 |      1024 |      0 |  1762437493 |      0 |      0 |         0 
 137330 Thread 19 - PartitionProcessorThre...72e-a24e-0dca1996771c-1-2 |  1407000 |   477000 |   544175075 |  18378664106 |         0 |      0 |  1531119826 |      0 |      0 |         0 
 137331 Thread 20 - PartitionProcessorThre...72e-a24e-0dca1996771c-1-3 |  1382000 |   471000 |   534398407 |  18070865610 |      3072 |      0 |  1594836871 |      0 |      0 |         0 
 137332 Thread 21 - PartitionProcessorThre...72e-a24e-0dca1996771c-1-4 |  1384000 |   442000 |   527839063 |  17815915461 |         0 |      0 |  1821449440 |      0 |      0 |         0 
 137333 Thread 22 - PartitionProcessorThre...72e-a24e-0dca1996771c-1-5 |  1313000 |   463000 |   515219579 |  17327464668 |    117760 |      0 |  1782936847 |      0 |      0 |         0 
 137334 Thread 23 - PartitionProcessorThre...72e-a24e-0dca1996771c-1-6 |  1435000 |   505000 |   561117012 |  18924303133 |         0 |      0 |  1887898347 |      0 |      0 |         0 
 137335 Thread 24 - PartitionProcessorThre...72e-a24e-0dca1996771c-1-7 |  1412000 |   495000 |   550682516 |  18605132739 |         0 |      0 |  1728099326 |      0 |      0 |         0 
 137336 Thread 25 - PartitionProcessorThre...72e-a24e-0dca1996771c-1-8 |  1380000 |   470000 |   531848782 |  18041879067 |      3072 |      0 |  1671849692 |      0 |      0 |         0 
 137337 Thread 26 - PartitionProcessorThre...72e-a24e-0dca1996771c-1-9 |  1427000 |   444000 |   537583497 |  18249141473 |         0 |      0 |  1644026498 |      0 |      0 |         0 
 137338 Thread 27 - PartitionProcessorThre...2e-a24e-0dca1996771c-1-10 |  1401000 |   437000 |   531046704 |  17929225117 |         0 |      0 |  1749398781 |      0 |      0 |         0 
 137339 Thread 28 - PartitionProcessorThre...2e-a24e-0dca1996771c-1-11 |  1394000 |   475000 |   538765001 |  18233170430 |         0 |      0 |  1799302324 |      0 |      0 |         0 
 137340 Thread 29 - PartitionProcessorThre...2e-a24e-0dca1996771c-1-12 |  1362000 |   474000 |   530566442 |  17910986676 |         0 |      0 |  1785723837 |      0 |      0 |         0 
 137341 Thread 30 - PartitionProcessorThre...2e-a24e-0dca1996771c-1-13 |  1361000 |   443000 |   520818516 |  17598837625 |         0 |      0 |  1870089668 |      0 |      0 |         0 
 137342 Thread 31 - PartitionProcessorThre...2e-a24e-0dca1996771c-1-14 |  1348000 |   520000 |   540259700 |  18225512746 |         0 |      0 |  1745545021 |      0 |      0 |         0 
 137343 Thread 32 - PartitionProcessorThre...2e-a24e-0dca1996771c-1-15 |  1436000 |   467000 |   551186493 |  18567554164 |         0 |      0 |  1676622910 |      0 |      0 |         0 
 137344 Thread 33 - PartitionProcessorThre...2e-a24e-0dca1996771c-1-16 |  1393000 |   469000 |   539789719 |  18167689481 |         0 |      0 |  1698227527 |      0 |      0 |         0 
 137345 Thread 34 - PartitionProcessorThre...2e-a24e-0dca1996771c-1-17 |  1412000 |   504000 |   555382278 |  18695373906 |         0 |      0 |  1895927669 |      0 |      0 |         0 
 137346 Thread 35 - PartitionProcessorThre...2e-a24e-0dca1996771c-1-18 |  1403000 |   460000 |   539121844 |  18177255903 |         0 |      0 |  1632546999 |      0 |      0 |         0 
 137347 Thread 36 - PartitionProcessorThre...2e-a24e-0dca1996771c-1-19 |  1401000 |   489000 |   547287301 |  18439937520 |         0 |      0 |  1820817552 |      0 |      0 |         0 
 137348 Thread 37 - PartitionProcessorThre...72e-a24e-0dca1996771c-2-0 |  1299000 |   481000 |   516296297 |  17373419364 |         0 |      0 |  1704084974 |      0 |      0 |         0 
 137349 Thread 38 - PartitionProcessorThre...72e-a24e-0dca1996771c-2-1 |  1391000 |   457000 |   535108516 |  18036942004 |         0 |      0 |  1583400466 |      0 |      0 |         0 
 137350 Thread 39 - PartitionProcessorThre...72e-a24e-0dca1996771c-2-2 |  1385000 |   485000 |   540527071 |  18251866371 |         0 |      0 |  1780440066 |      0 |      0 |         0 
 137351 Thread 40 - PartitionProcessorThre...72e-a24e-0dca1996771c-2-3 |  1469000 |   489000 |   566607766 |  19110485004 |         0 |      0 |  1705226025 |      0 |      0 |         0 
 137352 Thread 41 - PartitionProcessorThre...72e-a24e-0dca1996771c-2-4 |  1354000 |   441000 |   518588157 |  17519767172 |         0 |      0 |  1805802869 |      0 |      0 |         0 
 137353 Thread 42 - PartitionProcessorThre...72e-a24e-0dca1996771c-2-5 |  1380000 |   474000 |   537934039 |  18095892782 |         0 |      0 |  1960547578 |      0 |      0 |         0 
 137354 Thread 43 - PartitionProcessorThre...72e-a24e-0dca1996771c-2-6 |  1388000 |   463000 |   536750180 |  18066532368 |         0 |      0 |  1679283449 |      0 |      0 |         0 
 137355 Thread 44 - PartitionProcessorThre...72e-a24e-0dca1996771c-2-7 |  1444000 |   501000 |   563710086 |  18984405473 |         0 |      0 |  1839116391 |      0 |      0 |         0 
 137356 Thread 45 - PartitionProcessorThre...72e-a24e-0dca1996771c-2-8 |  1334000 |   515000 |   536109793 |  18047788215 |         0 |      0 |  1733177864 |      0 |      0 |         0 
 137357 Thread 46 - PartitionProcessorThre...72e-a24e-0dca1996771c-2-9 |  1536000 |   457000 |   575917137 |  19452541949 |         0 |      0 |  1651881996 |      0 |      0 |         0 
 137358 Thread 47 - PartitionProcessorThre...2e-a24e-0dca1996771c-2-10 |  1420000 |   475000 |   549273540 |  18495519602 |         0 |      0 |  1851810117 |      0 |      0 |         0 
 137359 Thread 48 - PartitionProcessorThre...2e-a24e-0dca1996771c-2-11 |  1473000 |   443000 |   553291793 |  18700227520 |         0 |      0 |  1908410410 |      0 |      0 |         0 
 137360 Thread 49 - PartitionProcessorThre...2e-a24e-0dca1996771c-2-12 |  1408000 |   439000 |   534266192 |  18027531930 |         0 |      0 |  1616328957 |      0 |      0 |         0 
 137361 Thread 50 - PartitionProcessorThre...2e-a24e-0dca1996771c-2-13 |  1367000 |   456000 |   528898598 |  17793643993 |         0 |      0 |  1932537148 |      0 |      0 |         0 
 137362 Thread 51 - PartitionProcessorThre...2e-a24e-0dca1996771c-2-14 |  1445000 |   439000 |   546057473 |  18388410364 |      1024 |      0 |  1894752421 |      0 |      0 |         0 
 137363 Thread 52 - PartitionProcessorThre...2e-a24e-0dca1996771c-2-15 |  1358000 |   439000 |   518601094 |  17539401528 |      3072 |      0 |  2004379450 |      0 |      0 |         0 
 137364 Thread 53 - PartitionProcessorThre...2e-a24e-0dca1996771c-2-16 |  1450000 |   489000 |   561126754 |  18926222571 |         0 |      0 |  1905670495 |      0 |      0 |         0 
 137365 Thread 54 - PartitionProcessorThre...2e-a24e-0dca1996771c-2-17 |  1364000 |   455000 |   525610993 |  17754464938 |         0 |      0 |  1903267252 |      0 |      0 |         0 
 137366 Thread 55 - PartitionProcessorThre...2e-a24e-0dca1996771c-2-18 |  1417000 |   451000 |   540813243 |  18233001621 |         0 |      0 |  1793284585 |      0 |      0 |         0 
 137367 Thread 56 - PartitionProcessorThre...2e-a24e-0dca1996771c-2-19 |  1383000 |   444000 |   528414504 |  17832335262 |         0 |      0 |  1696917784 |      0 |      0 |         0 
 137369 Thread 57 - PartitionProcessorThre...72e-a24e-0dca1996771c-0-0 |  1330000 |   459000 |   521505387 |  17462282789 |         0 |      0 |  1502425489 |      0 |      0 |         0 
 137370 Thread 58 - PartitionProcessorThre...72e-a24e-0dca1996771c-0-1 |  1360000 |   431000 |   521651075 |  17481702223 |         0 |      0 |  1590803123 |      0 |      0 |         0 
 137371 Thread 59 - PartitionProcessorThre...72e-a24e-0dca1996771c-0-2 |  1397000 |   437000 |   534500274 |  17901450993 |         0 |      0 |  1303989549 |      0 |      0 |         0 
 137372 Thread 60 - PartitionProcessorThre...72e-a24e-0dca1996771c-0-3 |  1298000 |   472000 |   515830258 |  17276486137 |         0 |      0 |  1605041272 |      0 |      0 |         0 
 137373 Thread 61 - PartitionProcessorThre...72e-a24e-0dca1996771c-0-4 |  1354000 |   484000 |   534976047 |  17940133309 |         0 |      0 |  1634615459 |      0 |      0 |         0 
 137374 Thread 62 - PartitionProcessorThre...72e-a24e-0dca1996771c-0-5 |  1370000 |   482000 |   539462344 |  18076834586 |         0 |      0 |  1744255061 |      0 |      0 |         0 
 137375 Thread 63 - PartitionProcessorThre...72e-a24e-0dca1996771c-0-6 |  1343000 |   492000 |   533437512 |  17910517418 |         0 |      0 |  1824309151 |      0 |      0 |         0 
 137376 Thread 64 - PartitionProcessorThre...72e-a24e-0dca1996771c-0-7 |  1292000 |   461000 |   510570067 |  17111089055 |         0 |      0 |  1739878917 |      0 |      0 |         0 
 137377 Thread 65 - PartitionProcessorThre...72e-a24e-0dca1996771c-0-8 |  1343000 |   470000 |   527449040 |  17696228352 |         0 |      0 |  1702911115 |      0 |      0 |         0 
 137378 Thread 66 - PartitionProcessorThre...72e-a24e-0dca1996771c-0-9 |  1379000 |   448000 |   533415133 |  17833742250 |         0 |      0 |  1580691192 |      0 |      0 |         0 
 137379 Thread 67 - PartitionProcessorThre...2e-a24e-0dca1996771c-0-10 |  1369000 |   426000 |   523504266 |  17520534743 |         0 |      0 |  1659254661 |      0 |      0 |         0 
 137380 Thread 68 - PartitionProcessorThre...2e-a24e-0dca1996771c-0-11 |  1314000 |   450000 |   514134493 |  17218227520 |         0 |      0 |  1634556351 |      0 |      0 |         0 
 137381 Thread 69 - PartitionProcessorThre...2e-a24e-0dca1996771c-0-12 |  1375000 |   441000 |   529488915 |  17726059926 |         0 |      0 |  1796397290 |      0 |      0 |         0 
 137382 Thread 70 - PartitionProcessorThre...2e-a24e-0dca1996771c-0-13 |  1324000 |   495000 |   530368211 |  17754836313 |         0 |      0 |  1574274110 |      0 |      0 |         0 
 137383 Thread 71 - PartitionProcessorThre...2e-a24e-0dca1996771c-0-14 |  1339000 |   528000 |   544422313 |  18223538442 |         0 |      0 |  1620070681 |      0 |      0 |         0 
 137384 Thread 72 - PartitionProcessorThre...2e-a24e-0dca1996771c-0-15 |  1344000 |   485000 |   532610262 |  17852408450 |         0 |      0 |  1480656051 |      0 |      0 |         0 
 137385 Thread 73 - PartitionProcessorThre...2e-a24e-0dca1996771c-0-16 |  1369000 |   415000 |   518893071 |  17412665247 |         0 |      0 |  1562154273 |      0 |      0 |         0 
 137386 Thread 74 - PartitionProcessorThre...2e-a24e-0dca1996771c-0-17 |  1419000 |   442000 |   542187903 |  18164464856 |         0 |      0 |  1598802187 |      0 |      0 |         0 
 137387 Thread 75 - PartitionProcessorThre...2e-a24e-0dca1996771c-0-18 |  1329000 |   450000 |   519191844 |  17365255207 |         0 |      0 |  1707880360 |      0 |      0 |         0 
 137388 Thread 76 - PartitionProcessorThre...2e-a24e-0dca1996771c-0-19 |  1274000 |   466000 |   506266594 |  16983276090 |         0 |      0 |  1607784660 |      0 |      0 |         0 
 137980 Thread 77 - process reaper                                     |     1000 |        0 |      297804 |      9788734 |         0 |      0 |      830161 |      0 |      0 |         0 
 137985 Thread 78 - Attach Listener                                    |   434000 |    99000 |   157518194 |   5210071925 |   5304320 | 336896 |     5051410 |      0 |      0 |         0 
