                                 Task                                  |  utime   |  stime   |     rss     |     vmem     |   read    | write  |    d:cpu    | d:bio  | d:swap | d:reclaim 
 126187 Thread 1 - main                                                |   869000 |   207000 |    71069279 |   8251306728 |  34339840 |   1024 |     9171464 |      0 |      0 |         0 
 126209 Thread 2 - Reference Handler                                   |     8000 |     1000 |      907484 |     72375195 |         0 |      0 |     1735430 |      0 |      0 |         0 
 126210 Thread 3 - Finalizer                                           |     8000 |     2000 |      989488 |     78625054 |      5120 |      0 |     1373143 |      0 |      0 |         0 
 126211 Thread 4 - Surrogate Locker Thread (Concurrent GC)             |        0 |        0 |           0 |            0 |         0 |      0 |           0 |      0 |      0 |         0 
 126212 Thread 5 - Signal Dispatcher                                   |     1000 |        0 |      296488 |      9759761 |         0 |      0 |       21977 |      0 |      0 |         0 
 126221 Thread 12 - RMI Scheduler(0)                                   |     3000 |     1000 |      949414 |     37035871 |      4096 |      0 |      197232 |      0 |      0 |         0 
 126222 Thread 13 - RMI RenewClean-[10.231.182.152:41972]              |     1000 |        0 |       82308 |      7893261 |      1024 |      0 |       40366 |      0 |      0 |         0 
 126223 Thread 14 - GC Daemon                                          |        0 |        0 |           0 |            0 |         0 |      0 |           0 |      0 |      0 |         0 
 126225 Thread 15 - DecatonSubscriptionThread-decaton-benchmark        | 29491000 | 39886000 | 20157114392 | 676183690570 | 624079872 | 130048 | 20812214578 |  77624 |      0 |         0 
 126228 Thread 16 - kafka-coordinator-hear...hread | decaton-benchmark |   221000 |    42000 |    74563718 |   2557272272 |   6906880 |   5120 |    26892291 | 213722 |      0 |         0 
 126231 Thread 17 - PartitionProcessorThre...797-ba81-af2a82981de6-2-0 |  1404000 |   479000 |   541925992 |  18356883831 |     34816 |      0 |  1319187614 |      0 |      0 |         0 
 126232 Thread 18 - PartitionProcessorThre...797-ba81-af2a82981de6-2-1 |  1437000 |   548000 |   570668273 |  19354771885 |      4096 |      0 |  1353359712 |      0 |      0 |         0 
 126233 Thread 19 - PartitionProcessorThre...797-ba81-af2a82981de6-2-2 |  1432000 |   501000 |   554139410 |  18845189003 |         0 |      0 |  1522036477 |      0 |      0 |         0 
 126234 Thread 20 - PartitionProcessorThre...797-ba81-af2a82981de6-2-3 |  1436000 |   470000 |   548465684 |  18582886507 |         0 |      0 |  1616564712 |      0 |      0 |         0 
 126235 Thread 21 - PartitionProcessorThre...797-ba81-af2a82981de6-2-4 |  1445000 |   490000 |   557948008 |  18870589632 |         0 |      0 |  1364042567 |      0 |      0 |         0 
 126236 Thread 22 - PartitionProcessorThre...797-ba81-af2a82981de6-2-5 |  1363000 |   472000 |   528202352 |  17895401812 |         0 |      0 |  1285982765 |      0 |      0 |         0 
 126237 Thread 23 - PartitionProcessorThre...797-ba81-af2a82981de6-2-6 |  1383000 |   462000 |   531350723 |  17991896335 |         0 |      0 |  1462686598 |      0 |      0 |         0 
 126238 Thread 24 - PartitionProcessorThre...797-ba81-af2a82981de6-2-7 |  1393000 |   485000 |   542092883 |  18315714378 |         0 |      0 |  1577690280 |      0 |      0 |         0 
 126239 Thread 25 - PartitionProcessorThre...797-ba81-af2a82981de6-2-8 |  1376000 |   488000 |   537595020 |  18180068624 |      1024 |      0 |  1464431555 |      0 |      0 |         0 
 126240 Thread 26 - PartitionProcessorThre...797-ba81-af2a82981de6-2-9 |  1392000 |   497000 |   543573523 |  18419596194 |         0 |      0 |  1157555672 |      0 |      0 |         0 
 126241 Thread 27 - PartitionProcessorThre...97-ba81-af2a82981de6-2-10 |  1480000 |   501000 |   571027648 |  19317887475 |         0 |      0 |  1564760952 |      0 |      0 |         0 
 126242 Thread 28 - PartitionProcessorThre...97-ba81-af2a82981de6-2-11 |  1457000 |   489000 |   561626168 |  18980672260 |         0 |      0 |  1385338064 |      0 |      0 |         0 
 126243 Thread 29 - PartitionProcessorThre...97-ba81-af2a82981de6-2-12 |  1471000 |   441000 |   551018602 |  18646321065 |      3072 |      0 |  1486162323 |      0 |      0 |         0 
 126244 Thread 30 - PartitionProcessorThre...97-ba81-af2a82981de6-2-13 |  1390000 |   520000 |   550873496 |  18630984718 |         0 |      0 |  1439892177 |      0 |      0 |         0 
 126245 Thread 31 - PartitionProcessorThre...97-ba81-af2a82981de6-2-14 |  1409000 |   504000 |   550552129 |  18652057733 |         0 |      0 |  1548884155 |      0 |      0 |         0 
 126246 Thread 32 - PartitionProcessorThre...97-ba81-af2a82981de6-2-15 |  1402000 |   477000 |   541085488 |  18322443226 |         0 |      0 |  1201886920 |      0 |      0 |         0 
 126247 Thread 33 - PartitionProcessorThre...97-ba81-af2a82981de6-2-16 |  1448000 |   473000 |   553484875 |  18733945522 |         0 |      0 |  1424400938 |      0 |      0 |         0 
 126248 Thread 34 - PartitionProcessorThre...97-ba81-af2a82981de6-2-17 |  1452000 |   477000 |   559046441 |  18815814788 |         0 |      0 |  1384821323 |      0 |      0 |         0 
 126249 Thread 35 - PartitionProcessorThre...97-ba81-af2a82981de6-2-18 |  1525000 |   524000 |   591388933 |  19982741174 |         0 |      0 |  1384704017 |      0 |      0 |         0 
 126250 Thread 36 - PartitionProcessorThre...97-ba81-af2a82981de6-2-19 |  1422000 |   513000 |   557568340 |  18867952452 |         0 |      0 |  1521896451 |      0 |      0 |         0 
 126252 Thread 37 - PartitionProcessorThre...797-ba81-af2a82981de6-0-0 |  1414000 |   516000 |   562685754 |  18837766936 |         0 |      0 |  1409733516 |      0 |      0 |         0 
 126253 Thread 38 - PartitionProcessorThre...797-ba81-af2a82981de6-0-1 |  1304000 |   491000 |   523446473 |  17520110276 |         0 |      0 |  1429746584 |      0 |      0 |         0 
 126254 Thread 39 - PartitionProcessorThre...797-ba81-af2a82981de6-0-2 |  1418000 |   479000 |   551633352 |  18515859003 |         0 |      0 |  1466022204 |      0 |      0 |         0 
 126255 Thread 40 - PartitionProcessorThre...797-ba81-af2a82981de6-0-3 |  1336000 |   474000 |   528461547 |  17666480452 |         0 |      0 |  1271464446 |      0 |      0 |         0 
 126256 Thread 41 - PartitionProcessorThre...797-ba81-af2a82981de6-0-4 |  1311000 |   457000 |   513666079 |  17256300046 |         0 |      0 |  1136959998 |      0 |      0 |         0 
 126257 Thread 42 - PartitionProcessorThre...797-ba81-af2a82981de6-0-5 |  1316000 |   477000 |   521346442 |  17500920929 |         0 |      0 |  1485736906 |      0 |      0 |         0 
 126258 Thread 43 - PartitionProcessorThre...797-ba81-af2a82981de6-0-6 |  1411000 |   420000 |   533070567 |  17871790323 |         0 |      0 |  1423311042 |      0 |      0 |         0 
 126259 Thread 44 - PartitionProcessorThre...797-ba81-af2a82981de6-0-7 |  1386000 |   456000 |   535640223 |  17979043143 |      1024 |      0 |  1469316156 |      0 |      0 |         0 
 126260 Thread 45 - PartitionProcessorThre...797-ba81-af2a82981de6-0-8 |  1398000 |   455000 |   539236621 |  18086077659 |         0 |      0 |  1160313300 |      0 |      0 |         0 
 126261 Thread 46 - PartitionProcessorThre...797-ba81-af2a82981de6-0-9 |  1373000 |   486000 |   540944395 |  18144500655 |         0 |      0 |  1119141034 |      0 |      0 |         0 
 126262 Thread 47 - PartitionProcessorThre...97-ba81-af2a82981de6-0-10 |  1370000 |   469000 |   535599246 |  17950025429 |         0 |      0 |  1231771246 |      0 |      0 |         0 
 126263 Thread 48 - PartitionProcessorThre...97-ba81-af2a82981de6-0-11 |  1413000 |   503000 |   558113867 |  18701733870 |         0 |      0 |  1312734473 |      0 |      0 |         0 
 126264 Thread 49 - PartitionProcessorThre...97-ba81-af2a82981de6-0-12 |  1452000 |   460000 |   557292051 |  18662646905 |         0 |      0 |  1560939127 |      0 |      0 |         0 
 126265 Thread 50 - PartitionProcessorThre...97-ba81-af2a82981de6-0-13 |  1432000 |   511000 |   565171918 |  18964840198 |         0 |      0 |  1352932544 |      0 |      0 |         0 
 126266 Thread 51 - PartitionProcessorThre...97-ba81-af2a82981de6-0-14 |  1462000 |   453000 |   557956699 |  18692546300 |         0 |      0 |  1379112344 |      0 |      0 |         0 
 126267 Thread 52 - PartitionProcessorThre...97-ba81-af2a82981de6-0-15 |  1427000 |   494000 |   560474434 |  18751515999 |         0 |      0 |  1244615618 |      0 |      0 |         0 
 126268 Thread 53 - PartitionProcessorThre...97-ba81-af2a82981de6-0-16 |  1378000 |   495000 |   544770879 |  18282316765 |         0 |      0 |  1343334796 |      0 |      0 |         0 
 126269 Thread 54 - PartitionProcessorThre...97-ba81-af2a82981de6-0-17 |  1323000 |   469000 |   523119438 |  17491542741 |         0 |      0 |  1285482331 |      0 |      0 |         0 
 126270 Thread 55 - PartitionProcessorThre...97-ba81-af2a82981de6-0-18 |  1396000 |   514000 |   557534813 |  18642992585 |         0 |      0 |  1367303359 |      0 |      0 |         0 
 126271 Thread 56 - PartitionProcessorThre...97-ba81-af2a82981de6-0-19 |  1409000 |   487000 |   552239442 |  18506596077 |         0 |      0 |  1233721746 |      0 |      0 |         0 
 126272 Thread 57 - PartitionProcessorThre...797-ba81-af2a82981de6-1-0 |  1411000 |   485000 |   554635293 |  18506308429 |         0 |      0 |  1309719603 |      0 |      0 |         0 
 126273 Thread 58 - PartitionProcessorThre...797-ba81-af2a82981de6-1-1 |  1410000 |   498000 |   555938817 |  18623477155 |         0 |      0 |  1502912980 |      0 |      0 |         0 
 126274 Thread 59 - PartitionProcessorThre...797-ba81-af2a82981de6-1-2 |  1360000 |   507000 |   545804188 |  18223651663 |         0 |      0 |  1624329656 |      0 |      0 |         0 
 126275 Thread 60 - PartitionProcessorThre...797-ba81-af2a82981de6-1-3 |  1378000 |   464000 |   537988961 |  17979804718 |         0 |      0 |  1350609110 |      0 |      0 |         0 
 126276 Thread 61 - PartitionProcessorThre...797-ba81-af2a82981de6-1-4 |  1345000 |   475000 |   531069934 |  17764903831 |         0 |      0 |  1404381708 |      0 |      0 |         0 
 126277 Thread 62 - PartitionProcessorThre...797-ba81-af2a82981de6-1-5 |  1383000 |   464000 |   539543946 |  18028516944 |         0 |      0 |  1446046630 |      0 |      0 |         0 
 126278 Thread 63 - PartitionProcessorThre...797-ba81-af2a82981de6-1-6 |  1397000 |   484000 |   548876988 |  18359766909 |         0 |      0 |  1413474624 |      0 |      0 |         0 
 126279 Thread 64 - PartitionProcessorThre...797-ba81-af2a82981de6-1-7 |  1345000 |   465000 |   528668840 |  17666913601 |         0 |      0 |  1379962958 |      0 |      0 |         0 
 126280 Thread 65 - PartitionProcessorThre...797-ba81-af2a82981de6-1-8 |  1426000 |   429000 |   542899649 |  18106528081 |         0 |      0 |  1303789279 |      0 |      0 |         0 
 126281 Thread 66 - PartitionProcessorThre...797-ba81-af2a82981de6-1-9 |  1432000 |   466000 |   555702496 |  18525735593 |         0 |      0 |  1226533401 |      0 |      0 |         0 
 126282 Thread 67 - PartitionProcessorThre...97-ba81-af2a82981de6-1-10 |  1392000 |   483000 |   548675668 |  18301651573 |         0 |      0 |  1491614163 |      0 |      0 |         0 
 126283 Thread 68 - PartitionProcessorThre...97-ba81-af2a82981de6-1-11 |  1271000 |   462000 |   506649914 |  16915127507 |         0 |      0 |  1408590356 |      0 |      0 |         0 
 126284 Thread 69 - PartitionProcessorThre...97-ba81-af2a82981de6-1-12 |  1358000 |   435000 |   524180426 |  17501343105 |         0 |      0 |  1259707553 |      0 |      0 |         0 
 126285 Thread 70 - PartitionProcessorThre...97-ba81-af2a82981de6-1-13 |  1378000 |   456000 |   534627457 |  17901005620 |         0 |      0 |  1233660947 |      0 |      0 |         0 
 126286 Thread 71 - PartitionProcessorThre...97-ba81-af2a82981de6-1-14 |  1351000 |   516000 |   545270235 |  18224297522 |         0 |      0 |  1401619795 |      0 |      0 |         0 
 126287 Thread 72 - PartitionProcessorThre...97-ba81-af2a82981de6-1-15 |  1285000 |   475000 |   514401653 |  17179935374 |         0 |      0 |  1463618154 |      0 |      0 |         0 
 126288 Thread 73 - PartitionProcessorThre...97-ba81-af2a82981de6-1-16 |  1352000 |   523000 |   548047688 |  18301708374 |         0 |      0 |  1187593927 |      0 |      0 |         0 
 126289 Thread 74 - PartitionProcessorThre...97-ba81-af2a82981de6-1-17 |  1381000 |   462000 |   539042942 |  17988610339 |         0 |      0 |  1144603540 |      0 |      0 |         0 
 126290 Thread 75 - PartitionProcessorThre...97-ba81-af2a82981de6-1-18 |  1433000 |   502000 |   565391270 |  18886641710 |         0 |      0 |  1355667316 |      0 |      0 |         0 
 126291 Thread 76 - PartitionProcessorThre...97-ba81-af2a82981de6-1-19 |  1378000 |   483000 |   544124774 |  18164829475 |         0 |      0 |  1364652139 |      0 |      0 |         0 
 126742 Thread 77 - process reaper                                     |     2000 |     1000 |      920363 |     29363175 |         0 |      0 |       56196 |      0 |      0 |         0 
 126747 Thread 78 - Attach Listener                                    |   445000 |   106000 |   164473183 |   5387014690 |   4931584 | 192512 |     2501878 |      0 |      0 |         0 
