                                 Task                                  |  utime   |  stime   |     rss     |     vmem     |   read    | write  |    d:cpu    | d:bio  | d:swap | d:reclaim 
 162440 Thread 1 - main                                                |   587000 |    87000 |    42135514 |   5108731464 |  21210112 |   1024 |     6405774 |      0 |      0 |         0 
 162462 Thread 2 - Reference Handler                                   |     4000 |     1000 |      723546 |     40856296 |         0 |      0 |           0 |      0 |      0 |         0 
 162463 Thread 3 - Finalizer                                           |     4000 |        0 |      404835 |     31070296 |     13312 |      0 |     1045600 |      0 |      0 |         0 
 162464 Thread 4 - Surrogate Locker Thread (Concurrent GC)             |        0 |        0 |           0 |            0 |         0 |      0 |        3905 |      0 |      0 |         0 
 162465 Thread 5 - Signal Dispatcher                                   |        0 |     2000 |      329527 |     17074160 |         0 |      0 |        2939 |      0 |      0 |         0 
 162475 Thread 11 - DecatonSubscriptionThread-decaton-benchmark        | 26051000 | 28528000 | 15978252092 | 531276346240 | 585445376 | 132096 | 17640917099 | 174595 |      0 |         0 
 162480 Thread 13 - kafka-coordinator-hear...hread | decaton-benchmark |   185000 |    62000 |    71922085 |   2398682144 |   6577152 |   4096 |    35469465 | 258293 |      0 |         0 
 162483 Thread 14 - PartitionProcessorThre...4cf-996c-eaca748c4502-2-0 |  1190000 |   394000 |   462304672 |  15447444347 |    123904 |      0 |  1635092779 |      0 |      0 |         0 
 162484 Thread 15 - PartitionProcessorThre...4cf-996c-eaca748c4502-2-1 |  1184000 |   388000 |   458339219 |  15329870304 |     33792 |      0 |  1254656372 |      0 |      0 |         0 
 162485 Thread 16 - PartitionProcessorThre...4cf-996c-eaca748c4502-2-2 |  1237000 |   398000 |   478987508 |  15947625917 |         0 |      0 |  1424270443 |      0 |      0 |         0 
 162486 Thread 17 - PartitionProcessorThre...4cf-996c-eaca748c4502-2-3 |  1182000 |   419000 |   469735250 |  15618138019 |         0 |      0 |  1584393462 |      0 |      0 |         0 
 162487 Thread 18 - PartitionProcessorThre...4cf-996c-eaca748c4502-2-4 |  1097000 |   390000 |   436241598 |  14506360433 |         0 |      0 |  1489614464 |      0 |      0 |         0 
 162488 Thread 19 - PartitionProcessorThre...4cf-996c-eaca748c4502-2-5 |  1181000 |   388000 |   458778492 |  15304506695 |         0 |      0 |  1442826387 |      0 |      0 |         0 
 162489 Thread 20 - PartitionProcessorThre...4cf-996c-eaca748c4502-2-6 |  1131000 |   410000 |   452770090 |  15032502718 |         0 |      0 |  1426875054 |      0 |      0 |         0 
 162490 Thread 21 - PartitionProcessorThre...4cf-996c-eaca748c4502-2-7 |  1144000 |   379000 |   446521500 |  14856490816 |         0 |      0 |  1487569445 |      0 |      0 |         0 
 162491 Thread 22 - PartitionProcessorThre...4cf-996c-eaca748c4502-2-8 |  1162000 |   388000 |   453254785 |  15120064621 |         0 |      0 |  1672140687 |      0 |      0 |         0 
 162492 Thread 23 - PartitionProcessorThre...4cf-996c-eaca748c4502-2-9 |  1208000 |   363000 |   460592430 |  15324491363 |         0 |      0 |  1623381272 |      0 |      0 |         0 
 162493 Thread 24 - PartitionProcessorThre...cf-996c-eaca748c4502-2-10 |  1238000 |   390000 |   476631605 |  15881107175 |         0 |      0 |  1634497319 |      0 |      0 |         0 
 162494 Thread 25 - PartitionProcessorThre...cf-996c-eaca748c4502-2-11 |  1174000 |   380000 |   453970789 |  15159760160 |         0 |      0 |  1534161367 |      0 |      0 |         0 
 162495 Thread 26 - PartitionProcessorThre...cf-996c-eaca748c4502-2-12 |  1264000 |   412000 |   490832898 |  16348841906 |      1024 |      0 |  1474410275 |      0 |      0 |         0 
 162496 Thread 27 - PartitionProcessorThre...cf-996c-eaca748c4502-2-13 |  1178000 |   383000 |   458207359 |  15228030964 |         0 |      0 |  1507740476 |      0 |      0 |         0 
 162497 Thread 28 - PartitionProcessorThre...cf-996c-eaca748c4502-2-14 |  1166000 |   392000 |   456749922 |  15197977605 |         0 |      0 |  1607283089 |      0 |      0 |         0 
 162498 Thread 29 - PartitionProcessorThre...cf-996c-eaca748c4502-2-15 |  1207000 |   396000 |   469321543 |  15636386546 |         0 |      0 |  1521466966 |      0 |      0 |         0 
 162499 Thread 30 - PartitionProcessorThre...cf-996c-eaca748c4502-2-16 |  1175000 |   407000 |   465372625 |  15433253199 |         0 |      0 |  1442193289 |      0 |      0 |         0 
 162500 Thread 31 - PartitionProcessorThre...cf-996c-eaca748c4502-2-17 |  1186000 |   426000 |   472403484 |  15724703437 |         0 |      0 |  1544992099 |      0 |      0 |         0 
 162501 Thread 32 - PartitionProcessorThre...cf-996c-eaca748c4502-2-18 |  1185000 |   389000 |   460056906 |  15352473312 |     40960 |      0 |  1494258157 |      0 |      0 |         0 
 162502 Thread 33 - PartitionProcessorThre...cf-996c-eaca748c4502-2-19 |  1196000 |   423000 |   476203652 |  15793094683 |         0 |      0 |  1708365240 |      0 |      0 |         0 
 162503 Thread 34 - PartitionProcessorThre...4cf-996c-eaca748c4502-0-0 |  1223000 |   372000 |   468365121 |  15559059675 |      1024 |      0 |  1641831149 |      0 |      0 |         0 
 162504 Thread 35 - PartitionProcessorThre...4cf-996c-eaca748c4502-0-1 |  1191000 |   380000 |   462211805 |  15325611355 |         0 |      0 |  1614819443 |      0 |      0 |         0 
 162505 Thread 36 - PartitionProcessorThre...4cf-996c-eaca748c4502-0-2 |  1235000 |   382000 |   473854433 |  15773190972 |      1024 |      0 |  1441642514 |      0 |      0 |         0 
 162506 Thread 37 - PartitionProcessorThre...4cf-996c-eaca748c4502-0-3 |  1089000 |   417000 |   443892371 |  14691406820 |         0 |      0 |  1526966579 |      0 |      0 |         0 
 162507 Thread 38 - PartitionProcessorThre...4cf-996c-eaca748c4502-0-4 |  1081000 |   378000 |   429147707 |  14233362296 |         0 |      0 |  1342523282 |      0 |      0 |         0 
 162508 Thread 39 - PartitionProcessorThre...4cf-996c-eaca748c4502-0-5 |  1159000 |   365000 |   448895145 |  14867178531 |         0 |      0 |  1584474755 |      0 |      0 |         0 
 162509 Thread 40 - PartitionProcessorThre...4cf-996c-eaca748c4502-0-6 |  1163000 |   390000 |   455703266 |  15149970710 |         0 |      0 |  1617318416 |      0 |      0 |         0 
 162510 Thread 41 - PartitionProcessorThre...4cf-996c-eaca748c4502-0-7 |  1163000 |   437000 |   470890508 |  15608951718 |         0 |      0 |  1543240494 |      0 |      0 |         0 
 162511 Thread 42 - PartitionProcessorThre...4cf-996c-eaca748c4502-0-8 |  1188000 |   416000 |   472215723 |  15647846296 |      3072 |      0 |  1392143574 |      0 |      0 |         0 
 162512 Thread 43 - PartitionProcessorThre...4cf-996c-eaca748c4502-0-9 |  1180000 |   417000 |   468819594 |  15579213550 |         0 |      0 |  1645410795 |      0 |      0 |         0 
 162513 Thread 44 - PartitionProcessorThre...cf-996c-eaca748c4502-0-10 |  1219000 |   382000 |   471415617 |  15618356070 |         0 |      0 |  1490857990 |      0 |      0 |         0 
 162514 Thread 45 - PartitionProcessorThre...cf-996c-eaca748c4502-0-11 |  1195000 |   378000 |   463170500 |  15345515488 |         0 |      0 |  1693566219 |      0 |      0 |         0 
 162515 Thread 46 - PartitionProcessorThre...cf-996c-eaca748c4502-0-12 |  1149000 |   420000 |   460719062 |  15305960082 |         0 |      0 |  1432483649 |      0 |      0 |         0 
 162516 Thread 47 - PartitionProcessorThre...cf-996c-eaca748c4502-0-13 |  1131000 |   373000 |   442598871 |  14672377082 |         0 |      0 |  1536162554 |      0 |      0 |         0 
 162517 Thread 48 - PartitionProcessorThre...cf-996c-eaca748c4502-0-14 |  1127000 |   405000 |   449784641 |  14945716144 |         0 |      0 |  1376254302 |      0 |      0 |         0 
 162518 Thread 49 - PartitionProcessorThre...cf-996c-eaca748c4502-0-15 |  1157000 |   416000 |   462659926 |  15345514523 |         0 |      0 |  1564126819 |      0 |      0 |         0 
 162519 Thread 50 - PartitionProcessorThre...cf-996c-eaca748c4502-0-16 |  1180000 |   428000 |   473224211 |  15687179449 |         0 |      0 |  1645555347 |      0 |      0 |         0 
 162520 Thread 51 - PartitionProcessorThre...cf-996c-eaca748c4502-0-17 |  1119000 |   430000 |   455376992 |  15111304457 |         0 |      0 |  1571436901 |      0 |      0 |         0 
 162521 Thread 52 - PartitionProcessorThre...cf-996c-eaca748c4502-0-18 |  1109000 |   362000 |   433953153 |  14350373332 |         0 |      0 |  1383662160 |      0 |      0 |         0 
 162522 Thread 53 - PartitionProcessorThre...cf-996c-eaca748c4502-0-19 |  1238000 |   447000 |   496309035 |  16437856285 |         0 |      0 |  1529672898 |      0 |      0 |         0 
 162523 Thread 54 - PartitionProcessorThre...4cf-996c-eaca748c4502-1-0 |  1126000 |   438000 |   461288945 |  15257686800 |         0 |      0 |  1347271381 |      0 |      0 |         0 
 162524 Thread 55 - PartitionProcessorThre...4cf-996c-eaca748c4502-1-1 |  1137000 |   408000 |   455877070 |  15072061679 |         0 |      0 |  1460880144 |      0 |      0 |         0 
 162525 Thread 56 - PartitionProcessorThre...4cf-996c-eaca748c4502-1-2 |  1229000 |   395000 |   479836414 |  15843013750 |         0 |      0 |  1681959775 |      0 |      0 |         0 
 162526 Thread 57 - PartitionProcessorThre...4cf-996c-eaca748c4502-1-3 |  1178000 |   412000 |   469626195 |  15511143875 |         0 |      0 |  1645925193 |      0 |      0 |         0 
 162527 Thread 58 - PartitionProcessorThre...4cf-996c-eaca748c4502-1-4 |  1112000 |   399000 |   446985875 |  14740858750 |         0 |      0 |  1681173505 |      0 |      0 |         0 
 162528 Thread 59 - PartitionProcessorThre...4cf-996c-eaca748c4502-1-5 |  1105000 |   410000 |   447929348 |  14779801570 |         0 |      0 |  1733652777 |      0 |      0 |         0 
 162529 Thread 60 - PartitionProcessorThre...4cf-996c-eaca748c4502-1-6 |  1122000 |   420000 |   455101649 |  15043194667 |  10831872 |      0 |  1432480795 |      0 |      0 |         0 
 162530 Thread 61 - PartitionProcessorThre...4cf-996c-eaca748c4502-1-7 |  1152000 |   361000 |   446735559 |  14760116875 |         0 |      0 |  1681763089 |      0 |      0 |         0 
 162531 Thread 62 - PartitionProcessorThre...4cf-996c-eaca748c4502-1-8 |  1160000 |   363000 |   449418801 |  14857598625 |         0 |      0 |  1522505287 |      0 |      0 |         0 
 162532 Thread 63 - PartitionProcessorThre...4cf-996c-eaca748c4502-1-9 |  1145000 |   408000 |   458803543 |  15150362714 |         0 |      0 |  1712949055 |      0 |      0 |         0 
 162533 Thread 64 - PartitionProcessorThre...cf-996c-eaca748c4502-1-10 |  1072000 |   409000 |   437825524 |  14447766714 |         0 |      0 |  1403814713 |      0 |      0 |         0 
 162534 Thread 65 - PartitionProcessorThre...cf-996c-eaca748c4502-1-11 |  1179000 |   425000 |   473355945 |  15647734414 |         0 |      0 |  1688766628 |      0 |      0 |         0 
 162535 Thread 66 - PartitionProcessorThre...cf-996c-eaca748c4502-1-12 |  1190000 |   377000 |   462980582 |  15287021644 |         0 |      0 |  1564929847 |      0 |      0 |         0 
 162536 Thread 67 - PartitionProcessorThre...cf-996c-eaca748c4502-1-13 |  1153000 |   436000 |   469273980 |  15501447414 |         0 |      0 |  1163928246 |      0 |      0 |         0 
 162537 Thread 68 - PartitionProcessorThre...cf-996c-eaca748c4502-1-14 |  1208000 |   409000 |   477262222 |  15774422234 |         0 |      0 |  1734837117 |      0 |      0 |         0 
 162538 Thread 69 - PartitionProcessorThre...cf-996c-eaca748c4502-1-15 |  1143000 |   390000 |   453267570 |  14955211355 |         0 |      0 |  1565172736 |      0 |      0 |         0 
 162540 Thread 70 - PartitionProcessorThre...cf-996c-eaca748c4502-1-16 |  1199000 |   422000 |   478904430 |  15813856937 |         0 |      0 |  1428797690 |      0 |      0 |         0 
 162541 Thread 71 - PartitionProcessorThre...cf-996c-eaca748c4502-1-17 |  1125000 |   418000 |   455806742 |  15052790437 |         0 |      0 |  1476276160 |      0 |      0 |         0 
 162542 Thread 72 - PartitionProcessorThre...cf-996c-eaca748c4502-1-18 |  1114000 |   420000 |   452742078 |  14964874375 |         0 |      0 |  1634086168 |      0 |      0 |         0 
 162543 Thread 73 - PartitionProcessorThre...cf-996c-eaca748c4502-1-19 |  1160000 |   410000 |   463540094 |  15316110000 |         0 |      0 |  1437206237 |      0 |      0 |         0 
 162984 Thread 74 - process reaper                                     |     1000 |        0 |      310445 |      9786000 |      2048 |      0 |           0 |      0 |      0 |         0 
 162990 Thread 75 - Attach Listener                                    |   354000 |    97000 |   136436952 |   4407288885 |   5304320 | 115712 |     2554253 |      0 |      0 |         0 
