                                 Task                                 |  utime   |  stime   |     rss     |     vmem     |   read    | write  |    d:cpu    | d:bio  | d:swap | d:reclaim 
 86257 Thread 1 - main                                                |   584000 |    74000 |    41352201 |   4987303548 |  21203968 |   1024 |     4943367 |      0 |      0 |         0 
 86279 Thread 2 - Reference Handler                                   |     5000 |     1000 |      615242 |     46605468 |         0 |      0 |      243265 |      0 |      0 |         0 
 86280 Thread 3 - Finalizer                                           |     5000 |        0 |      499007 |     38768886 |      5120 |      0 |     1595132 |      0 |      0 |         0 
 86281 Thread 4 - Surrogate Locker Thread (Concurrent GC)             |        0 |        0 |           0 |            0 |         0 |      0 |      741972 |      0 |      0 |         0 
 86282 Thread 5 - Signal Dispatcher                                   |        0 |        0 |           0 |            0 |         0 |      0 |       15050 |      0 |      0 |         0 
 86292 Thread 11 - DecatonSubscriptionThread-decaton-benchmark        | 29189000 | 32110000 | 18385063399 | 596953443600 | 638229504 | 124928 | 17608009273 |  86922 |      0 |         0 
 86293 Thread 13 - kafka-coordinator-hear...hread | decaton-benchmark |   176000 |    38000 |    63577093 |   2084120866 |   4724736 |   4096 |    28735153 | 228228 |      0 |         0 
 86296 Thread 14 - PartitionProcessorThre...947-b549-0702bb346d3a-1-0 |  1206000 |   446000 |   493568688 |  16103707914 |     39936 |      0 |  1506881912 |      0 |      0 |         0 
 86297 Thread 15 - PartitionProcessorThre...947-b549-0702bb346d3a-1-1 |  1274000 |   442000 |   515967911 |  16739961867 |         0 |      0 |  1455545969 |      0 |      0 |         0 
 86298 Thread 16 - PartitionProcessorThre...947-b549-0702bb346d3a-1-2 |  1273000 |   461000 |   522739454 |  16917412730 |         0 |      0 |  1484820341 |      0 |      0 |         0 
 86299 Thread 17 - PartitionProcessorThre...947-b549-0702bb346d3a-1-3 |  1300000 |   480000 |   535607258 |  17367923093 |         0 |      0 |  1385430305 |      0 |      0 |         0 
 86300 Thread 18 - PartitionProcessorThre...947-b549-0702bb346d3a-1-4 |  1250000 |   463000 |   515823954 |  16713001449 |         0 |      0 |  1393539976 |      0 |      0 |         0 
 86301 Thread 19 - PartitionProcessorThre...947-b549-0702bb346d3a-1-5 |  1326000 |   450000 |   531211047 |  17325067515 |         0 |      0 |  1533474699 |      0 |      0 |         0 
 86302 Thread 20 - PartitionProcessorThre...947-b549-0702bb346d3a-1-6 |  1321000 |   508000 |   549378668 |  17845709566 |      2048 |      0 |  1237547829 |      0 |      0 |         0 
 86303 Thread 21 - PartitionProcessorThre...947-b549-0702bb346d3a-1-7 |  1374000 |   439000 |   541521653 |  17687584597 |         0 |      0 |  1381614930 |      0 |      0 |         0 
 86304 Thread 22 - PartitionProcessorThre...947-b549-0702bb346d3a-1-8 |  1292000 |   459000 |   520776360 |  17083650144 |      1024 |      0 |  1397753527 |      0 |      0 |         0 
 86305 Thread 23 - PartitionProcessorThre...947-b549-0702bb346d3a-1-9 |  1307000 |   444000 |   522977481 |  17081248722 |      2048 |      0 |  1514471312 |      0 |      0 |         0 
 86306 Thread 24 - PartitionProcessorThre...47-b549-0702bb346d3a-1-10 |  1269000 |   444000 |   511439899 |  16710782175 |    118784 |      0 |  1579632118 |      0 |      0 |         0 
 86307 Thread 25 - PartitionProcessorThre...47-b549-0702bb346d3a-1-11 |  1199000 |   457000 |   495659485 |  16156939160 |         0 |      0 |  1505842164 |      0 |      0 |         0 
 86308 Thread 26 - PartitionProcessorThre...47-b549-0702bb346d3a-1-12 |  1268000 |   429000 |   509360004 |  16557055703 |         0 |      0 |  1475032802 |      0 |      0 |         0 
 86309 Thread 27 - PartitionProcessorThre...47-b549-0702bb346d3a-1-13 |  1263000 |   441000 |   511613368 |  16627674691 |         0 |      0 |  1389239192 |      0 |      0 |         0 
 86310 Thread 28 - PartitionProcessorThre...47-b549-0702bb346d3a-1-14 |  1275000 |   439000 |   513397985 |  16722658668 |         0 |      0 |  1526862636 |      0 |      0 |         0 
 86311 Thread 29 - PartitionProcessorThre...47-b549-0702bb346d3a-1-15 |  1244000 |   476000 |   516574180 |  16782547593 |     24576 |      0 |  1327200729 |      0 |      0 |         0 
 86312 Thread 30 - PartitionProcessorThre...47-b549-0702bb346d3a-1-16 |  1301000 |   423000 |   516110774 |  16818900742 |     11264 |      0 |  1325730925 |      0 |      0 |         0 
 86313 Thread 31 - PartitionProcessorThre...47-b549-0702bb346d3a-1-17 |  1288000 |   440000 |   519263192 |  16861820902 |         0 |      0 |  1457854685 |      0 |      0 |         0 
 86314 Thread 32 - PartitionProcessorThre...47-b549-0702bb346d3a-1-18 |  1331000 |   440000 |   530726985 |  17278878214 |         0 |      0 |  1427393355 |      0 |      0 |         0 
 86315 Thread 33 - PartitionProcessorThre...47-b549-0702bb346d3a-1-19 |  1286000 |   464000 |   525520032 |  17073741808 |      3072 |      0 |  1451000166 |      0 |      0 |         0 
 86316 Thread 34 - PartitionProcessorThre...947-b549-0702bb346d3a-0-0 |  1170000 |   460000 |   491528512 |  15905344261 |         0 |      0 |  1490419724 |      0 |      0 |         0 
 86317 Thread 35 - PartitionProcessorThre...947-b549-0702bb346d3a-0-1 |  1233000 |   434000 |   501997676 |  16265761812 |         0 |      0 |  1360047057 |      0 |      0 |         0 
 86318 Thread 36 - PartitionProcessorThre...947-b549-0702bb346d3a-0-2 |  1271000 |   477000 |   527417258 |  17056819214 |         0 |      0 |  1442107839 |      0 |      0 |         0 
 86319 Thread 37 - PartitionProcessorThre...947-b549-0702bb346d3a-0-3 |  1178000 |   396000 |   474522419 |  15358883996 |         0 |      0 |  1347095308 |      0 |      0 |         0 
 86320 Thread 38 - PartitionProcessorThre...947-b549-0702bb346d3a-0-4 |  1256000 |   437000 |   510652618 |  16520611445 |         0 |      0 |  1229070198 |      0 |      0 |         0 
 86321 Thread 39 - PartitionProcessorThre...947-b549-0702bb346d3a-0-5 |  1344000 |   474000 |   549215223 |  17740472831 |         0 |      0 |  1476373092 |      0 |      0 |         0 
 86322 Thread 40 - PartitionProcessorThre...947-b549-0702bb346d3a-0-6 |  1249000 |   476000 |   520472579 |  16832937921 |      1024 |      0 |  1311258806 |      0 |      0 |         0 
 86323 Thread 41 - PartitionProcessorThre...947-b549-0702bb346d3a-0-7 |  1350000 |   428000 |   536098914 |  17350175722 |         0 |      0 |  1375605875 |      0 |      0 |         0 
 86324 Thread 42 - PartitionProcessorThre...947-b549-0702bb346d3a-0-8 |  1256000 |   472000 |   521549196 |  16862083761 |         0 |      0 |  1376343869 |      0 |      0 |         0 
 86325 Thread 43 - PartitionProcessorThre...947-b549-0702bb346d3a-0-9 |  1315000 |   474000 |   538980594 |  17457252390 |         0 |      0 |  1230912229 |      0 |      0 |         0 
 86326 Thread 44 - PartitionProcessorThre...47-b549-0702bb346d3a-0-10 |  1221000 |   445000 |   501884262 |  16256664504 |         0 |      0 |  1402236678 |      0 |      0 |         0 
 86327 Thread 45 - PartitionProcessorThre...47-b549-0702bb346d3a-0-11 |  1235000 |   431000 |   501909305 |  16256550722 |         0 |      0 |  1292333045 |      0 |      0 |         0 
 86328 Thread 46 - PartitionProcessorThre...47-b549-0702bb346d3a-0-12 |  1202000 |   422000 |   489785278 |  15847486261 |         0 |      0 |  1446294833 |      0 |      0 |         0 
 86329 Thread 47 - PartitionProcessorThre...47-b549-0702bb346d3a-0-13 |  1281000 |   450000 |   522710985 |  16891133757 |         0 |      0 |  1454181842 |      0 |      0 |         0 
 86330 Thread 48 - PartitionProcessorThre...47-b549-0702bb346d3a-0-14 |  1273000 |   489000 |   531465305 |  17193870269 |         0 |      0 |  1455882907 |      0 |      0 |         0 
 86331 Thread 49 - PartitionProcessorThre...47-b549-0702bb346d3a-0-15 |  1232000 |   472000 |   513725184 |  16627609996 |         0 |      0 |  1495036017 |      0 |      0 |         0 
 86332 Thread 50 - PartitionProcessorThre...47-b549-0702bb346d3a-0-16 |  1256000 |   469000 |   519712485 |  16832555750 |         0 |      0 |  1639442820 |      0 |      0 |         0 
 86333 Thread 51 - PartitionProcessorThre...47-b549-0702bb346d3a-0-17 |  1237000 |   412000 |   497014903 |  16090412906 |         0 |      0 |  1455113364 |      0 |      0 |         0 
 86334 Thread 52 - PartitionProcessorThre...47-b549-0702bb346d3a-0-18 |  1145000 |   452000 |   480237176 |  15583155625 |         0 |      0 |  1415898310 |      0 |      0 |         0 
 86335 Thread 53 - PartitionProcessorThre...47-b549-0702bb346d3a-0-19 |  1192000 |   434000 |   490062036 |  15866636754 |         0 |      0 |  1486184356 |      0 |      0 |         0 
 86336 Thread 54 - PartitionProcessorThre...947-b549-0702bb346d3a-2-0 |  1237000 |   504000 |   525948739 |  16988603546 |         0 |      0 |  1256521184 |      0 |      0 |         0 
 86337 Thread 55 - PartitionProcessorThre...947-b549-0702bb346d3a-2-1 |  1298000 |   480000 |   537678594 |  17350296253 |         0 |      0 |  1468836408 |      0 |      0 |         0 
 86338 Thread 56 - PartitionProcessorThre...947-b549-0702bb346d3a-2-2 |  1299000 |   495000 |   542289500 |  17505922691 |         0 |      0 |  1457565396 |      0 |      0 |         0 
 86339 Thread 57 - PartitionProcessorThre...947-b549-0702bb346d3a-2-3 |  1321000 |   448000 |   534363399 |  17262068007 |         0 |      0 |  1490155224 |      0 |      0 |         0 
 86340 Thread 58 - PartitionProcessorThre...947-b549-0702bb346d3a-2-4 |  1201000 |   403000 |   485227450 |  15652061359 |         0 |      0 |  1361549641 |      0 |      0 |         0 
 86341 Thread 59 - PartitionProcessorThre...947-b549-0702bb346d3a-2-5 |  1298000 |   450000 |   527303829 |  17056588124 |         0 |      0 |  1392453677 |      0 |      0 |         0 
 86342 Thread 60 - PartitionProcessorThre...947-b549-0702bb346d3a-2-6 |  1234000 |   468000 |   513898266 |  16608395160 |         0 |      0 |  1161198950 |      0 |      0 |         0 
 86343 Thread 61 - PartitionProcessorThre...947-b549-0702bb346d3a-2-7 |  1342000 |   468000 |   547262422 |  17662623503 |         0 |      0 |  1456999948 |      0 |      0 |         0 
 86344 Thread 62 - PartitionProcessorThre...947-b549-0702bb346d3a-2-8 |  1347000 |   466000 |   547979250 |  17691762800 |         0 |      0 |  1336522271 |      0 |      0 |         0 
 86345 Thread 63 - PartitionProcessorThre...947-b549-0702bb346d3a-2-9 |  1272000 |   496000 |   534024887 |  17252166265 |         0 |      0 |  1308306232 |      0 |      0 |         0 
 86346 Thread 64 - PartitionProcessorThre...47-b549-0702bb346d3a-2-10 |  1290000 |   478000 |   533630044 |  17251731663 |         0 |      0 |  1421483541 |      0 |      0 |         0 
 86347 Thread 65 - PartitionProcessorThre...47-b549-0702bb346d3a-2-11 |  1297000 |   520000 |   548947571 |  17730389816 |         0 |      0 |  1385410332 |      0 |      0 |         0 
 86348 Thread 66 - PartitionProcessorThre...47-b549-0702bb346d3a-2-12 |  1310000 |   429000 |   525293395 |  16969157886 |         0 |      0 |  1237992311 |      0 |      0 |         0 
 86349 Thread 67 - PartitionProcessorThre...47-b549-0702bb346d3a-2-13 |  1244000 |   469000 |   516899782 |  16714583414 |         0 |      0 |  1375488313 |      0 |      0 |         0 
 86350 Thread 68 - PartitionProcessorThre...47-b549-0702bb346d3a-2-14 |  1344000 |   441000 |   538774598 |  17417544781 |         0 |      0 |  1361003376 |      0 |      0 |         0 
 86351 Thread 69 - PartitionProcessorThre...47-b549-0702bb346d3a-2-15 |  1272000 |   428000 |   513811551 |  16589361386 |         0 |      0 |  1341932374 |      0 |      0 |         0 
 86352 Thread 70 - PartitionProcessorThre...47-b549-0702bb346d3a-2-16 |  1313000 |   483000 |   542415364 |  17525128441 |         0 |      0 |  1483491364 |      0 |      0 |         0 
 86353 Thread 71 - PartitionProcessorThre...47-b549-0702bb346d3a-2-17 |  1212000 |   459000 |   505043876 |  16306354961 |         0 |      0 |  1498168142 |      0 |      0 |         0 
 86354 Thread 72 - PartitionProcessorThre...47-b549-0702bb346d3a-2-18 |  1225000 |   421000 |   496732766 |  16061511738 |         0 |      0 |  1471482314 |      0 |      0 |         0 
 86355 Thread 73 - PartitionProcessorThre...47-b549-0702bb346d3a-2-19 |  1240000 |   440000 |   507941661 |  16393809246 |         0 |      0 |  1226037393 |      0 |      0 |         0 
 86604 Thread 74 - process reaper                                     |     1000 |        0 |      312085 |      9786003 |      2048 |      0 |       34277 |      0 |      0 |         0 
 86610 Thread 75 - Attach Listener                                    |   366000 |    92000 |   139399937 |   4475700073 |   5304320 | 198656 |     1232987 |      0 |      0 |         0 
