                                 Task                                 |  utime   |  stime   |     rss     |     vmem     |   read    | write  |    d:cpu    | d:bio  | d:swap | d:reclaim 
 70435 Thread 1 - main                                                |   581000 |    75000 |    41418662 |   4969576060 |  21203968 |   1024 |     1438063 |      0 |      0 |         0 
 70457 Thread 2 - Reference Handler                                   |     6000 |     1000 |      883632 |     55686507 |         0 |      0 |       54331 |      0 |      0 |         0 
 70458 Thread 3 - Finalizer                                           |     5000 |        0 |      612445 |     40286835 |      5120 |      0 |     1095275 |      0 |      0 |         0 
 70459 Thread 4 - Surrogate Locker Thread (Concurrent GC)             |        0 |        0 |           0 |            0 |         0 |      0 |           0 |      0 |      0 |         0 
 70460 Thread 5 - Signal Dispatcher                                   |        0 |        0 |           0 |            0 |         0 |      0 |           0 |      0 |      0 |         0 
 70470 Thread 11 - DecatonSubscriptionThread-decaton-benchmark        | 30746000 | 33068000 | 20271082056 | 621454006523 | 637165568 | 125952 | 19278854685 | 152059 |      0 |         0 
 70471 Thread 13 - kafka-coordinator-hear...hread | decaton-benchmark |   168000 |    38000 |    64822573 |   2007967991 |   5792768 |   4096 |    32350058 | 206603 |      0 |         0 
 70475 Thread 14 - PartitionProcessorThre...0d7-814c-b5b110894951-0-0 |  1308000 |   427000 |   540968024 |  16889945394 |    158720 |      0 |  1594635819 |      0 |      0 |         0 
 70476 Thread 15 - PartitionProcessorThre...0d7-814c-b5b110894951-0-1 |  1359000 |   461000 |   573004180 |  17755923902 |         0 |      0 |  1261523729 |      0 |      0 |         0 
 70477 Thread 16 - PartitionProcessorThre...0d7-814c-b5b110894951-0-2 |  1319000 |   552000 |   585303524 |  18243925410 |      1024 |      0 |  1426503998 |      0 |      0 |         0 
 70478 Thread 17 - PartitionProcessorThre...0d7-814c-b5b110894951-0-3 |  1360000 |   503000 |   585505914 |  18178689140 |         0 |      0 |  1506156127 |      0 |      0 |         0 
 70479 Thread 18 - PartitionProcessorThre...0d7-814c-b5b110894951-0-4 |  1310000 |   480000 |   562602790 |  17463391535 |         0 |      0 |  1549522162 |      0 |      0 |         0 
 70480 Thread 19 - PartitionProcessorThre...0d7-814c-b5b110894951-0-5 |  1260000 |   437000 |   532605344 |  16557666805 |         0 |      0 |  1548798491 |      0 |      0 |         0 
 70481 Thread 20 - PartitionProcessorThre...0d7-814c-b5b110894951-0-6 |  1221000 |   511000 |   543280001 |  16897806324 |         0 |      0 |  1473844721 |      0 |      0 |         0 
 70482 Thread 21 - PartitionProcessorThre...0d7-814c-b5b110894951-0-7 |  1273000 |   467000 |   549614383 |  16977426746 |         0 |      0 |  1622282883 |      0 |      0 |         0 
 70483 Thread 22 - PartitionProcessorThre...0d7-814c-b5b110894951-0-8 |  1378000 |   475000 |   579230746 |  18079182007 |         0 |      0 |  1591518302 |      0 |      0 |         0 
 70484 Thread 23 - PartitionProcessorThre...0d7-814c-b5b110894951-0-9 |  1323000 |   482000 |   566819036 |  17611382965 |         0 |      0 |  1753254910 |      0 |      0 |         0 
 70485 Thread 24 - PartitionProcessorThre...d7-814c-b5b110894951-0-10 |  1334000 |   431000 |   552791004 |  17218230187 |     43008 |      0 |  1822092776 |      0 |      0 |         0 
 70486 Thread 25 - PartitionProcessorThre...d7-814c-b5b110894951-0-11 |  1334000 |   428000 |   553852473 |  17191282734 |         0 |      0 |  1691905230 |      0 |      0 |         0 
 70487 Thread 26 - PartitionProcessorThre...d7-814c-b5b110894951-0-12 |  1361000 |   477000 |   578810528 |  17934192097 |         0 |      0 |  1525661909 |      0 |      0 |         0 
 70488 Thread 27 - PartitionProcessorThre...d7-814c-b5b110894951-0-13 |  1355000 |   506000 |   584967125 |  18157376921 |         0 |      0 |  1619525702 |      0 |      0 |         0 
 70489 Thread 28 - PartitionProcessorThre...d7-814c-b5b110894951-0-14 |  1303000 |   496000 |   566067204 |  17553017781 |         0 |      0 |  1370884981 |      0 |      0 |         0 
 70490 Thread 29 - PartitionProcessorThre...d7-814c-b5b110894951-0-15 |  1289000 |   452000 |   547857997 |  16986490723 |      2048 |      0 |  1810691279 |      0 |      0 |         0 
 70491 Thread 30 - PartitionProcessorThre...d7-814c-b5b110894951-0-16 |  1215000 |   450000 |   525174173 |  16245825957 |         0 |      0 |  1494677336 |      0 |      0 |         0 
 70492 Thread 31 - PartitionProcessorThre...d7-814c-b5b110894951-0-17 |  1372000 |   518000 |   594005325 |  18440761886 |         0 |      0 |  1708009811 |      0 |      0 |         0 
 70493 Thread 32 - PartitionProcessorThre...d7-814c-b5b110894951-0-18 |  1270000 |   455000 |   541917579 |  16829756687 |         0 |      0 |  1641946387 |      0 |      0 |         0 
 70494 Thread 33 - PartitionProcessorThre...d7-814c-b5b110894951-0-19 |  1255000 |   430000 |   528624114 |  16440708539 |         0 |      0 |  1536743315 |      0 |      0 |         0 
 70495 Thread 34 - PartitionProcessorThre...0d7-814c-b5b110894951-1-0 |  1262000 |   476000 |   557003657 |  16959662141 |         0 |      0 |  1528281481 |      0 |      0 |         0 
 70496 Thread 35 - PartitionProcessorThre...0d7-814c-b5b110894951-1-1 |  1241000 |   464000 |   545891618 |  16636627977 |         0 |      0 |  1486783927 |      0 |      0 |         0 
 70497 Thread 36 - PartitionProcessorThre...0d7-814c-b5b110894951-1-2 |  1207000 |   450000 |   528827946 |  16168397883 |         0 |      0 |  1232064202 |      0 |      0 |         0 
 70498 Thread 37 - PartitionProcessorThre...0d7-814c-b5b110894951-1-3 |  1189000 |   429000 |   518082716 |  15787403133 |         0 |      0 |  1354965596 |      0 |      0 |         0 
 70499 Thread 38 - PartitionProcessorThre...0d7-814c-b5b110894951-1-4 |  1203000 |   459000 |   531820423 |  16217366242 |         0 |      0 |  1548359287 |      0 |      0 |         0 
 70500 Thread 39 - PartitionProcessorThre...0d7-814c-b5b110894951-1-5 |  1180000 |   435000 |   516159423 |  15758807235 |         0 |      0 |  1419515812 |      0 |      0 |         0 
 70501 Thread 40 - PartitionProcessorThre...0d7-814c-b5b110894951-1-6 |  1149000 |   451000 |   512510466 |  15612766121 |         0 |      0 |  1359295822 |      0 |      0 |         0 
 70502 Thread 41 - PartitionProcessorThre...0d7-814c-b5b110894951-1-7 |  1228000 |   448000 |   536728856 |  16353734508 |         0 |      0 |  1332271605 |      0 |      0 |         0 
 70503 Thread 42 - PartitionProcessorThre...0d7-814c-b5b110894951-1-8 |  1228000 |   441000 |   534108462 |  16286050969 |         0 |      0 |  1547467509 |      0 |      0 |         0 
 70504 Thread 43 - PartitionProcessorThre...0d7-814c-b5b110894951-1-9 |  1249000 |   419000 |   533366817 |  16275649129 |         0 |      0 |  1463560310 |      0 |      0 |         0 
 70505 Thread 44 - PartitionProcessorThre...d7-814c-b5b110894951-1-10 |  1158000 |   465000 |   518066149 |  15836123777 |         0 |      0 |  1478350367 |      0 |      0 |         0 
 70506 Thread 45 - PartitionProcessorThre...d7-814c-b5b110894951-1-11 |  1261000 |   462000 |   551228383 |  16812737980 |         0 |      0 |  1445455513 |      0 |      0 |         0 
 70507 Thread 46 - PartitionProcessorThre...d7-814c-b5b110894951-1-12 |  1260000 |   468000 |   553413946 |  16862484070 |         0 |      0 |  1511872355 |      0 |      0 |         0 
 70508 Thread 47 - PartitionProcessorThre...d7-814c-b5b110894951-1-13 |  1302000 |   454000 |   561948543 |  17134375918 |         0 |      0 |  1335337798 |      0 |      0 |         0 
 70509 Thread 48 - PartitionProcessorThre...d7-814c-b5b110894951-1-14 |  1341000 |   455000 |   574352465 |  17525594906 |         0 |      0 |  1240763145 |      0 |      0 |         0 
 70510 Thread 49 - PartitionProcessorThre...d7-814c-b5b110894951-1-15 |  1327000 |   463000 |   573133868 |  17466704152 |         0 |      0 |  1503890377 |      0 |      0 |         0 
 70511 Thread 50 - PartitionProcessorThre...d7-814c-b5b110894951-1-16 |  1217000 |   450000 |   534072829 |  16266566020 |      3072 |      0 |  1354091913 |      0 |      0 |         0 
 70512 Thread 51 - PartitionProcessorThre...d7-814c-b5b110894951-1-17 |  1262000 |   465000 |   553848598 |  16852501719 |         0 |      0 |  1366426865 |      0 |      0 |         0 
 70513 Thread 52 - PartitionProcessorThre...d7-814c-b5b110894951-1-18 |  1293000 |   466000 |   562285321 |  17163768113 |         0 |      0 |  1504759902 |      0 |      0 |         0 
 70514 Thread 53 - PartitionProcessorThre...d7-814c-b5b110894951-1-19 |  1209000 |   410000 |   519474481 |  15798542813 |         0 |      0 |  1465648570 |      0 |      0 |         0 
 70515 Thread 54 - PartitionProcessorThre...0d7-814c-b5b110894951-2-0 |  1221000 |   453000 |   534337344 |  16334718320 |         0 |      0 |  1348288232 |      0 |      0 |         0 
 70516 Thread 55 - PartitionProcessorThre...0d7-814c-b5b110894951-2-1 |  1268000 |   460000 |   553596407 |  16861590371 |         0 |      0 |  1586247604 |      0 |      0 |         0 
 70517 Thread 56 - PartitionProcessorThre...0d7-814c-b5b110894951-2-2 |  1253000 |   430000 |   538598153 |  16422416215 |         0 |      0 |  1518350144 |      0 |      0 |         0 
 70518 Thread 57 - PartitionProcessorThre...0d7-814c-b5b110894951-2-3 |  1307000 |   444000 |   561655219 |  17086084336 |         0 |      0 |  1569270778 |      0 |      0 |         0 
 70519 Thread 58 - PartitionProcessorThre...0d7-814c-b5b110894951-2-4 |  1228000 |   465000 |   540471782 |  16519744086 |         0 |      0 |  1382101220 |      0 |      0 |         0 
 70520 Thread 59 - PartitionProcessorThre...0d7-814c-b5b110894951-2-5 |  1267000 |   455000 |   550951243 |  16803241754 |         0 |      0 |  1488415651 |      0 |      0 |         0 
 70521 Thread 60 - PartitionProcessorThre...0d7-814c-b5b110894951-2-6 |  1244000 |   442000 |   539993165 |  16452224180 |         0 |      0 |  1272811436 |      0 |      0 |         0 
 70522 Thread 61 - PartitionProcessorThre...0d7-814c-b5b110894951-2-7 |  1280000 |   407000 |   539106426 |  16461109734 |         0 |      0 |  1430121390 |      0 |      0 |         0 
 70523 Thread 62 - PartitionProcessorThre...0d7-814c-b5b110894951-2-8 |  1263000 |   417000 |   536772497 |  16393253180 |         0 |      0 |  1506228418 |      0 |      0 |         0 
 70524 Thread 63 - PartitionProcessorThre...0d7-814c-b5b110894951-2-9 |  1264000 |   447000 |   547533020 |  16696074594 |         0 |      0 |  1493229937 |      0 |      0 |         0 
 70525 Thread 64 - PartitionProcessorThre...d7-814c-b5b110894951-2-10 |  1283000 |   445000 |   553388258 |  16861737848 |         0 |      0 |  1394106696 |      0 |      0 |         0 
 70526 Thread 65 - PartitionProcessorThre...d7-814c-b5b110894951-2-11 |  1226000 |   466000 |   541653067 |  16510064312 |         0 |      0 |  1421350871 |      0 |      0 |         0 
 70527 Thread 66 - PartitionProcessorThre...d7-814c-b5b110894951-2-12 |  1271000 |   459000 |   554766192 |  16881139160 |         0 |      0 |  1290740324 |      0 |      0 |         0 
 70528 Thread 67 - PartitionProcessorThre...d7-814c-b5b110894951-2-13 |  1261000 |   474000 |   556734942 |  16929960051 |         0 |      0 |  1541775387 |      0 |      0 |         0 
 70529 Thread 68 - PartitionProcessorThre...d7-814c-b5b110894951-2-14 |  1259000 |   480000 |   556602606 |  16969009867 |         0 |      0 |  1379190615 |      0 |      0 |         0 
 70530 Thread 69 - PartitionProcessorThre...d7-814c-b5b110894951-2-15 |  1225000 |   442000 |   534731790 |  16267152637 |         0 |      0 |  1237582339 |      0 |      0 |         0 
 70531 Thread 70 - PartitionProcessorThre...d7-814c-b5b110894951-2-16 |  1259000 |   464000 |   551325208 |  16813559684 |         0 |      0 |  1526765594 |      0 |      0 |         0 
 70532 Thread 71 - PartitionProcessorThre...d7-814c-b5b110894951-2-17 |  1206000 |   476000 |   539337903 |  16412840188 |         0 |      0 |  1642244145 |      0 |      0 |         0 
 70533 Thread 72 - PartitionProcessorThre...d7-814c-b5b110894951-2-18 |  1353000 |   464000 |   580903891 |  17729689574 |         0 |      0 |  1547760643 |      0 |      0 |         0 
 70534 Thread 73 - PartitionProcessorThre...d7-814c-b5b110894951-2-19 |  1327000 |   503000 |   585457079 |  17857151472 |         0 |      0 |  1447740039 |      0 |      0 |         0 
 70950 Thread 74 - process reaper                                     |     1000 |     1000 |      679546 |     19537781 |      2048 |      0 |           0 |      0 |      0 |         0 
 70956 Thread 75 - Attach Listener                                    |   357000 |    97000 |   149421967 |   4436633569 |   5304320 | 357376 |     2858651 |      0 |      0 |         0 
