                                 Task                                  |  utime   |  stime   |     rss     |     vmem     |   read    | write  |    d:cpu    | d:bio  | d:swap | d:reclaim 
 118991 Thread 1 - main                                                |   683000 |   123000 |    49619576 |   6143688358 |  22109184 |   1024 |     5104841 |      0 |      0 |         0 
 119013 Thread 2 - Reference Handler                                   |     4000 |        0 |      440582 |     33510300 |         0 |      0 |     2336154 |      0 |      0 |         0 
 119014 Thread 3 - Finalizer                                           |     6000 |     1000 |      766273 |     56389121 |     13312 |      0 |     2040193 |      0 |      0 |         0 
 119016 Thread 4 - Surrogate Locker Thread (Concurrent GC)             |        0 |        0 |           0 |            0 |         0 |      0 |           0 |      0 |      0 |         0 
 119017 Thread 5 - Signal Dispatcher                                   |        0 |        0 |           0 |            0 |         0 |      0 |        4705 |      0 |      0 |         0 
 119025 Thread 12 - RMI Scheduler(0)                                   |     3000 |        0 |      654355 |     27276285 |      4096 |      0 |       37283 |      0 |      0 |         0 
 119026 Thread 13 - RMI RenewClean-[10.231.182.152:37437]              |        0 |        0 |           0 |            0 |      1024 |      0 |      801013 |      0 |      0 |         0 
 119027 Thread 14 - GC Daemon                                          |        0 |        0 |           0 |            0 |         0 |      0 |           0 |      0 |      0 |         0 
 119029 Thread 15 - DecatonSubscriptionThread-decaton-benchmark        | 29074000 | 31099000 | 17240073833 | 586041719065 | 584964096 | 136192 | 19877641603 | 291042 |      0 |         0 
 119031 Thread 16 - kafka-coordinator-hear...hread | decaton-benchmark |   226000 |    68000 |    83712925 |   2864313460 |   6541312 |   6144 |    16751285 | 378213 |      0 |         0 
 119036 Thread 17 - PartitionProcessorThre...660-af92-7c8e779f061c-2-0 |  1347000 |   400000 |   498414085 |  17039678122 |      2048 |      0 |  1855768991 |      0 |      0 |         0 
 119037 Thread 18 - PartitionProcessorThre...660-af92-7c8e779f061c-2-1 |  1316000 |   417000 |   490951659 |  16892649677 |     34816 |      0 |  1965965770 |      0 |      0 |         0 
 119038 Thread 19 - PartitionProcessorThre...660-af92-7c8e779f061c-2-2 |  1316000 |   439000 |   502618089 |  17120990755 |      4096 |      0 |  1640847500 |      0 |      0 |         0 
 119039 Thread 20 - PartitionProcessorThre...660-af92-7c8e779f061c-2-3 |  1308000 |   412000 |   491412323 |  16778460270 |         0 |      0 |  1861261625 |      0 |      0 |         0 
 119040 Thread 21 - PartitionProcessorThre...660-af92-7c8e779f061c-2-4 |  1271000 |   408000 |   480704089 |  16382260536 |      3072 |      0 |  2003214744 |      0 |      0 |         0 
 119041 Thread 22 - PartitionProcessorThre...660-af92-7c8e779f061c-2-5 |  1323000 |   420000 |   496974316 |  16999621387 |    118784 |      0 |  1856384298 |      0 |      0 |         0 
 119042 Thread 23 - PartitionProcessorThre...660-af92-7c8e779f061c-2-6 |  1305000 |   430000 |   494375784 |  16927630544 |      1024 |      0 |  1531156964 |      0 |      0 |         0 
 119043 Thread 24 - PartitionProcessorThre...660-af92-7c8e779f061c-2-7 |  1309000 |   415000 |   490475140 |  16820416848 |         0 |      0 |  1793648264 |      0 |      0 |         0 
 119044 Thread 25 - PartitionProcessorThre...660-af92-7c8e779f061c-2-8 |  1374000 |   411000 |   509728319 |  17416477184 |         0 |      0 |  1913004642 |      0 |      0 |         0 
 119045 Thread 26 - PartitionProcessorThre...660-af92-7c8e779f061c-2-9 |  1360000 |   439000 |   514680839 |  17551561360 |         0 |      0 |  1881267209 |      0 |      0 |         0 
 119046 Thread 27 - PartitionProcessorThre...60-af92-7c8e779f061c-2-10 |  1245000 |   431000 |   478434843 |  16352216669 |         0 |      0 |  1719258525 |      0 |      0 |         0 
 119047 Thread 28 - PartitionProcessorThre...60-af92-7c8e779f061c-2-11 |  1321000 |   441000 |   501627440 |  17192685598 |         0 |      0 |  1983273656 |      0 |      0 |         0 
 119048 Thread 29 - PartitionProcessorThre...60-af92-7c8e779f061c-2-12 |  1272000 |   389000 |   474995648 |  16206754157 |         0 |      0 |  1808173157 |      0 |      0 |         0 
 119049 Thread 30 - PartitionProcessorThre...60-af92-7c8e779f061c-2-13 |  1290000 |   427000 |   491728253 |  16754741708 |         0 |      0 |  1870995655 |      0 |      0 |         0 
 119050 Thread 31 - PartitionProcessorThre...60-af92-7c8e779f061c-2-14 |  1328000 |   456000 |   510886706 |  17406927348 |         0 |      0 |  1996479303 |      0 |      0 |         0 
 119051 Thread 32 - PartitionProcessorThre...60-af92-7c8e779f061c-2-15 |  1288000 |   424000 |   491771991 |  16703706653 |         0 |      0 |  1849649536 |      0 |      0 |         0 
 119052 Thread 33 - PartitionProcessorThre...60-af92-7c8e779f061c-2-16 |  1332000 |   417000 |   500329370 |  17065216704 |  10831872 |      0 |  1772576127 |      0 |      0 |         0 
 119053 Thread 34 - PartitionProcessorThre...60-af92-7c8e779f061c-2-17 |  1324000 |   394000 |   492862245 |  16764218333 |         0 |      0 |  1692364073 |      0 |      0 |         0 
 119054 Thread 35 - PartitionProcessorThre...60-af92-7c8e779f061c-2-18 |  1361000 |   403000 |   505979999 |  17212715473 |         0 |      0 |  1819675907 |      0 |      0 |         0 
 119055 Thread 36 - PartitionProcessorThre...60-af92-7c8e779f061c-2-19 |  1333000 |   426000 |   505062503 |  17163503700 |         0 |      0 |  1886794886 |      0 |      0 |         0 
 119056 Thread 37 - PartitionProcessorThre...660-af92-7c8e779f061c-0-0 |  1279000 |   414000 |   489030745 |  16520585020 |         0 |      0 |  1752020419 |      0 |      0 |         0 
 119057 Thread 38 - PartitionProcessorThre...660-af92-7c8e779f061c-0-1 |  1273000 |   396000 |   481502777 |  16286643845 |         0 |      0 |  1672554117 |      0 |      0 |         0 
 119058 Thread 39 - PartitionProcessorThre...660-af92-7c8e779f061c-0-2 |  1280000 |   405000 |   487123359 |  16442945095 |         0 |      0 |  1621407786 |      0 |      0 |         0 
 119059 Thread 40 - PartitionProcessorThre...660-af92-7c8e779f061c-0-3 |  1250000 |   466000 |   496029851 |  16745561192 |         0 |      0 |  1593968109 |      0 |      0 |         0 
 119060 Thread 41 - PartitionProcessorThre...660-af92-7c8e779f061c-0-4 |  1249000 |   400000 |   476416750 |  16091368532 |         0 |      0 |  1585399715 |      0 |      0 |         0 
 119061 Thread 42 - PartitionProcessorThre...660-af92-7c8e779f061c-0-5 |  1260000 |   420000 |   485307078 |  16394126634 |         0 |      0 |  1667048701 |      0 |      0 |         0 
 119062 Thread 43 - PartitionProcessorThre...660-af92-7c8e779f061c-0-6 |  1305000 |   428000 |   500723554 |  16911550333 |         0 |      0 |  1797298581 |      0 |      0 |         0 
 119063 Thread 44 - PartitionProcessorThre...660-af92-7c8e779f061c-0-7 |  1284000 |   422000 |   492558386 |  16648041723 |         0 |      0 |  1542844906 |      0 |      0 |         0 
 119064 Thread 45 - PartitionProcessorThre...660-af92-7c8e779f061c-0-8 |  1279000 |   372000 |   476214519 |  16110924919 |         0 |      0 |  1704180665 |      0 |      0 |         0 
 119065 Thread 46 - PartitionProcessorThre...660-af92-7c8e779f061c-0-9 |  1307000 |   415000 |   498103956 |  16803999098 |         0 |      0 |  1772180795 |      0 |      0 |         0 
 119066 Thread 47 - PartitionProcessorThre...60-af92-7c8e779f061c-0-10 |  1251000 |   395000 |   474970808 |  16062427145 |         0 |      0 |  1783161403 |      0 |      0 |         0 
 119067 Thread 48 - PartitionProcessorThre...60-af92-7c8e779f061c-0-11 |  1254000 |   442000 |   490066929 |  16550707595 |         0 |      0 |  1881947188 |      0 |      0 |         0 
 119068 Thread 49 - PartitionProcessorThre...60-af92-7c8e779f061c-0-12 |  1330000 |   432000 |   508851429 |  17194432739 |         0 |      0 |  1710523504 |      0 |      0 |         0 
 119069 Thread 50 - PartitionProcessorThre...60-af92-7c8e779f061c-0-13 |  1228000 |   391000 |   467455886 |  15798755708 |         0 |      0 |  1728687760 |      0 |      0 |         0 
 119070 Thread 51 - PartitionProcessorThre...60-af92-7c8e779f061c-0-14 |  1290000 |   475000 |   510105968 |  17223446126 |         0 |      0 |  1793627391 |      0 |      0 |         0 
 119071 Thread 52 - PartitionProcessorThre...60-af92-7c8e779f061c-0-15 |  1213000 |   401000 |   467339164 |  15750234583 |         0 |      0 |  1719245056 |      0 |      0 |         0 
 119072 Thread 53 - PartitionProcessorThre...60-af92-7c8e779f061c-0-16 |  1326000 |   410000 |   501044937 |  16940474302 |         0 |      0 |  1777319525 |      0 |      0 |         0 
 119073 Thread 54 - PartitionProcessorThre...60-af92-7c8e779f061c-0-17 |  1272000 |   448000 |   497212753 |  16784117380 |         0 |      0 |  1653430662 |      0 |      0 |         0 
 119074 Thread 55 - PartitionProcessorThre...60-af92-7c8e779f061c-0-18 |  1331000 |   402000 |   499460191 |  16910916165 |      1024 |      0 |  1695084442 |      0 |      0 |         0 
 119075 Thread 56 - PartitionProcessorThre...60-af92-7c8e779f061c-0-19 |  1301000 |   389000 |   490082066 |  16491837575 |         0 |      0 |  1856470493 |      0 |      0 |         0 
 119076 Thread 57 - PartitionProcessorThre...660-af92-7c8e779f061c-1-0 |  1243000 |   457000 |   491124195 |  16589163122 |         0 |      0 |  1828500090 |      0 |      0 |         0 
 119077 Thread 58 - PartitionProcessorThre...660-af92-7c8e779f061c-1-1 |  1247000 |   426000 |   483169468 |  16325553934 |         0 |      0 |  1790449898 |      0 |      0 |         0 
 119078 Thread 59 - PartitionProcessorThre...660-af92-7c8e779f061c-1-2 |  1304000 |   394000 |   490215296 |  16569854505 |         0 |      0 |  1766679242 |      0 |      0 |         0 
 119079 Thread 60 - PartitionProcessorThre...660-af92-7c8e779f061c-1-3 |  1236000 |   466000 |   491719667 |  16608522114 |         0 |      0 |  1724505830 |      0 |      0 |         0 
 119080 Thread 61 - PartitionProcessorThre...660-af92-7c8e779f061c-1-4 |  1255000 |   389000 |   475110832 |  16042792184 |         0 |      0 |  1774550684 |      0 |      0 |         0 
 119081 Thread 62 - PartitionProcessorThre...660-af92-7c8e779f061c-1-5 |  1210000 |   437000 |   476089195 |  16072045591 |         0 |      0 |  1694744413 |      0 |      0 |         0 
 119082 Thread 63 - PartitionProcessorThre...660-af92-7c8e779f061c-1-6 |  1263000 |   379000 |   474764253 |  16023195552 |         0 |      0 |  1680724010 |      0 |      0 |         0 
 119083 Thread 64 - PartitionProcessorThre...660-af92-7c8e779f061c-1-7 |  1334000 |   435000 |   511469206 |  17262402669 |         0 |      0 |  1781571980 |      0 |      0 |         0 
 119084 Thread 65 - PartitionProcessorThre...660-af92-7c8e779f061c-1-8 |  1263000 |   426000 |   487753632 |  16481810274 |         0 |      0 |  1747474578 |      0 |      0 |         0 
 119085 Thread 66 - PartitionProcessorThre...660-af92-7c8e779f061c-1-9 |  1292000 |   419000 |   495416695 |  16696589512 |         0 |      0 |  1681057211 |      0 |      0 |         0 
 119086 Thread 67 - PartitionProcessorThre...60-af92-7c8e779f061c-1-10 |  1286000 |   425000 |   493067683 |  16696402247 |         0 |      0 |  1618847460 |      0 |      0 |         0 
 119087 Thread 68 - PartitionProcessorThre...60-af92-7c8e779f061c-1-11 |  1255000 |   404000 |   477684964 |  16189165075 |         0 |      0 |  1673989665 |      0 |      0 |         0 
 119088 Thread 69 - PartitionProcessorThre...60-af92-7c8e779f061c-1-12 |  1220000 |   412000 |   471418800 |  15926176091 |         0 |      0 |  1681024393 |      0 |      0 |         0 
 119089 Thread 70 - PartitionProcessorThre...60-af92-7c8e779f061c-1-13 |  1243000 |   371000 |   465067257 |  15749828841 |         0 |      0 |  1873192164 |      0 |      0 |         0 
 119090 Thread 71 - PartitionProcessorThre...60-af92-7c8e779f061c-1-14 |  1242000 |   413000 |   476989124 |  16150134981 |         0 |      0 |  1523338549 |      0 |      0 |         0 
 119091 Thread 72 - PartitionProcessorThre...60-af92-7c8e779f061c-1-15 |  1317000 |   422000 |   502977948 |  16969918989 |         0 |      0 |  1694722896 |      0 |      0 |         0 
 119092 Thread 73 - PartitionProcessorThre...60-af92-7c8e779f061c-1-16 |  1298000 |   438000 |   501174109 |  16940554794 |         0 |      0 |  1879297256 |      0 |      0 |         0 
 119093 Thread 74 - PartitionProcessorThre...60-af92-7c8e779f061c-1-17 |  1269000 |   397000 |   479532503 |  16257312688 |         0 |      0 |  1898521590 |      0 |      0 |         0 
 119094 Thread 75 - PartitionProcessorThre...60-af92-7c8e779f061c-1-18 |  1251000 |   413000 |   480606878 |  16237673739 |         0 |      0 |  1738343301 |      0 |      0 |         0 
 119095 Thread 76 - PartitionProcessorThre...60-af92-7c8e779f061c-1-19 |  1402000 |   427000 |   526118644 |  17847790012 |         0 |      0 |  1812163553 |      0 |      0 |         0 
 119695 Thread 77 - process reaper                                     |     1000 |     1000 |      610769 |     19576687 |         0 |      0 |       10060 |      0 |      0 |         0 
 119700 Thread 78 - Attach Listener                                    |   409000 |    95000 |   148062295 |   4926593628 |   5304320 | 114688 |     4376505 |      0 |      0 |         0 
