                                 Task                                 |  utime   |  stime   |     rss     |     vmem     |   read    | write  |    d:cpu    | d:bio  | d:swap | d:reclaim 
 29673 Thread 1 - main                                                |   816000 |   132000 |    62780775 |   7276830322 |  34331648 |   1024 |     9885961 |      0 |      0 |         0 
 29695 Thread 2 - Reference Handler                                   |     4000 |     1000 |      368253 |     38026722 |         0 |      0 |     2335014 |      0 |      0 |         0 
 29696 Thread 3 - Finalizer                                           |     3000 |     1000 |      367617 |     31308796 |      5120 |      0 |     4756956 |      0 |      0 |         0 
 29697 Thread 4 - Surrogate Locker Thread (Concurrent GC)             |        0 |        0 |           0 |            0 |         0 |      0 |       12925 |      0 |      0 |         0 
 29698 Thread 5 - Signal Dispatcher                                   |        0 |        0 |           0 |            0 |         0 |      0 |        5983 |      0 |      0 |         0 
 29706 Thread 12 - RMI Scheduler(0)                                   |     2000 |     1000 |      665792 |     27278308 |      4096 |      0 |      324841 |      0 |      0 |         0 
 29707 Thread 13 - RMI RenewClean-[10.231.182.152:42558]              |        0 |        0 |           0 |            0 |      1024 |      0 |           0 |      0 |      0 |         0 
 29708 Thread 14 - GC Daemon                                          |        0 |        0 |           0 |            0 |         0 |      0 |           0 |      0 |      0 |         0 
 29711 Thread 15 - DecatonSubscriptionThread-decaton-benchmark        | 26694000 | 30594000 | 16704547718 | 558117702936 | 572977152 | 135168 | 18677939972 | 968596 |      0 |         0 
 29712 Thread 16 - kafka-coordinator-hear...hread | decaton-benchmark |   232000 |    50000 |    82605792 |   2748275561 |   6747136 |   5120 |    25418567 | 456878 |      0 |         0 
 29717 Thread 17 - PartitionProcessorThre...5ab-9643-0727714cc86a-1-0 |  1371000 |   390000 |   516660489 |  17170919176 |     40960 |      0 |  1482332886 |      0 |      0 |         0 
 29718 Thread 18 - PartitionProcessorThre...5ab-9643-0727714cc86a-1-1 |  1313000 |   434000 |   513338555 |  17046463058 |         0 |      0 |  1603442594 |      0 |      0 |         0 
 29719 Thread 19 - PartitionProcessorThre...5ab-9643-0727714cc86a-1-2 |  1399000 |   413000 |   531274840 |  17674367082 |         0 |      0 |  1516207034 |      0 |      0 |         0 
 29720 Thread 20 - PartitionProcessorThre...5ab-9643-0727714cc86a-1-3 |  1382000 |   441000 |   535225262 |  17782223047 |         0 |      0 |  1810930081 |      0 |      0 |         0 
 29721 Thread 21 - PartitionProcessorThre...5ab-9643-0727714cc86a-1-4 |  1396000 |   438000 |   537846348 |  17888155172 |     12288 |      0 |  1590128299 |      0 |      0 |         0 
 29722 Thread 22 - PartitionProcessorThre...5ab-9643-0727714cc86a-1-5 |  1428000 |   398000 |   536517606 |  17816078886 |         0 |      0 |  1581542812 |      0 |      0 |         0 
 29723 Thread 23 - PartitionProcessorThre...5ab-9643-0727714cc86a-1-6 |  1467000 |   397000 |   545629895 |  18181325289 |      1024 |      0 |  1645910445 |      0 |      0 |         0 
 29724 Thread 24 - PartitionProcessorThre...5ab-9643-0727714cc86a-1-7 |  1388000 |   411000 |   528336262 |  17553432539 |         0 |      0 |  1597650467 |      0 |      0 |         0 
 29725 Thread 25 - PartitionProcessorThre...5ab-9643-0727714cc86a-1-8 |  1472000 |   455000 |   565580290 |  18801484808 |         0 |      0 |  1649511321 |      0 |      0 |         0 
 29726 Thread 26 - PartitionProcessorThre...5ab-9643-0727714cc86a-1-9 |  1411000 |   440000 |   543975872 |  18060564402 |         0 |      0 |  1824559141 |      0 |      0 |         0 
 29727 Thread 27 - PartitionProcessorThre...ab-9643-0727714cc86a-1-10 |  1420000 |   419000 |   540279743 |  17943803785 |         0 |      0 |  1753230345 |      0 |      0 |         0 
 29728 Thread 28 - PartitionProcessorThre...ab-9643-0727714cc86a-1-11 |  1393000 |   454000 |   542538391 |  18019543925 |         0 |      0 |  1907181872 |      0 |      0 |         0 
 29729 Thread 29 - PartitionProcessorThre...ab-9643-0727714cc86a-1-12 |  1416000 |   396000 |   532028071 |  17678519566 |         0 |      0 |  1617337894 |      0 |      0 |         0 
 29730 Thread 30 - PartitionProcessorThre...ab-9643-0727714cc86a-1-13 |  1400000 |   427000 |   536618981 |  17827270086 |         0 |      0 |  1662386924 |      0 |      0 |         0 
 29731 Thread 31 - PartitionProcessorThre...ab-9643-0727714cc86a-1-14 |  1334000 |   397000 |   508298798 |  16888847297 |         0 |      0 |  1763797656 |      0 |      0 |         0 
 29732 Thread 32 - PartitionProcessorThre...ab-9643-0727714cc86a-1-15 |  1401000 |   440000 |   541649528 |  17964003359 |         0 |      0 |  1677452495 |      0 |      0 |         0 
 29733 Thread 33 - PartitionProcessorThre...ab-9643-0727714cc86a-1-16 |  1363000 |   377000 |   510867266 |  16976860207 |  10831872 |      0 |  1602766565 |      0 |      0 |         0 
 29734 Thread 34 - PartitionProcessorThre...ab-9643-0727714cc86a-1-17 |  1408000 |   404000 |   532287508 |  17681067500 |         0 |      0 |  1796157998 |      0 |      0 |         0 
 29735 Thread 35 - PartitionProcessorThre...ab-9643-0727714cc86a-1-18 |  1337000 |   436000 |   521509325 |  17300390527 |         0 |      0 |  1890825102 |      0 |      0 |         0 
 29736 Thread 36 - PartitionProcessorThre...ab-9643-0727714cc86a-1-19 |  1321000 |   406000 |   507752669 |  16851955480 |         0 |      0 |  1833481972 |      0 |      0 |         0 
 29737 Thread 37 - PartitionProcessorThre...5ab-9643-0727714cc86a-0-0 |  1483000 |   442000 |   558150598 |  18784249910 |         0 |      0 |  1682414009 |      0 |      0 |         0 
 29738 Thread 38 - PartitionProcessorThre...5ab-9643-0727714cc86a-0-1 |  1425000 |   408000 |   531865360 |  17886117625 |         0 |      0 |  1761804805 |      0 |      0 |         0 
 29739 Thread 39 - PartitionProcessorThre...5ab-9643-0727714cc86a-0-2 |  1397000 |   379000 |   516039579 |  17329843992 |         0 |      0 |  1956653997 |      0 |      0 |         0 
 29740 Thread 40 - PartitionProcessorThre...5ab-9643-0727714cc86a-0-3 |  1367000 |   406000 |   514425962 |  17301162597 |         0 |      0 |  1878404031 |      0 |      0 |         0 
 29741 Thread 41 - PartitionProcessorThre...5ab-9643-0727714cc86a-0-4 |  1434000 |   411000 |   535844801 |  18003387789 |         0 |      0 |  1753461813 |      0 |      0 |         0 
 29742 Thread 42 - PartitionProcessorThre...5ab-9643-0727714cc86a-0-5 |  1411000 |   398000 |   525274536 |  17651957094 |         0 |      0 |  1718841089 |      0 |      0 |         0 
 29743 Thread 43 - PartitionProcessorThre...5ab-9643-0727714cc86a-0-6 |  1418000 |   415000 |   531400528 |  17886288797 |      1024 |      0 |  1737385810 |      0 |      0 |         0 
 29744 Thread 44 - PartitionProcessorThre...5ab-9643-0727714cc86a-0-7 |  1471000 |   408000 |   545409606 |  18334954097 |         0 |      0 |  1721917554 |      0 |      0 |         0 
 29745 Thread 45 - PartitionProcessorThre...5ab-9643-0727714cc86a-0-8 |  1394000 |   416000 |   525601868 |  17661650039 |         0 |      0 |  1824657781 |      0 |      0 |         0 
 29746 Thread 46 - PartitionProcessorThre...5ab-9643-0727714cc86a-0-9 |  1404000 |   385000 |   520847442 |  17457040461 |         0 |      0 |  1830290230 |      0 |      0 |         0 
 29747 Thread 47 - PartitionProcessorThre...ab-9643-0727714cc86a-0-10 |  1292000 |   359000 |   480349716 |  16110498871 |         0 |      0 |  1646209399 |      0 |      0 |         0 
 29748 Thread 48 - PartitionProcessorThre...ab-9643-0727714cc86a-0-11 |  1394000 |   447000 |   534308883 |  17963965117 |         0 |      0 |  1659065784 |      0 |      0 |         0 
 29749 Thread 49 - PartitionProcessorThre...ab-9643-0727714cc86a-0-12 |  1467000 |   467000 |   559489813 |  18871832320 |         0 |      0 |  1656828030 |      0 |      0 |         0 
 29750 Thread 50 - PartitionProcessorThre...ab-9643-0727714cc86a-0-13 |  1430000 |   364000 |   521291622 |  17505978426 |         0 |      0 |  1765885872 |      0 |      0 |         0 
 29751 Thread 51 - PartitionProcessorThre...ab-9643-0727714cc86a-0-14 |  1424000 |   379000 |   522376766 |  17593487898 |         0 |      0 |  1761924931 |      0 |      0 |         0 
 29752 Thread 52 - PartitionProcessorThre...ab-9643-0727714cc86a-0-15 |  1454000 |   416000 |   542222200 |  18247024050 |         0 |      0 |  1814916437 |      0 |      0 |         0 
 29753 Thread 53 - PartitionProcessorThre...ab-9643-0727714cc86a-0-16 |  1416000 |   440000 |   539131102 |  18110547144 |         0 |      0 |  1573702524 |      0 |      0 |         0 
 29754 Thread 54 - PartitionProcessorThre...ab-9643-0727714cc86a-0-17 |  1396000 |   357000 |   508457344 |  17105497473 |         0 |      0 |  1848432161 |      0 |      0 |         0 
 29755 Thread 55 - PartitionProcessorThre...ab-9643-0727714cc86a-0-18 |  1447000 |   452000 |   553492012 |  18530711863 |         0 |      0 |  1560392846 |      0 |      0 |         0 
 29756 Thread 56 - PartitionProcessorThre...ab-9643-0727714cc86a-0-19 |  1409000 |   404000 |   525901172 |  17691221035 |         0 |      0 |  1642748291 |      0 |      0 |         0 
 29758 Thread 57 - PartitionProcessorThre...5ab-9643-0727714cc86a-2-0 |  1403000 |   410000 |   532528829 |  17692210691 |         0 |      0 |  1503810996 |      0 |      0 |         0 
 29759 Thread 58 - PartitionProcessorThre...5ab-9643-0727714cc86a-2-1 |  1423000 |   363000 |   525708364 |  17429323933 |         0 |      0 |  1587749844 |      0 |      0 |         0 
 29760 Thread 59 - PartitionProcessorThre...5ab-9643-0727714cc86a-2-2 |  1448000 |   449000 |   558187989 |  18511796957 |         0 |      0 |  1761059763 |      0 |      0 |         0 
 29761 Thread 60 - PartitionProcessorThre...5ab-9643-0727714cc86a-2-3 |  1438000 |   401000 |   541258485 |  17945988988 |         0 |      0 |  1593545662 |      0 |      0 |         0 
 29762 Thread 61 - PartitionProcessorThre...5ab-9643-0727714cc86a-2-4 |  1469000 |   412000 |   553086747 |  18355803300 |         0 |      0 |  1799832376 |      0 |      0 |         0 
 29763 Thread 62 - PartitionProcessorThre...5ab-9643-0727714cc86a-2-5 |  1455000 |   448000 |   559292036 |  18570258671 |         0 |      0 |  1683870524 |      0 |      0 |         0 
 29764 Thread 63 - PartitionProcessorThre...5ab-9643-0727714cc86a-2-6 |  1391000 |   385000 |   521699790 |  17330888148 |         0 |      0 |  1685391290 |      0 |      0 |         0 
 29765 Thread 64 - PartitionProcessorThre...5ab-9643-0727714cc86a-2-7 |  1357000 |   398000 |   516810106 |  17126489207 |         0 |      0 |  1709880888 |      0 |      0 |         0 
 29766 Thread 65 - PartitionProcessorThre...5ab-9643-0727714cc86a-2-8 |  1348000 |   389000 |   511058474 |  16950591957 |         0 |      0 |  1841373471 |      0 |      0 |         0 
 29767 Thread 66 - PartitionProcessorThre...5ab-9643-0727714cc86a-2-9 |  1447000 |   422000 |   549301520 |  18238916191 |         0 |      0 |  1651915602 |      0 |      0 |         0 
 29768 Thread 67 - PartitionProcessorThre...ab-9643-0727714cc86a-2-10 |  1453000 |   433000 |   553857590 |  18404290058 |         0 |      0 |  1867162196 |      0 |      0 |         0 
 29769 Thread 68 - PartitionProcessorThre...ab-9643-0727714cc86a-2-11 |  1415000 |   416000 |   539127309 |  17867762683 |         0 |      0 |  1849045918 |      0 |      0 |         0 
 29770 Thread 69 - PartitionProcessorThre...ab-9643-0727714cc86a-2-12 |  1505000 |   376000 |   552867629 |  18356232023 |         0 |      0 |  1671752553 |      0 |      0 |         0 
 29771 Thread 70 - PartitionProcessorThre...ab-9643-0727714cc86a-2-13 |  1402000 |   420000 |   534932114 |  17779740617 |         0 |      0 |  1655777026 |      0 |      0 |         0 
 29772 Thread 71 - PartitionProcessorThre...ab-9643-0727714cc86a-2-14 |  1436000 |   463000 |   557120473 |  18531068523 |         0 |      0 |  1755799879 |      0 |      0 |         0 
 29773 Thread 72 - PartitionProcessorThre...ab-9643-0727714cc86a-2-15 |  1411000 |   389000 |   528226680 |  17565517617 |         0 |      0 |  1616188655 |      0 |      0 |         0 
 29774 Thread 73 - PartitionProcessorThre...ab-9643-0727714cc86a-2-16 |  1380000 |   435000 |   533632645 |  17711681230 |         0 |      0 |  1731494014 |      0 |      0 |         0 
 29775 Thread 74 - PartitionProcessorThre...ab-9643-0727714cc86a-2-17 |  1341000 |   403000 |   513043591 |  17018892676 |         0 |      0 |  1625897351 |      0 |      0 |         0 
 29776 Thread 75 - PartitionProcessorThre...ab-9643-0727714cc86a-2-18 |  1349000 |   454000 |   530634501 |  17594784285 |         0 |      0 |  1644654771 |      0 |      0 |         0 
 29777 Thread 76 - PartitionProcessorThre...ab-9643-0727714cc86a-2-19 |  1360000 |   388000 |   513973602 |  17057985222 |         0 |      0 |  1646072727 |      0 |      0 |         0 
 30074 Thread 77 - process reaper                                     |     1000 |        0 |      303980 |      9788742 |         0 |      0 |           0 |      0 |      0 |         0 
 30079 Thread 78 - Attach Listener                                    |   434000 |    99000 |   160872565 |   5210050772 |   5144576 | 154624 |     4740326 |      0 |      0 |         0 
