                                 Task                                 |  utime   |  stime   |     rss     |     vmem     |   read    | write  |    d:cpu    | d:bio  | d:swap | d:reclaim 
 89993 Thread 1 - main                                                |   819000 |   139000 |    64370427 |   7369584881 |  34516992 |   1024 |    15203008 |      0 |      0 |         0 
 90015 Thread 2 - Reference Handler                                   |     5000 |     1000 |      617523 |     48758355 |         0 |      0 |      331880 |      0 |      0 |         0 
 90016 Thread 3 - Finalizer                                           |     5000 |        0 |      513632 |     40791742 |      5120 |      0 |      728882 |      0 |      0 |         0 
 90017 Thread 4 - Surrogate Locker Thread (Concurrent GC)             |        0 |        0 |           0 |            0 |         0 |      0 |           0 |      0 |      0 |         0 
 90018 Thread 5 - Signal Dispatcher                                   |        0 |        0 |           0 |            0 |         0 |      0 |       14607 |      0 |      0 |         0 
 90027 Thread 12 - RMI Scheduler(0)                                   |     3000 |        0 |      890554 |     29310765 |      2048 |      0 |       14053 |      0 |      0 |         0 
 90028 Thread 13 - RMI RenewClean-[10.231.182.152:41398]              |        0 |        0 |           0 |            0 |      1024 |      0 |           0 |      0 |      0 |         0 
 90029 Thread 14 - GC Daemon                                          |        0 |        0 |           0 |            0 |         0 |      0 |           0 |      0 |      0 |         0 
 90032 Thread 15 - DecatonSubscriptionThread-decaton-benchmark        | 21729000 | 32051000 | 15204375435 | 523880443214 | 572920832 | 110592 | 14636333001 |  98025 |      0 |         0 
 90034 Thread 16 - kafka-coordinator-hear...hread | decaton-benchmark |   221000 |    29000 |    69441460 |   2427901784 |   7204864 |   5120 |    12819892 | 226274 |      0 |         0 
 90037 Thread 17 - PartitionProcessorThre...1f7-8e0a-8ba80e69e174-1-0 |  1077000 |   368000 |   410106469 |  14089993613 |     34816 |      0 |   858729161 |      0 |      0 |         0 
 90038 Thread 18 - PartitionProcessorThre...1f7-8e0a-8ba80e69e174-1-1 |  1114000 |   386000 |   424931336 |  14634458312 |      3072 |      0 |  1074158176 |      0 |      0 |         0 
 90039 Thread 19 - PartitionProcessorThre...1f7-8e0a-8ba80e69e174-1-2 |  1244000 |   427000 |   473145500 |  16300985527 |         0 |      0 |  1111695585 |      0 |      0 |         0 
 90040 Thread 20 - PartitionProcessorThre...1f7-8e0a-8ba80e69e174-1-3 |  1172000 |   424000 |   452443769 |  15568762117 |      4096 |      0 |  1130049507 |      0 |      0 |         0 
 90041 Thread 21 - PartitionProcessorThre...1f7-8e0a-8ba80e69e174-1-4 |  1151000 |   423000 |   445220363 |  15355370738 |         0 |      0 |  1123149546 |      0 |      0 |         0 
 90042 Thread 22 - PartitionProcessorThre...1f7-8e0a-8ba80e69e174-1-5 |  1187000 |   368000 |   440384636 |  15172263500 |         0 |      0 |  1103455128 |      0 |      0 |         0 
 90043 Thread 23 - PartitionProcessorThre...1f7-8e0a-8ba80e69e174-1-6 |  1182000 |   373000 |   441656750 |  15172227894 |         0 |      0 |  1222457599 |      0 |      0 |         0 
 90044 Thread 24 - PartitionProcessorThre...1f7-8e0a-8ba80e69e174-1-7 |  1065000 |   363000 |   403217492 |  13929771476 |         0 |      0 |  1110624613 |      0 |      0 |         0 
 90045 Thread 25 - PartitionProcessorThre...1f7-8e0a-8ba80e69e174-1-8 |  1145000 |   369000 |   429265539 |  14772100945 |         0 |      0 |  1358498004 |      0 |      0 |         0 
 90046 Thread 26 - PartitionProcessorThre...1f7-8e0a-8ba80e69e174-1-9 |  1100000 |   378000 |   419993535 |  14421397789 |         0 |      0 |  1066372206 |      0 |      0 |         0 
 90047 Thread 27 - PartitionProcessorThre...f7-8e0a-8ba80e69e174-1-10 |  1044000 |   391000 |   407477754 |  14002347613 |         0 |      0 |  1134059912 |      0 |      0 |         0 
 90048 Thread 28 - PartitionProcessorThre...f7-8e0a-8ba80e69e174-1-11 |  1063000 |   358000 |   403183938 |  13865619879 |         0 |      0 |  1120278673 |      0 |      0 |         0 
 90049 Thread 29 - PartitionProcessorThre...f7-8e0a-8ba80e69e174-1-12 |  1125000 |   392000 |   430907308 |  14802457508 |         0 |      0 |  1146875516 |      0 |      0 |         0 
 90050 Thread 30 - PartitionProcessorThre...f7-8e0a-8ba80e69e174-1-13 |  1096000 |   394000 |   422935285 |  14538721461 |         0 |      0 |  1073773645 |      0 |      0 |         0 
 90051 Thread 31 - PartitionProcessorThre...f7-8e0a-8ba80e69e174-1-14 |  1180000 |   352000 |   434653406 |  14949086668 |         0 |      0 |  1039274160 |      0 |      0 |         0 
 90052 Thread 32 - PartitionProcessorThre...f7-8e0a-8ba80e69e174-1-15 |  1152000 |   361000 |   429524637 |  14762628285 |         0 |      0 |  1200909016 |      0 |      0 |         0 
 90053 Thread 33 - PartitionProcessorThre...f7-8e0a-8ba80e69e174-1-16 |  1179000 |   397000 |   447816121 |  15377952722 |         0 |      0 |  1166493634 |      0 |      0 |         0 
 90054 Thread 34 - PartitionProcessorThre...f7-8e0a-8ba80e69e174-1-17 |  1004000 |   374000 |   391954231 |  13447075473 |         0 |      0 |  1271696589 |      0 |      0 |         0 
 90055 Thread 35 - PartitionProcessorThre...f7-8e0a-8ba80e69e174-1-18 |  1124000 |   378000 |   426656055 |  14656983379 |         0 |      0 |  1128013545 |      0 |      0 |         0 
 90056 Thread 36 - PartitionProcessorThre...f7-8e0a-8ba80e69e174-1-19 |  1109000 |   380000 |   423605359 |  14531111480 |         0 |      0 |  1222925496 |      0 |      0 |         0 
 90057 Thread 37 - PartitionProcessorThre...1f7-8e0a-8ba80e69e174-2-0 |  1213000 |   352000 |   440316933 |  15274161171 |         0 |      0 |  1016795498 |      0 |      0 |         0 
 90058 Thread 38 - PartitionProcessorThre...1f7-8e0a-8ba80e69e174-2-1 |  1196000 |   350000 |   434814492 |  15088755203 |         0 |      0 |  1097082143 |      0 |      0 |         0 
 90059 Thread 39 - PartitionProcessorThre...1f7-8e0a-8ba80e69e174-2-2 |  1061000 |   371000 |   402721508 |  13976257059 |         0 |      0 |  1139222706 |      0 |      0 |         0 
 90060 Thread 40 - PartitionProcessorThre...1f7-8e0a-8ba80e69e174-2-3 |  1125000 |   397000 |   427982926 |  14854356328 |         0 |      0 |  1197879970 |      0 |      0 |         0 
 90061 Thread 41 - PartitionProcessorThre...1f7-8e0a-8ba80e69e174-2-4 |  1133000 |   360000 |   421386879 |  14571725656 |         0 |      0 |  1264999148 |      0 |      0 |         0 
 90062 Thread 42 - PartitionProcessorThre...1f7-8e0a-8ba80e69e174-2-5 |  1063000 |   407000 |   414467707 |  14347166285 |         0 |      0 |  1203577415 |      0 |      0 |         0 
 90063 Thread 43 - PartitionProcessorThre...1f7-8e0a-8ba80e69e174-2-6 |  1093000 |   362000 |   408807149 |  14200741785 |  10831872 |      0 |  1232542473 |      0 |      0 |         0 
 90064 Thread 44 - PartitionProcessorThre...1f7-8e0a-8ba80e69e174-2-7 |  1162000 |   369000 |   431042281 |  14942278675 |         0 |      0 |  1165721256 |      0 |      0 |         0 
 90065 Thread 45 - PartitionProcessorThre...1f7-8e0a-8ba80e69e174-2-8 |  1105000 |   424000 |   430063402 |  14922696640 |         0 |      0 |  1245178291 |      0 |      0 |         0 
 90066 Thread 46 - PartitionProcessorThre...1f7-8e0a-8ba80e69e174-2-9 |  1141000 |   383000 |   428754211 |  14874160301 |         0 |      0 |  1195750647 |      0 |      0 |         0 
 90067 Thread 47 - PartitionProcessorThre...f7-8e0a-8ba80e69e174-2-10 |  1189000 |   420000 |   453172652 |  15703549285 |         0 |      0 |  1142957881 |      0 |      0 |         0 
 90068 Thread 48 - PartitionProcessorThre...f7-8e0a-8ba80e69e174-2-11 |  1218000 |   358000 |   444341519 |  15381765699 |         0 |      0 |  1184162529 |      0 |      0 |         0 
 90069 Thread 49 - PartitionProcessorThre...f7-8e0a-8ba80e69e174-2-12 |  1157000 |   369000 |   430301738 |  14893820281 |         0 |      0 |  1146266580 |      0 |      0 |         0 
 90070 Thread 50 - PartitionProcessorThre...f7-8e0a-8ba80e69e174-2-13 |  1216000 |   392000 |   452932394 |  15693856785 |         0 |      0 |  1217832333 |      0 |      0 |         0 
 90071 Thread 51 - PartitionProcessorThre...f7-8e0a-8ba80e69e174-2-14 |  1145000 |   380000 |   430460504 |  14884036425 |         0 |      0 |  1180567454 |      0 |      0 |         0 
 90072 Thread 52 - PartitionProcessorThre...f7-8e0a-8ba80e69e174-2-15 |  1116000 |   355000 |   414956316 |  14356841449 |         0 |      0 |  1362919931 |      0 |      0 |         0 
 90073 Thread 53 - PartitionProcessorThre...f7-8e0a-8ba80e69e174-2-16 |  1139000 |   375000 |   425826180 |  14776641273 |         0 |      0 |  1222880797 |      0 |      0 |         0 
 90074 Thread 54 - PartitionProcessorThre...f7-8e0a-8ba80e69e174-2-17 |  1103000 |   358000 |   411984227 |  14259407933 |         0 |      0 |  1221568448 |      0 |      0 |         0 
 90075 Thread 55 - PartitionProcessorThre...f7-8e0a-8ba80e69e174-2-18 |  1100000 |   386000 |   419345762 |  14503415355 |      1024 |      0 |  1180862984 |      0 |      0 |         0 
 90076 Thread 56 - PartitionProcessorThre...f7-8e0a-8ba80e69e174-2-19 |  1164000 |   380000 |   437480402 |  15069689715 |         0 |      0 |  1261805889 |      0 |      0 |         0 
 90078 Thread 57 - PartitionProcessorThre...1f7-8e0a-8ba80e69e174-0-0 |  1078000 |   400000 |   421299543 |  14425809668 |         0 |      0 |  1001712251 |      0 |      0 |         0 
 90079 Thread 58 - PartitionProcessorThre...1f7-8e0a-8ba80e69e174-0-1 |  1106000 |   360000 |   418260176 |  14308566605 |         0 |      0 |   963516692 |      0 |      0 |         0 
 90080 Thread 59 - PartitionProcessorThre...1f7-8e0a-8ba80e69e174-0-2 |  1139000 |   412000 |   442610117 |  15138230554 |         0 |      0 |  1260966129 |      0 |      0 |         0 
 90081 Thread 60 - PartitionProcessorThre...1f7-8e0a-8ba80e69e174-0-3 |  1117000 |   394000 |   431120566 |  14748213031 |         0 |      0 |  1091913127 |      0 |      0 |         0 
 90082 Thread 61 - PartitionProcessorThre...1f7-8e0a-8ba80e69e174-0-4 |  1093000 |   397000 |   425209449 |  14543021519 |         0 |      0 |  1221717197 |      0 |      0 |         0 
 90083 Thread 62 - PartitionProcessorThre...1f7-8e0a-8ba80e69e174-0-5 |  1155000 |   403000 |   444470222 |  15206878691 |         0 |      0 |  1094715281 |      0 |      0 |         0 
 90084 Thread 63 - PartitionProcessorThre...1f7-8e0a-8ba80e69e174-0-6 |  1126000 |   383000 |   430010504 |  14728365066 |         0 |      0 |  1029752090 |      0 |      0 |         0 
 90085 Thread 64 - PartitionProcessorThre...1f7-8e0a-8ba80e69e174-0-7 |  1128000 |   352000 |   422594730 |  14445360582 |         0 |      0 |  1113526036 |      0 |      0 |         0 
 90086 Thread 65 - PartitionProcessorThre...1f7-8e0a-8ba80e69e174-0-8 |  1105000 |   372000 |   420146461 |  14416384101 |         0 |      0 |  1105045582 |      0 |      0 |         0 
 90087 Thread 66 - PartitionProcessorThre...1f7-8e0a-8ba80e69e174-0-9 |  1163000 |   372000 |   437836449 |  14982268226 |         0 |      0 |  1147392486 |      0 |      0 |         0 
 90088 Thread 67 - PartitionProcessorThre...f7-8e0a-8ba80e69e174-0-10 |  1143000 |   360000 |   428841629 |  14670140242 |         0 |      0 |  1074760124 |      0 |      0 |         0 
 90089 Thread 68 - PartitionProcessorThre...f7-8e0a-8ba80e69e174-0-11 |  1058000 |   343000 |   399692649 |  13674113832 |         0 |      0 |   991246948 |      0 |      0 |         0 
 90090 Thread 69 - PartitionProcessorThre...f7-8e0a-8ba80e69e174-0-12 |  1118000 |   376000 |   426144355 |  14582029715 |         0 |      0 |  1220803570 |      0 |      0 |         0 
 90091 Thread 70 - PartitionProcessorThre...f7-8e0a-8ba80e69e174-0-13 |  1033000 |   415000 |   413150020 |  14133324019 |         0 |      0 |  1081096232 |      0 |      0 |         0 
 90092 Thread 71 - PartitionProcessorThre...f7-8e0a-8ba80e69e174-0-14 |  1097000 |   362000 |   416032855 |  14240466121 |         0 |      0 |  1425496284 |      0 |      0 |         0 
 90093 Thread 72 - PartitionProcessorThre...f7-8e0a-8ba80e69e174-0-15 |  1068000 |   363000 |   407821488 |  13966936574 |         0 |      0 |  1076477083 |      0 |      0 |         0 
 90094 Thread 73 - PartitionProcessorThre...f7-8e0a-8ba80e69e174-0-16 |  1070000 |   350000 |   405277934 |  13859707066 |         0 |      0 |  1289225492 |      0 |      0 |         0 
 90095 Thread 74 - PartitionProcessorThre...f7-8e0a-8ba80e69e174-0-17 |  1134000 |   395000 |   436288324 |  14923749363 |         0 |      0 |  1072157304 |      0 |      0 |         0 
 90096 Thread 75 - PartitionProcessorThre...f7-8e0a-8ba80e69e174-0-18 |  1131000 |   396000 |   435009144 |  14904104035 |         0 |      0 |  1105925467 |      0 |      0 |         0 
 90097 Thread 76 - PartitionProcessorThre...f7-8e0a-8ba80e69e174-0-19 |  1012000 |   361000 |   391507836 |  13400962832 |         0 |      0 |  1192412458 |      0 |      0 |         0 
 90515 Thread 77 - process reaper                                     |     1000 |     2000 |      908097 |     29372406 |         0 |      0 |        9331 |      0 |      0 |         0 
 90521 Thread 78 - Attach Listener                                    |   455000 |    94000 |   159103483 |   5367397878 |   4931584 | 130048 |     9489936 |      0 |      0 |         0 
