                                 Task                                 |  utime   |  stime   |     rss     |     vmem     |   read    | write  |    d:cpu    | d:bio  | d:swap | d:reclaim 
 72479 Thread 1 - main                                                |   805000 |   136000 |    64163990 |   7204091377 |  34338816 |   1024 |     9847037 |      0 |      0 |         0 
 72501 Thread 2 - Reference Handler                                   |     9000 |        0 |     1042585 |     73888246 |         0 |      0 |      496161 |      0 |      0 |         0 
 72502 Thread 3 - Finalizer                                           |    10000 |        0 |     1125773 |     81576359 |      5120 |      0 |      735910 |      0 |      0 |         0 
 72503 Thread 4 - Surrogate Locker Thread (Concurrent GC)             |        0 |        0 |           0 |            0 |         0 |      0 |           0 |      0 |      0 |         0 
 72504 Thread 5 - Signal Dispatcher                                   |        0 |        0 |           0 |            0 |         0 |      0 |        5641 |      0 |      0 |         0 
 72513 Thread 12 - RMI Scheduler(0)                                   |     3000 |        0 |      691480 |     27278332 |      4096 |      0 |      329697 |      0 |      0 |         0 
 72514 Thread 13 - RMI RenewClean-[10.231.182.152:37770]              |        0 |     1000 |       85230 |      7764257 |      1024 |      0 |           0 |      0 |      0 |         0 
 72515 Thread 14 - GC Daemon                                          |        0 |        0 |           0 |            0 |         0 |      0 |           0 |      0 |      0 |         0 
 72518 Thread 15 - DecatonSubscriptionThread-decaton-benchmark        | 28375000 | 40891000 | 21118773216 | 675210100574 | 624494592 | 137216 | 17410820269 | 113586 |      0 |         0 
 72519 Thread 16 - kafka-coordinator-hear...hread | decaton-benchmark |   257000 |    45000 |    90434882 |   2936480616 |   6432768 |   6144 |    27626197 | 360400 |      0 |         0 
 72523 Thread 17 - PartitionProcessorThre...a80-8615-e16789e855bd-2-0 |  1357000 |   466000 |   555300884 |  17780448007 |     43008 |      0 |  1081337657 |      0 |      0 |         0 
 72524 Thread 18 - PartitionProcessorThre...a80-8615-e16789e855bd-2-1 |  1370000 |   539000 |   582342076 |  18625545643 |         0 |      0 |  1264969192 |      0 |      0 |         0 
 72525 Thread 19 - PartitionProcessorThre...a80-8615-e16789e855bd-2-2 |  1386000 |   504000 |   576745669 |  18441525085 |         0 |      0 |  1171903981 |      0 |      0 |         0 
 72526 Thread 20 - PartitionProcessorThre...a80-8615-e16789e855bd-2-3 |  1360000 |   529000 |   576434501 |  18431585593 |         0 |      0 |  1139523027 |      0 |      0 |         0 
 72527 Thread 21 - PartitionProcessorThre...a80-8615-e16789e855bd-2-4 |  1378000 |   537000 |   584255412 |  18685256815 |         0 |      0 |  1245518726 |      0 |      0 |         0 
 72528 Thread 22 - PartitionProcessorThre...a80-8615-e16789e855bd-2-5 |  1399000 |   482000 |   573839916 |  18353822577 |         0 |      0 |  1105902964 |      0 |      0 |         0 
 72529 Thread 23 - PartitionProcessorThre...a80-8615-e16789e855bd-2-6 |  1344000 |   463000 |   552237154 |  17633174179 |         0 |      0 |  1203742083 |      0 |      0 |         0 
 72530 Thread 24 - PartitionProcessorThre...a80-8615-e16789e855bd-2-7 |  1375000 |   469000 |   563354048 |  17992898433 |         0 |      0 |  1341273892 |      0 |      0 |         0 
 72531 Thread 25 - PartitionProcessorThre...a80-8615-e16789e855bd-2-8 |  1282000 |   556000 |   561409670 |  17934493839 |         0 |      0 |  1126046091 |      0 |      0 |         0 
 72532 Thread 26 - PartitionProcessorThre...a80-8615-e16789e855bd-2-9 |  1309000 |   518000 |   558382564 |  17827493374 |         0 |      0 |  1233627511 |      0 |      0 |         0 
 72533 Thread 27 - PartitionProcessorThre...80-8615-e16789e855bd-2-10 |  1339000 |   483000 |   556310740 |  17778240163 |         0 |      0 |  1065306183 |      0 |      0 |         0 
 72534 Thread 28 - PartitionProcessorThre...80-8615-e16789e855bd-2-11 |  1342000 |   490000 |   559839353 |  17875544077 |         0 |      0 |  1028989119 |      0 |      0 |         0 
 72535 Thread 29 - PartitionProcessorThre...80-8615-e16789e855bd-2-12 |  1467000 |   533000 |   610875154 |  19515358588 |         0 |      0 |  1214157072 |      0 |      0 |         0 
 72536 Thread 30 - PartitionProcessorThre...80-8615-e16789e855bd-2-13 |  1352000 |   514000 |   570401232 |  18208108456 |         0 |      0 |  1212253856 |      0 |      0 |         0 
 72537 Thread 31 - PartitionProcessorThre...80-8615-e16789e855bd-2-14 |  1394000 |   476000 |   569950466 |  18244075655 |         0 |      0 |  1274104244 |      0 |      0 |         0 
 72538 Thread 32 - PartitionProcessorThre...80-8615-e16789e855bd-2-15 |  1406000 |   549000 |   596993880 |  19075228268 |         0 |      0 |  1059890731 |      0 |      0 |         0 
 72539 Thread 33 - PartitionProcessorThre...80-8615-e16789e855bd-2-16 |  1339000 |   499000 |   562942916 |  17935918601 |         0 |      0 |  1013761119 |      0 |      0 |         0 
 72540 Thread 34 - PartitionProcessorThre...80-8615-e16789e855bd-2-17 |  1424000 |   507000 |   590698197 |  18840981253 |         0 |      0 |  1124800468 |      0 |      0 |         0 
 72541 Thread 35 - PartitionProcessorThre...80-8615-e16789e855bd-2-18 |  1354000 |   505000 |   567588380 |  18141066499 |         0 |      0 |  1166823237 |      0 |      0 |         0 
 72542 Thread 36 - PartitionProcessorThre...80-8615-e16789e855bd-2-19 |  1411000 |   491000 |   581947587 |  18560869565 |         0 |      0 |  1213776250 |      0 |      0 |         0 
 72543 Thread 37 - PartitionProcessorThre...a80-8615-e16789e855bd-0-0 |  1342000 |   488000 |   553435337 |  17861317237 |         0 |      0 |  1326761656 |      0 |      0 |         0 
 72544 Thread 38 - PartitionProcessorThre...a80-8615-e16789e855bd-0-1 |  1414000 |   470000 |   571738247 |  18388429468 |         0 |      0 |  1287718176 |      0 |      0 |         0 
 72545 Thread 39 - PartitionProcessorThre...a80-8615-e16789e855bd-0-2 |  1391000 |   488000 |   570517892 |  18340093315 |         0 |      0 |  1244247239 |      0 |      0 |         0 
 72546 Thread 40 - PartitionProcessorThre...a80-8615-e16789e855bd-0-3 |  1469000 |   488000 |   594273771 |  19101393198 |         0 |      0 |  1464342241 |      0 |      0 |         0 
 72547 Thread 41 - PartitionProcessorThre...a80-8615-e16789e855bd-0-4 |  1425000 |   486000 |   578941408 |  18651632280 |         0 |      0 |  1342133794 |      0 |      0 |         0 
 72548 Thread 42 - PartitionProcessorThre...a80-8615-e16789e855bd-0-5 |  1326000 |   537000 |   565637560 |  18183521335 |         0 |      0 |  1330216362 |      0 |      0 |         0 
 72549 Thread 43 - PartitionProcessorThre...a80-8615-e16789e855bd-0-6 |  1439000 |   508000 |   592409302 |  19003863237 |         0 |      0 |  1365401082 |      0 |      0 |         0 
 72550 Thread 44 - PartitionProcessorThre...a80-8615-e16789e855bd-0-7 |  1423000 |   470000 |   573578220 |  18476506429 |         0 |      0 |  1221678669 |      0 |      0 |         0 
 72551 Thread 45 - PartitionProcessorThre...a80-8615-e16789e855bd-0-8 |  1376000 |   511000 |   572841287 |  18417816940 |         0 |      0 |  1019419041 |      0 |      0 |         0 
 72552 Thread 46 - PartitionProcessorThre...a80-8615-e16789e855bd-0-9 |  1395000 |   530000 |   582142482 |  18787794003 |         0 |      0 |  1118080841 |      0 |      0 |         0 
 72553 Thread 47 - PartitionProcessorThre...80-8615-e16789e855bd-0-10 |  1405000 |   489000 |   573870685 |  18485685339 |         0 |      0 |  1274370451 |      0 |      0 |         0 
 72554 Thread 48 - PartitionProcessorThre...80-8615-e16789e855bd-0-11 |  1427000 |   510000 |   587104412 |  18905670038 |         0 |      0 |  1278066164 |      0 |      0 |         0 
 72555 Thread 49 - PartitionProcessorThre...80-8615-e16789e855bd-0-12 |  1435000 |   509000 |   589409298 |  18973374706 |         0 |      0 |  1513428810 |      0 |      0 |         0 
 72556 Thread 50 - PartitionProcessorThre...80-8615-e16789e855bd-0-13 |  1412000 |   490000 |   574272767 |  18564522538 |         0 |      0 |  1204105134 |      0 |      0 |         0 
 72557 Thread 51 - PartitionProcessorThre...80-8615-e16789e855bd-0-14 |  1347000 |   504000 |   563583470 |  18066983854 |      1024 |      0 |  1326165452 |      0 |      0 |         0 
 72558 Thread 52 - PartitionProcessorThre...80-8615-e16789e855bd-0-15 |  1374000 |   529000 |   578331302 |  18574678182 |         0 |      0 |  1212896078 |      0 |      0 |         0 
 72559 Thread 53 - PartitionProcessorThre...80-8615-e16789e855bd-0-16 |  1347000 |   558000 |   578136927 |  18593870518 |         0 |      0 |  1312867820 |      0 |      0 |         0 
 72560 Thread 54 - PartitionProcessorThre...80-8615-e16789e855bd-0-17 |  1394000 |   502000 |   573322443 |  18505231171 |         0 |      0 |  1206437779 |      0 |      0 |         0 
 72561 Thread 55 - PartitionProcessorThre...80-8615-e16789e855bd-0-18 |  1373000 |   557000 |   584720962 |  18836798225 |         0 |      0 |  1392397485 |      0 |      0 |         0 
 72562 Thread 56 - PartitionProcessorThre...80-8615-e16789e855bd-0-19 |  1394000 |   483000 |   568006689 |  18319159979 |         0 |      0 |  1328251203 |      0 |      0 |         0 
 72572 Thread 57 - PartitionProcessorThre...a80-8615-e16789e855bd-1-0 |  1311000 |   523000 |   560312298 |  17900453147 |         0 |      0 |  1223873885 |      0 |      0 |         0 
 72575 Thread 58 - PartitionProcessorThre...a80-8615-e16789e855bd-1-1 |  1343000 |   544000 |   577318884 |  18417969323 |         0 |      0 |  1205814609 |      0 |      0 |         0 
 72576 Thread 59 - PartitionProcessorThre...a80-8615-e16789e855bd-1-2 |  1394000 |   528000 |   588563056 |  18760762335 |         0 |      0 |  1015781314 |      0 |      0 |         0 
 72577 Thread 60 - PartitionProcessorThre...a80-8615-e16789e855bd-1-3 |  1419000 |   498000 |   586478919 |  18711065862 |         0 |      0 |  1240361878 |      0 |      0 |         0 
 72578 Thread 61 - PartitionProcessorThre...a80-8615-e16789e855bd-1-4 |  1337000 |   542000 |   574807943 |  18340644585 |         0 |      0 |  1443192765 |      0 |      0 |         0 
 72580 Thread 62 - PartitionProcessorThre...a80-8615-e16789e855bd-1-5 |  1349000 |   511000 |   570058623 |  18155197249 |         0 |      0 |  1269994916 |      0 |      0 |         0 
 72581 Thread 63 - PartitionProcessorThre...a80-8615-e16789e855bd-1-6 |  1385000 |   522000 |   584739736 |  18613877628 |         0 |      0 |  1383058145 |      0 |      0 |         0 
 72582 Thread 64 - PartitionProcessorThre...a80-8615-e16789e855bd-1-7 |  1391000 |   526000 |   586561915 |  18710777421 |      1024 |      0 |  1328124679 |      0 |      0 |         0 
 72584 Thread 65 - PartitionProcessorThre...a80-8615-e16789e855bd-1-8 |  1366000 |   541000 |   584329259 |  18613906292 |         0 |      0 |  1283671212 |      0 |      0 |         0 
 72585 Thread 66 - PartitionProcessorThre...a80-8615-e16789e855bd-1-9 |  1414000 |   559000 |   604432954 |  19257827018 |         0 |      0 |  1257079046 |      0 |      0 |         0 
 72587 Thread 67 - PartitionProcessorThre...80-8615-e16789e855bd-1-10 |  1353000 |   519000 |   573442048 |  18271896370 |         0 |      0 |  1206221153 |      0 |      0 |         0 
 72588 Thread 68 - PartitionProcessorThre...80-8615-e16789e855bd-1-11 |  1328000 |   535000 |   571042802 |  18185467530 |         0 |      0 |  1211069931 |      0 |      0 |         0 
 72589 Thread 69 - PartitionProcessorThre...80-8615-e16789e855bd-1-12 |  1261000 |   483000 |   533732998 |  17022508155 |         0 |      0 |  1090110540 |      0 |      0 |         0 
 72590 Thread 70 - PartitionProcessorThre...80-8615-e16789e855bd-1-13 |  1377000 |   517000 |   580019177 |  18486600741 |         0 |      0 |  1385828756 |      0 |      0 |         0 
 72591 Thread 71 - PartitionProcessorThre...80-8615-e16789e855bd-1-14 |  1370000 |   533000 |   583329853 |  18574726303 |         0 |      0 |  1421000588 |      0 |      0 |         0 
 72592 Thread 72 - PartitionProcessorThre...80-8615-e16789e855bd-1-15 |  1333000 |   508000 |   564210451 |  17969595272 |         0 |      0 |  1208812755 |      0 |      0 |         0 
 72593 Thread 73 - PartitionProcessorThre...80-8615-e16789e855bd-1-16 |  1429000 |   501000 |   591053017 |  18838142057 |         0 |      0 |  1240273195 |      0 |      0 |         0 
 72594 Thread 74 - PartitionProcessorThre...80-8615-e16789e855bd-1-17 |  1333000 |   525000 |   569779591 |  18135674854 |         0 |      0 |  1196919752 |      0 |      0 |         0 
 72595 Thread 75 - PartitionProcessorThre...80-8615-e16789e855bd-1-18 |  1367000 |   492000 |   568898755 |  18144630929 |         0 |      0 |  1278746658 |      0 |      0 |         0 
 72596 Thread 76 - PartitionProcessorThre...80-8615-e16789e855bd-1-19 |  1258000 |   495000 |   535996830 |  17110582148 |         0 |      0 |   988469166 |      0 |      0 |         0 
 73079 Thread 77 - process reaper                                     |     2000 |        0 |      627132 |     19572492 |         0 |      0 |        8020 |      0 |      0 |         0 
 73084 Thread 78 - Attach Listener                                    |   422000 |    76000 |   154790499 |   4867577257 |   4874240 | 278528 |     2246936 |      0 |      0 |         0 
