                                 Task                                  |  utime   |  stime   |     rss     |     vmem     |   read    | write  |    d:cpu    | d:bio  | d:swap | d:reclaim 
 137449 Thread 1 - main                                                |   860000 |   179000 |    70399111 |   7978219830 |  34336768 |   1024 |     5139651 |      0 |      0 |         0 
 137471 Thread 2 - Reference Handler                                   |     5000 |     1000 |      569312 |     48062441 |         0 |      0 |      474858 |      0 |      0 |         0 
 137472 Thread 3 - Finalizer                                           |     7000 |        0 |      551082 |     53746124 |      5120 |      0 |     1924633 |      0 |      0 |         0 
 137473 Thread 4 - Surrogate Locker Thread (Concurrent GC)             |        0 |        0 |           0 |            0 |         0 |      0 |        2726 |      0 |      0 |         0 
 137474 Thread 5 - Signal Dispatcher                                   |        0 |     1000 |      313503 |      9760757 |         0 |      0 |           0 |      0 |      0 |         0 
 137483 Thread 12 - RMI Scheduler(0)                                   |     2000 |        0 |      616679 |     19515062 |      4096 |      0 |       12833 |      0 |      0 |         0 
 137484 Thread 13 - RMI RenewClean-[10.231.182.152:46489]              |     1000 |        0 |       82648 |      7828250 |      1024 |      0 |           0 |      0 |      0 |         0 
 137485 Thread 14 - GC Daemon                                          |        0 |        0 |           0 |            0 |         0 |      0 |       21040 |      0 |      0 |         0 
 137488 Thread 15 - DecatonSubscriptionThread-decaton-benchmark        | 27650000 | 30606000 | 17780074267 | 567514216415 | 573704192 | 134144 | 20857498883 | 205863 |      0 |         0 
 137490 Thread 16 - kafka-coordinator-hear...hread | decaton-benchmark |   216000 |    50000 |    80067354 |   2584845503 |   6012928 |   5120 |    38860904 | 421257 |      0 |         0 
 137493 Thread 17 - PartitionProcessorThre...426-91ae-e239a200cf56-2-0 |  1394000 |   424000 |   550487078 |  17716624703 |     34816 |      0 |  1952285866 |      0 |      0 |         0 
 137494 Thread 18 - PartitionProcessorThre...426-91ae-e239a200cf56-2-1 |  1374000 |   418000 |   543434851 |  17469534719 |      3072 |      0 |  2068989603 |      0 |      0 |         0 
 137495 Thread 19 - PartitionProcessorThre...426-91ae-e239a200cf56-2-2 |  1367000 |   414000 |   542148558 |  17362568625 |         0 |      0 |  1849670981 |      0 |      0 |         0 
 137496 Thread 20 - PartitionProcessorThre...426-91ae-e239a200cf56-2-3 |  1437000 |   448000 |   570899234 |  18377608527 |         0 |      0 |  1941481825 |      0 |      0 |         0 
 137497 Thread 21 - PartitionProcessorThre...426-91ae-e239a200cf56-2-4 |  1335000 |   418000 |   531498898 |  17092031949 |         0 |      0 |  2033237899 |      0 |      0 |         0 
 137498 Thread 22 - PartitionProcessorThre...426-91ae-e239a200cf56-2-5 |  1404000 |   449000 |   561366402 |  18067124246 |         0 |      0 |  1941655726 |      0 |      0 |         0 
 137499 Thread 23 - PartitionProcessorThre...426-91ae-e239a200cf56-2-6 |  1442000 |   440000 |   570258062 |  18351253523 |         0 |      0 |  1927064357 |      0 |      0 |         0 
 137500 Thread 24 - PartitionProcessorThre...426-91ae-e239a200cf56-2-7 |  1448000 |   446000 |   573864593 |  18464389242 |         0 |      0 |  1928064505 |      0 |      0 |         0 
 137501 Thread 25 - PartitionProcessorThre...426-91ae-e239a200cf56-2-8 |  1438000 |   440000 |   567807281 |  18307004211 |      2048 |      0 |  2145054662 |      0 |      0 |         0 
 137502 Thread 26 - PartitionProcessorThre...426-91ae-e239a200cf56-2-9 |  1411000 |   434000 |   556848210 |  17986646305 |      9216 |      0 |  2005210744 |      0 |      0 |         0 
 137503 Thread 27 - PartitionProcessorThre...26-91ae-e239a200cf56-2-10 |  1438000 |   440000 |   570272589 |  18309612051 |      3072 |      0 |  1970972155 |      0 |      0 |         0 
 137504 Thread 28 - PartitionProcessorThre...26-91ae-e239a200cf56-2-11 |  1433000 |   413000 |   557533738 |  17996912105 |         0 |      0 |  2063775512 |      0 |      0 |         0 
 137505 Thread 29 - PartitionProcessorThre...26-91ae-e239a200cf56-2-12 |  1340000 |   411000 |   532752593 |  17073827457 |         0 |      0 |  1599954745 |      0 |      0 |         0 
 137506 Thread 30 - PartitionProcessorThre...26-91ae-e239a200cf56-2-13 |  1381000 |   416000 |   546151898 |  17522848660 |         0 |      0 |  1885089249 |      0 |      0 |         0 
 137507 Thread 31 - PartitionProcessorThre...26-91ae-e239a200cf56-2-14 |  1372000 |   450000 |   549991457 |  17758671789 |         0 |      0 |  1904109963 |      0 |      0 |         0 
 137508 Thread 32 - PartitionProcessorThre...26-91ae-e239a200cf56-2-15 |  1383000 |   429000 |   549907128 |  17670891371 |         0 |      0 |  1932468447 |      0 |      0 |         0 
 137509 Thread 33 - PartitionProcessorThre...26-91ae-e239a200cf56-2-16 |  1383000 |   418000 |   544845046 |  17557917668 |      1024 |      0 |  1891097442 |      0 |      0 |         0 
 137510 Thread 34 - PartitionProcessorThre...26-91ae-e239a200cf56-2-17 |  1440000 |   468000 |   577725105 |  18601794929 |         0 |      0 |  1878658527 |      0 |      0 |         0 
 137511 Thread 35 - PartitionProcessorThre...26-91ae-e239a200cf56-2-18 |  1482000 |   467000 |   590755394 |  18999646550 |         0 |      0 |  1866113564 |      0 |      0 |         0 
 137512 Thread 36 - PartitionProcessorThre...26-91ae-e239a200cf56-2-19 |  1345000 |   432000 |   539037250 |  17323558070 |         0 |      0 |  1938447323 |      0 |      0 |         0 
 137513 Thread 37 - PartitionProcessorThre...426-91ae-e239a200cf56-0-0 |  1360000 |   426000 |   546194668 |  17427464176 |         0 |      0 |  1643010403 |      0 |      0 |         0 
 137514 Thread 38 - PartitionProcessorThre...426-91ae-e239a200cf56-0-1 |  1377000 |   431000 |   552659953 |  17642617496 |         0 |      0 |  1840143989 |      0 |      0 |         0 
 137515 Thread 39 - PartitionProcessorThre...426-91ae-e239a200cf56-0-2 |  1304000 |   435000 |   531943398 |  16969094488 |         0 |      0 |  1952229257 |      0 |      0 |         0 
 137516 Thread 40 - PartitionProcessorThre...426-91ae-e239a200cf56-0-3 |  1359000 |   432000 |   548117211 |  17476348098 |         0 |      0 |  1941225162 |      0 |      0 |         0 
 137517 Thread 41 - PartitionProcessorThre...426-91ae-e239a200cf56-0-4 |  1390000 |   405000 |   546309253 |  17515602539 |         0 |      0 |  1725700781 |      0 |      0 |         0 
 137518 Thread 42 - PartitionProcessorThre...426-91ae-e239a200cf56-0-5 |  1331000 |   410000 |   530957957 |  16988347293 |         0 |      0 |  1958271732 |      0 |      0 |         0 
 137519 Thread 43 - PartitionProcessorThre...426-91ae-e239a200cf56-0-6 |  1317000 |   448000 |   538098179 |  17222368785 |         0 |      0 |  1891718141 |      0 |      0 |         0 
 137520 Thread 44 - PartitionProcessorThre...426-91ae-e239a200cf56-0-7 |  1355000 |   445000 |   550586781 |  17564521785 |         0 |      0 |  1801070431 |      0 |      0 |         0 
 137521 Thread 45 - PartitionProcessorThre...426-91ae-e239a200cf56-0-8 |  1395000 |   400000 |   549667523 |  17515858574 |  10831872 |      0 |  1755808505 |      0 |      0 |         0 
 137522 Thread 46 - PartitionProcessorThre...426-91ae-e239a200cf56-0-9 |  1391000 |   411000 |   550278246 |  17583658277 |         0 |      0 |  1769942632 |      0 |      0 |         0 
 137523 Thread 47 - PartitionProcessorThre...26-91ae-e239a200cf56-0-10 |  1272000 |   469000 |   533134332 |  16988918879 |         0 |      0 |  1904147686 |      0 |      0 |         0 
 137524 Thread 48 - PartitionProcessorThre...26-91ae-e239a200cf56-0-11 |  1265000 |   411000 |   511216969 |  16354245590 |         0 |      0 |  1812537575 |      0 |      0 |         0 
 137525 Thread 49 - PartitionProcessorThre...26-91ae-e239a200cf56-0-12 |  1334000 |   479000 |   550851609 |  17690720098 |         0 |      0 |  1846640548 |      0 |      0 |         0 
 137526 Thread 50 - PartitionProcessorThre...26-91ae-e239a200cf56-0-13 |  1296000 |   432000 |   526400129 |  16861554809 |         0 |      0 |  1882699054 |      0 |      0 |         0 
 137527 Thread 51 - PartitionProcessorThre...26-91ae-e239a200cf56-0-14 |  1383000 |   416000 |   550149914 |  17554557672 |         0 |      0 |  2159345780 |      0 |      0 |         0 
 137528 Thread 52 - PartitionProcessorThre...26-91ae-e239a200cf56-0-15 |  1344000 |   421000 |   537695332 |  17222394133 |         0 |      0 |  1819209414 |      0 |      0 |         0 
 137529 Thread 53 - PartitionProcessorThre...26-91ae-e239a200cf56-0-16 |  1364000 |   434000 |   546577722 |  17544343308 |         0 |      0 |  1887079324 |      0 |      0 |         0 
 137530 Thread 54 - PartitionProcessorThre...26-91ae-e239a200cf56-0-17 |  1381000 |   414000 |   546799761 |  17515462883 |         0 |      0 |  1670349200 |      0 |      0 |         0 
 137531 Thread 55 - PartitionProcessorThre...26-91ae-e239a200cf56-0-18 |  1364000 |   385000 |   530734894 |  17066429941 |         0 |      0 |  1877822831 |      0 |      0 |         0 
 137532 Thread 56 - PartitionProcessorThre...26-91ae-e239a200cf56-0-19 |  1227000 |   469000 |   518140398 |  16549145797 |         0 |      0 |  1564033064 |      0 |      0 |         0 
 137534 Thread 57 - PartitionProcessorThre...426-91ae-e239a200cf56-1-0 |  1303000 |   461000 |   543902480 |  17213381851 |         0 |      0 |  1911462730 |      0 |      0 |         0 
 137535 Thread 58 - PartitionProcessorThre...426-91ae-e239a200cf56-1-1 |  1364000 |   452000 |   560153906 |  17721337012 |         0 |      0 |  1821444457 | 382592 |      0 |         0 
 137536 Thread 59 - PartitionProcessorThre...426-91ae-e239a200cf56-1-2 |  1356000 |   422000 |   548669707 |  17350522203 |         0 |      0 |  1829397278 |      0 |      0 |         0 
 137537 Thread 60 - PartitionProcessorThre...426-91ae-e239a200cf56-1-3 |  1268000 |   405000 |   514876269 |  16325457316 |         0 |      0 |  1788813276 |      0 |      0 |         0 
 137538 Thread 61 - PartitionProcessorThre...426-91ae-e239a200cf56-1-4 |  1276000 |   429000 |   526488683 |  16638279664 |         0 |      0 |  1662822573 |      0 |      0 |         0 
 137539 Thread 62 - PartitionProcessorThre...426-91ae-e239a200cf56-1-5 |  1275000 |   437000 |   528362597 |  16706847785 |         0 |      0 |  1851924283 |      0 |      0 |         0 
 137540 Thread 63 - PartitionProcessorThre...426-91ae-e239a200cf56-1-6 |  1405000 |   436000 |   568465414 |  17965571398 |         0 |      0 |  1776536902 |      0 |      0 |         0 
 137541 Thread 64 - PartitionProcessorThre...426-91ae-e239a200cf56-1-7 |  1335000 |   411000 |   538566152 |  17037945512 |         0 |      0 |  1699538053 |      0 |      0 |         0 
 137542 Thread 65 - PartitionProcessorThre...426-91ae-e239a200cf56-1-8 |  1372000 |   419000 |   552972480 |  17477185867 |         0 |      0 |  1750039293 |      0 |      0 |         0 
 137543 Thread 66 - PartitionProcessorThre...426-91ae-e239a200cf56-1-9 |  1323000 |   484000 |   558707625 |  17633724062 |         0 |      0 |  1699910979 |      0 |      0 |         0 
 137544 Thread 67 - PartitionProcessorThre...26-91ae-e239a200cf56-1-10 |  1366000 |   408000 |   547962121 |  17311357047 |         0 |      0 |  1720335105 |      0 |      0 |         0 
 137545 Thread 68 - PartitionProcessorThre...26-91ae-e239a200cf56-1-11 |  1356000 |   444000 |   554662976 |  17565052859 |         0 |      0 |  1870964610 |      0 |      0 |         0 
 137546 Thread 69 - PartitionProcessorThre...26-91ae-e239a200cf56-1-12 |  1257000 |   414000 |   516610047 |  16306555391 |         0 |      0 |  1723163041 |      0 |      0 |         0 
 137547 Thread 70 - PartitionProcessorThre...26-91ae-e239a200cf56-1-13 |  1394000 |   426000 |   562073027 |  17760060066 |         0 |      0 |  1830185189 |      0 |      0 |         0 
 137548 Thread 71 - PartitionProcessorThre...26-91ae-e239a200cf56-1-14 |  1358000 |   394000 |   540424867 |  17096550027 |         0 |      0 |  1980594438 |      0 |      0 |         0 
 137549 Thread 72 - PartitionProcessorThre...26-91ae-e239a200cf56-1-15 |  1370000 |   467000 |   568044464 |  17926306582 |         0 |      0 |  1934762621 |      0 |      0 |         0 
 137550 Thread 73 - PartitionProcessorThre...26-91ae-e239a200cf56-1-16 |  1235000 |   474000 |   527701383 |  16677281168 |         0 |      0 |  1972713316 |      0 |      0 |         0 
 137551 Thread 74 - PartitionProcessorThre...26-91ae-e239a200cf56-1-17 |  1244000 |   439000 |   518101551 |  16423249664 |         0 |      0 |  1843579879 |      0 |      0 |         0 
 137552 Thread 75 - PartitionProcessorThre...26-91ae-e239a200cf56-1-18 |  1252000 |   381000 |   503644437 |  15935493848 |         0 |      0 |  1776243243 |      0 |      0 |         0 
 137553 Thread 76 - PartitionProcessorThre...26-91ae-e239a200cf56-1-19 |  1324000 |   452000 |   547718242 |  17330976433 |         0 |      0 |  2007707381 |      0 |      0 |         0 
 137844 Thread 77 - process reaper                                     |     1000 |     1000 |      631921 |     19547992 |         0 |      0 |      342220 |      0 |      0 |         0 
 137849 Thread 78 - Attach Listener                                    |   443000 |    97000 |   170616307 |   5279466366 |   5144576 | 181248 |     2667981 |      0 |      0 |         0 
