                                 Task                                 |  utime   |  stime   |     rss     |     vmem     |   read    | write  |    d:cpu    |  d:bio   | d:swap | d:reclaim 
 32267 Thread 1 - main                                                |   586000 |    76000 |    39679990 |   5007775284 |  21041152 |   1024 |     5954134 |        0 |      0 |         0 
 32289 Thread 2 - Reference Handler                                   |     8000 |     1000 |     1219058 |     73140371 |         0 |      0 |     3210725 |        0 |      0 |         0 
 32290 Thread 3 - Finalizer                                           |     5000 |        0 |      404019 |     37993406 |     19456 |      0 |      750357 |        0 |      0 |         0 
 32291 Thread 4 - Surrogate Locker Thread (Concurrent GC)             |        0 |        0 |           0 |            0 |         0 |      0 |        6064 |        0 |      0 |         0 
 32292 Thread 5 - Signal Dispatcher                                   |        0 |     1000 |      330195 |      9785242 |         0 |      0 |           0 |        0 |      0 |         0 
 32302 Thread 11 - DecatonSubscriptionThread-decaton-benchmark        | 26257000 | 28963000 | 16362885856 | 537461014338 | 586381312 | 126976 | 16335635727 |    80011 |      0 |         0 
 32304 Thread 13 - kafka-coordinator-hear...hread | decaton-benchmark |   173000 |    44000 |    64280511 |   2115463042 |   5445632 |   4096 |    19442967 |   250397 |      0 |         0 
 32307 Thread 14 - PartitionProcessorThre...942-86b3-5a7b11c59e30-2-0 |  1259000 |   427000 |   493589691 |  16427541433 |     36864 |      0 |  1410937024 |        0 |      0 |         0 
 32308 Thread 15 - PartitionProcessorThre...942-86b3-5a7b11c59e30-2-1 |  1264000 |   419000 |   497393046 |  16416249195 |         0 |      0 |  1087317370 |        0 |      0 |         0 
 32309 Thread 16 - PartitionProcessorThre...942-86b3-5a7b11c59e30-2-2 |  1167000 |   394000 |   461716433 |  15224241933 |         0 |      0 |  1351014170 |        0 |      0 |         0 
 32310 Thread 17 - PartitionProcessorThre...942-86b3-5a7b11c59e30-2-3 |  1302000 |   412000 |   506057562 |  16719058433 |         0 |      0 |  1349493129 |        0 |      0 |         0 
 32311 Thread 18 - PartitionProcessorThre...942-86b3-5a7b11c59e30-2-4 |  1302000 |   395000 |   502080300 |  16551975445 |         0 |      0 |  1395144936 |        0 |      0 |         0 
 32312 Thread 19 - PartitionProcessorThre...942-86b3-5a7b11c59e30-2-5 |  1198000 |   379000 |   466792339 |  15381273906 |      1024 |      0 |  1282335593 |        0 |      0 |         0 
 32313 Thread 20 - PartitionProcessorThre...942-86b3-5a7b11c59e30-2-6 |  1207000 |   405000 |   476268831 |  15721363398 |         0 |      0 |  1282175203 |        0 |      0 |         0 
 32314 Thread 21 - PartitionProcessorThre...942-86b3-5a7b11c59e30-2-7 |  1236000 |   437000 |   492582886 |  16318305898 |         0 |      0 |  1196195024 |        0 |      0 |         0 
 32315 Thread 22 - PartitionProcessorThre...942-86b3-5a7b11c59e30-2-8 |  1206000 |   350000 |   457767347 |  15178088363 |         0 |      0 |  1604538249 |        0 |      0 |         0 
 32316 Thread 23 - PartitionProcessorThre...942-86b3-5a7b11c59e30-2-9 |  1247000 |   398000 |   484690175 |  16041690960 |    118784 |      0 |  1277326920 |        0 |      0 |         0 
 32317 Thread 24 - PartitionProcessorThre...42-86b3-5a7b11c59e30-2-10 |  1198000 |   407000 |   473409542 |  15655774488 |      2048 |      0 |  1278408273 |        0 |      0 |         0 
 32318 Thread 25 - PartitionProcessorThre...42-86b3-5a7b11c59e30-2-11 |  1189000 |   392000 |   466618273 |  15421495925 |         0 |      0 |  1427560219 |        0 |      0 |         0 
 32319 Thread 26 - PartitionProcessorThre...42-86b3-5a7b11c59e30-2-12 |  1151000 |   409000 |   461536285 |  15216602503 |         0 |      0 |  1255836510 |        0 |      0 |         0 
 32320 Thread 27 - PartitionProcessorThre...42-86b3-5a7b11c59e30-2-13 |  1207000 |   390000 |   470670214 |  15576236558 |     23552 |      0 |  1315015005 |        0 |      0 |         0 
 32321 Thread 28 - PartitionProcessorThre...42-86b3-5a7b11c59e30-2-14 |  1189000 |   406000 |   470782859 |  15558066671 |         0 |      0 |  1319623873 |        0 |      0 |         0 
 32322 Thread 29 - PartitionProcessorThre...42-86b3-5a7b11c59e30-2-15 |  1222000 |   371000 |   471835644 |  15539121609 |         0 |      0 |  1196303984 |        0 |      0 |         0 
 32323 Thread 30 - PartitionProcessorThre...42-86b3-5a7b11c59e30-2-16 |  1195000 |   463000 |   488394691 |  16171050269 |  10838016 |      0 |  1285147552 |        0 |      0 |         0 
 32324 Thread 31 - PartitionProcessorThre...42-86b3-5a7b11c59e30-2-17 |  1204000 |   412000 |   476317148 |  15762849808 |     11264 |      0 |  1290737807 |        0 |      0 |         0 
 32325 Thread 32 - PartitionProcessorThre...42-86b3-5a7b11c59e30-2-18 |  1173000 |   364000 |   453330386 |  14994004507 |         0 |      0 |  1396592471 |        0 |      0 |         0 
 32326 Thread 33 - PartitionProcessorThre...42-86b3-5a7b11c59e30-2-19 |  1155000 |   373000 |   449577957 |  14905300480 |         0 |      0 |  1246427944 |        0 |      0 |         0 
 32327 Thread 34 - PartitionProcessorThre...942-86b3-5a7b11c59e30-1-0 |  1121000 |   395000 |   453083945 |  14788724308 |         0 |      0 |  1328949368 |        0 |      0 |         0 
 32328 Thread 35 - PartitionProcessorThre...942-86b3-5a7b11c59e30-1-1 |  1182000 |   403000 |   473390136 |  15462628718 |         0 |      0 |  1519800411 |        0 |      0 |         0 
 32329 Thread 36 - PartitionProcessorThre...942-86b3-5a7b11c59e30-1-2 |  1199000 |   427000 |   486104542 |  15862150781 |         0 |      0 |  1467492374 |        0 |      0 |         0 
 32330 Thread 37 - PartitionProcessorThre...942-86b3-5a7b11c59e30-1-3 |  1114000 |   399000 |   451551539 |  14760108910 |         0 |      0 |  1540030462 |        0 |      0 |         0 
 32331 Thread 38 - PartitionProcessorThre...942-86b3-5a7b11c59e30-1-4 |  1155000 |   372000 |   456624578 |  14896820406 |         0 |      0 |  1187228498 |        0 |      0 |         0 
 32332 Thread 39 - PartitionProcessorThre...942-86b3-5a7b11c59e30-1-5 |  1171000 |   444000 |   482223238 |  15755145312 |         0 |      0 |  1410500155 |        0 |      0 |         0 
 32333 Thread 40 - PartitionProcessorThre...942-86b3-5a7b11c59e30-1-6 |  1195000 |   416000 |   479421398 |  15715690847 |         0 |      0 |  1350523868 |        0 |      0 |         0 
 32334 Thread 41 - PartitionProcessorThre...942-86b3-5a7b11c59e30-1-7 |  1234000 |   387000 |   483688105 |  15813661660 |         0 |      0 |  1313895085 |        0 |      0 |         0 
 32335 Thread 42 - PartitionProcessorThre...942-86b3-5a7b11c59e30-1-8 |  1207000 |   427000 |   489000456 |  15940420218 |         0 |      0 |  1426404463 |        0 |      0 |         0 
 32336 Thread 43 - PartitionProcessorThre...942-86b3-5a7b11c59e30-1-9 |  1232000 |   411000 |   490620812 |  16028131234 |         0 |      0 |  1500329132 |        0 |      0 |         0 
 32337 Thread 44 - PartitionProcessorThre...42-86b3-5a7b11c59e30-1-10 |  1165000 |   450000 |   482403386 |  15755427031 |         0 |      0 |  1171290651 |        0 |      0 |         0 
 32338 Thread 45 - PartitionProcessorThre...42-86b3-5a7b11c59e30-1-11 |  1209000 |   388000 |   476831476 |  15579657249 |         0 |      0 |  1444942503 |        0 |      0 |         0 
 32339 Thread 46 - PartitionProcessorThre...42-86b3-5a7b11c59e30-1-12 |  1221000 |   404000 |   484795816 |  15852679359 |         0 |      0 |  1372304324 |        0 |      0 |         0 
 32340 Thread 47 - PartitionProcessorThre...42-86b3-5a7b11c59e30-1-13 |  1236000 |   386000 |   485168636 |  15823516496 |         0 |      0 |  1379619991 |        0 |      0 |         0 
 32341 Thread 48 - PartitionProcessorThre...42-86b3-5a7b11c59e30-1-14 |  1236000 |   445000 |   502312589 |  16399357890 |         0 |      0 |  1586145004 |        0 |      0 |         0 
 32342 Thread 49 - PartitionProcessorThre...42-86b3-5a7b11c59e30-1-15 |  1191000 |   459000 |   492470863 |  16096599011 |         0 |      0 |  1531682514 |        0 |      0 |         0 
 32343 Thread 50 - PartitionProcessorThre...42-86b3-5a7b11c59e30-1-16 |  1153000 |   428000 |   472528367 |  15423408496 |      3072 |      0 |  1175898437 |        0 |      0 |         0 
 32344 Thread 51 - PartitionProcessorThre...42-86b3-5a7b11c59e30-1-17 |  1187000 |   407000 |   475547906 |  15550308390 |         0 |      0 |  1303717674 |        0 |      0 |         0 
 32345 Thread 52 - PartitionProcessorThre...42-86b3-5a7b11c59e30-1-18 |  1232000 |   399000 |   486726199 |  15911181265 |         0 |      0 |  1148955241 |        0 |      0 |         0 
 32346 Thread 53 - PartitionProcessorThre...42-86b3-5a7b11c59e30-1-19 |  1173000 |   384000 |   465889187 |  15189424082 |         0 |      0 |  1242734980 |        0 |      0 |         0 
 32347 Thread 54 - PartitionProcessorThre...942-86b3-5a7b11c59e30-0-0 |  1217000 |   426000 |   491504191 |  16028190187 |         0 |      0 |  1275407267 |        0 |      0 |         0 
 32348 Thread 55 - PartitionProcessorThre...942-86b3-5a7b11c59e30-0-1 |  1183000 |   405000 |   474620007 |  15492009515 |         0 |      0 |  1350485579 |        0 |      0 |         0 
 32349 Thread 56 - PartitionProcessorThre...942-86b3-5a7b11c59e30-0-2 |  1181000 |   359000 |   460519269 |  15023482000 |         0 |      0 |  1470758463 |        0 |      0 |         0 
 32350 Thread 57 - PartitionProcessorThre...942-86b3-5a7b11c59e30-0-3 |  1127000 |   436000 |   468465207 |  15247820441 |         0 |      0 |  1198639219 |        0 |      0 |         0 
 32351 Thread 58 - PartitionProcessorThre...942-86b3-5a7b11c59e30-0-4 |  1145000 |   374000 |   454704543 |  14818794437 |         0 |      0 |  1392047473 |        0 |      0 |         0 
 32352 Thread 59 - PartitionProcessorThre...942-86b3-5a7b11c59e30-0-5 |  1219000 |   367000 |   476007742 |  15472134718 |         0 |      0 |  1337751375 |        0 |      0 |         0 
 32353 Thread 60 - PartitionProcessorThre...942-86b3-5a7b11c59e30-0-6 |  1182000 |   385000 |   469141082 |  15286991226 |         0 |      0 |  1442744073 |        0 |      0 |         0 
 32354 Thread 61 - PartitionProcessorThre...942-86b3-5a7b11c59e30-0-7 |  1171000 |   390000 |   467403085 |  15228524093 |         0 |      0 |  1552719115 |        0 |      0 |         0 
 32355 Thread 62 - PartitionProcessorThre...942-86b3-5a7b11c59e30-0-8 |  1220000 |   377000 |   478086304 |  15579364312 |         0 |      0 |  1473333399 |        0 |      0 |         0 
 32356 Thread 63 - PartitionProcessorThre...942-86b3-5a7b11c59e30-0-9 |  1202000 |   420000 |   485883996 |  15823575972 |         0 |      0 |  1481780032 |        0 |      0 |         0 
 32357 Thread 64 - PartitionProcessorThre...42-86b3-5a7b11c59e30-0-10 |  1202000 |   406000 |   482174402 |  15686634023 |         0 |      0 |  1361533595 | 11949028 |      0 |         0 
 32358 Thread 65 - PartitionProcessorThre...42-86b3-5a7b11c59e30-0-11 |  1171000 |   431000 |   480598308 |  15628115250 |         0 |      0 |  1430122797 |        0 |      0 |         0 
 32359 Thread 66 - PartitionProcessorThre...42-86b3-5a7b11c59e30-0-12 |  1153000 |   422000 |   471197945 |  15364827671 |         0 |      0 |  1318585437 |        0 |      0 |         0 
 32360 Thread 67 - PartitionProcessorThre...42-86b3-5a7b11c59e30-0-13 |  1189000 |   417000 |   480697843 |  15667494382 |         0 |      0 |  1216577552 |        0 |      0 |         0 
 32361 Thread 68 - PartitionProcessorThre...42-86b3-5a7b11c59e30-0-14 |  1247000 |   428000 |   500959835 |  16340071421 |         0 |      0 |  1194690132 |        0 |      0 |         0 
 32362 Thread 69 - PartitionProcessorThre...42-86b3-5a7b11c59e30-0-15 |  1190000 |   415000 |   479842421 |  15657536796 |         0 |      0 |  1429886689 |        0 |      0 |         0 
 32363 Thread 70 - PartitionProcessorThre...42-86b3-5a7b11c59e30-0-16 |  1167000 |   411000 |   472844792 |  15394073312 |         0 |      0 |  1357052053 |        0 |      0 |         0 
 32364 Thread 71 - PartitionProcessorThre...42-86b3-5a7b11c59e30-0-17 |  1140000 |   347000 |   445862379 |  14506372187 |         0 |      0 |  1329541136 |        0 |      0 |         0 
 32365 Thread 72 - PartitionProcessorThre...42-86b3-5a7b11c59e30-0-18 |  1113000 |   415000 |   457420047 |  14906399589 |         0 |      0 |  1319017248 |        0 |      0 |         0 
 32366 Thread 73 - PartitionProcessorThre...42-86b3-5a7b11c59e30-0-19 |  1143000 |   345000 |   445680238 |  14516197089 |         0 |      0 |  1318629985 |        0 |      0 |         0 
 32644 Thread 74 - process reaper                                     |     1000 |        0 |      313027 |      9786000 |      2048 |      0 |      241238 |        0 |      0 |         0 
 32650 Thread 75 - Attach Listener                                    |   356000 |    91000 |   136502612 |   4368202874 |   5304320 | 128000 |     2655279 |        0 |      0 |         0 
