                                Task                                 |  utime   |  stime   |     rss     |     vmem     |   read    | write  |    d:cpu    | d:bio  | d:swap | d:reclaim 
 9225 Thread 1 - main                                                |   874000 |   154000 |    70076330 |   7906244420 |  34331648 |      0 |    11778236 |      0 |      0 |         0 
 9247 Thread 2 - Reference Handler                                   |     4000 |     1000 |      473890 |     39275089 |         0 |      0 |       75551 |      0 |      0 |         0 
 9248 Thread 3 - Finalizer                                           |     6000 |        0 |      632593 |     48754433 |      5120 |      0 |      570123 |      0 |      0 |         0 
 9249 Thread 4 - Surrogate Locker Thread (Concurrent GC)             |        0 |        0 |           0 |            0 |         0 |      0 |           0 |      0 |      0 |         0 
 9250 Thread 5 - Signal Dispatcher                                   |        0 |        0 |           0 |            0 |         0 |      0 |           0 |      0 |      0 |         0 
 9262 Thread 12 - RMI Scheduler(0)                                   |     2000 |     1000 |      729617 |     27307015 |      4096 |      0 |      861105 |      0 |      0 |         0 
 9263 Thread 13 - RMI RenewClean-[10.231.182.152:36474]              |        0 |        0 |           0 |            0 |      1024 |      0 |       17923 |      0 |      0 |         0 
 9264 Thread 14 - GC Daemon                                          |        0 |        0 |           0 |            0 |         0 |      0 |           0 |      0 |      0 |         0 
 9266 Thread 15 - DecatonSubscriptionThread-decaton-benchmark        | 26223000 | 30970000 | 17677586832 | 557122089776 | 572681216 | 123904 | 18093648226 | 179935 |      0 |         0 
 9269 Thread 16 - kafka-coordinator-hear...hread | decaton-benchmark |   228000 |    43000 |    82789960 |   2638127144 |   7058432 |   4096 |    40612846 | 307740 |      0 |         0 
 9272 Thread 17 - PartitionProcessorThre...1f0-bf0b-42f2696e9036-1-0 |  1376000 |   431000 |   557416458 |  17616124980 |  10868736 |      0 |  1755735419 |      0 |      0 |         0 
 9273 Thread 18 - PartitionProcessorThre...1f0-bf0b-42f2696e9036-1-1 |  1315000 |   411000 |   534123434 |  16832836602 |         0 |      0 |  1508910740 |      0 |      0 |         0 
 9274 Thread 19 - PartitionProcessorThre...1f0-bf0b-42f2696e9036-1-2 |  1372000 |   453000 |   564644641 |  17796691398 |      5120 |      0 |  1827961044 |      0 |      0 |         0 
 9275 Thread 20 - PartitionProcessorThre...1f0-bf0b-42f2696e9036-1-3 |  1360000 |   443000 |   559047395 |  17587150262 |         0 |      0 |  1921457791 |      0 |      0 |         0 
 9276 Thread 21 - PartitionProcessorThre...1f0-bf0b-42f2696e9036-1-4 |  1351000 |   394000 |   537860981 |  17014684641 |         0 |      0 |  1708300404 |      0 |      0 |         0 
 9277 Thread 22 - PartitionProcessorThre...1f0-bf0b-42f2696e9036-1-5 |  1397000 |   371000 |   547390946 |  17248001004 |         0 |      0 |  1792777890 |      0 |      0 |         0 
 9278 Thread 23 - PartitionProcessorThre...1f0-bf0b-42f2696e9036-1-6 |  1402000 |   398000 |   558389970 |  17554892238 |         0 |      0 |  1899830205 |      0 |      0 |         0 
 9279 Thread 24 - PartitionProcessorThre...1f0-bf0b-42f2696e9036-1-7 |  1308000 |   439000 |   540125692 |  17038880340 |         0 |      0 |  1762251849 |      0 |      0 |         0 
 9280 Thread 25 - PartitionProcessorThre...1f0-bf0b-42f2696e9036-1-8 |  1295000 |   410000 |   528996075 |  16630490926 |         0 |      0 |  1766560964 |      0 |      0 |         0 
 9281 Thread 26 - PartitionProcessorThre...1f0-bf0b-42f2696e9036-1-9 |  1320000 |   444000 |   545359298 |  17208256293 |         0 |      0 |  1526572291 |      0 |      0 |         0 
 9282 Thread 27 - PartitionProcessorThre...f0-bf0b-42f2696e9036-1-10 |  1347000 |   417000 |   546381278 |  17209474707 |         0 |      0 |  1660162121 |      0 |      0 |         0 
 9283 Thread 28 - PartitionProcessorThre...f0-bf0b-42f2696e9036-1-11 |  1446000 |   474000 |   596280852 |  18729171781 |         0 |      0 |  1663839655 |      0 |      0 |         0 
 9284 Thread 29 - PartitionProcessorThre...f0-bf0b-42f2696e9036-1-12 |  1349000 |   428000 |   548856220 |  17333038578 |         0 |      0 |  1605730477 |      0 |      0 |         0 
 9285 Thread 30 - PartitionProcessorThre...f0-bf0b-42f2696e9036-1-13 |  1326000 |   469000 |   557882720 |  17512680566 |         0 |      0 |  1843764602 |      0 |      0 |         0 
 9286 Thread 31 - PartitionProcessorThre...f0-bf0b-42f2696e9036-1-14 |  1324000 |   397000 |   535685806 |  16791752367 |         0 |      0 |  1778463518 |      0 |      0 |         0 
 9287 Thread 32 - PartitionProcessorThre...f0-bf0b-42f2696e9036-1-15 |  1402000 |   430000 |   567251067 |  17870471961 |         0 |      0 |  1669482056 |      0 |      0 |         0 
 9288 Thread 33 - PartitionProcessorThre...f0-bf0b-42f2696e9036-1-16 |  1333000 |   428000 |   546710298 |  17179160918 |         0 |      0 |  1887452724 |      0 |      0 |         0 
 9289 Thread 34 - PartitionProcessorThre...f0-bf0b-42f2696e9036-1-17 |  1310000 |   434000 |   539802165 |  17010232930 |         0 |      0 |  1837761129 |      0 |      0 |         0 
 9290 Thread 35 - PartitionProcessorThre...f0-bf0b-42f2696e9036-1-18 |  1406000 |   473000 |   583029161 |  18329946621 |         0 |      0 |  1693604817 |      0 |      0 |         0 
 9291 Thread 36 - PartitionProcessorThre...f0-bf0b-42f2696e9036-1-19 |  1286000 |   475000 |   546913872 |  17179440879 |         0 |      0 |  1788597363 |      0 |      0 |         0 
 9292 Thread 37 - PartitionProcessorThre...1f0-bf0b-42f2696e9036-2-0 |  1387000 |   440000 |   562241786 |  17827532742 |         0 |      0 |  1626620338 |      0 |      0 |         0 
 9293 Thread 38 - PartitionProcessorThre...1f0-bf0b-42f2696e9036-2-1 |  1377000 |   432000 |   554903399 |  17651577961 |         0 |      0 |  1638390833 |      0 |      0 |         0 
 9294 Thread 39 - PartitionProcessorThre...1f0-bf0b-42f2696e9036-2-2 |  1339000 |   399000 |   534795138 |  16959065820 |         0 |      0 |  1655500257 |      0 |      0 |         0 
 9295 Thread 40 - PartitionProcessorThre...1f0-bf0b-42f2696e9036-2-3 |  1412000 |   436000 |   566575114 |  18032303070 |         0 |      0 |  1610536706 |      0 |      0 |         0 
 9296 Thread 41 - PartitionProcessorThre...1f0-bf0b-42f2696e9036-2-4 |  1336000 |   412000 |   537549888 |  17056681980 |         0 |      0 |  1786247178 |      0 |      0 |         0 
 9297 Thread 42 - PartitionProcessorThre...1f0-bf0b-42f2696e9036-2-5 |  1340000 |   438000 |   545841567 |  17349549023 |         0 |      0 |  1740447973 |      0 |      0 |         0 
 9298 Thread 43 - PartitionProcessorThre...1f0-bf0b-42f2696e9036-2-6 |  1399000 |   412000 |   558875251 |  17671335699 |         0 |      0 |  1779886820 |      0 |      0 |         0 
 9299 Thread 44 - PartitionProcessorThre...1f0-bf0b-42f2696e9036-2-7 |  1283000 |   412000 |   521414552 |  16539422266 |         0 |      0 |  1714917944 |      0 |      0 |         0 
 9300 Thread 45 - PartitionProcessorThre...1f0-bf0b-42f2696e9036-2-8 |  1270000 |   456000 |   530233595 |  16841934484 |         0 |      0 |  1836227300 |      0 |      0 |         0 
 9301 Thread 46 - PartitionProcessorThre...1f0-bf0b-42f2696e9036-2-9 |  1345000 |   392000 |   534753247 |  16949525930 |         0 |      0 |  1909297874 |      0 |      0 |         0 
 9302 Thread 47 - PartitionProcessorThre...f0-bf0b-42f2696e9036-2-10 |  1355000 |   399000 |   539376013 |  17115345000 |         0 |      0 |  1803522835 |      0 |      0 |         0 
 9303 Thread 48 - PartitionProcessorThre...f0-bf0b-42f2696e9036-2-11 |  1312000 |   428000 |   533999876 |  16978496746 |         0 |      0 |  1615285131 |      0 |      0 |         0 
 9304 Thread 49 - PartitionProcessorThre...f0-bf0b-42f2696e9036-2-12 |  1429000 |   421000 |   570999712 |  18052270582 |         0 |      0 |  1809286670 |      0 |      0 |         0 
 9305 Thread 50 - PartitionProcessorThre...f0-bf0b-42f2696e9036-2-13 |  1416000 |   446000 |   577145622 |  18169562191 |         0 |      0 |  1873729561 |      0 |      0 |         0 
 9306 Thread 51 - PartitionProcessorThre...f0-bf0b-42f2696e9036-2-14 |  1352000 |   390000 |   538566548 |  16998236531 |         0 |      0 |  1713727434 |      0 |      0 |         0 
 9307 Thread 52 - PartitionProcessorThre...f0-bf0b-42f2696e9036-2-15 |  1346000 |   461000 |   555388106 |  17632655617 |         0 |      0 |  1527245720 |      0 |      0 |         0 
 9308 Thread 53 - PartitionProcessorThre...f0-bf0b-42f2696e9036-2-16 |  1364000 |   389000 |   540560243 |  17105764383 |         0 |      0 |  1698164994 |      0 |      0 |         0 
 9309 Thread 54 - PartitionProcessorThre...f0-bf0b-42f2696e9036-2-17 |  1448000 |   446000 |   583595360 |  18481235109 |         0 |      0 |  1828075356 |      0 |      0 |         0 
 9310 Thread 55 - PartitionProcessorThre...f0-bf0b-42f2696e9036-2-18 |  1327000 |   415000 |   534768817 |  16997945020 |         0 |      0 |  1700074676 |      0 |      0 |         0 
 9311 Thread 56 - PartitionProcessorThre...f0-bf0b-42f2696e9036-2-19 |  1375000 |   430000 |   557393427 |  17613222254 |         0 |      0 |  1838039709 |      0 |      0 |         0 
 9312 Thread 57 - PartitionProcessorThre...1f0-bf0b-42f2696e9036-0-0 |  1288000 |   423000 |   531614341 |  16696041465 |         0 |      0 |  1717235517 |      0 |      0 |         0 
 9313 Thread 58 - PartitionProcessorThre...1f0-bf0b-42f2696e9036-0-1 |  1292000 |   422000 |   533175325 |  16725866094 |         0 |      0 |  1874721692 |      0 |      0 |         0 
 9314 Thread 59 - PartitionProcessorThre...1f0-bf0b-42f2696e9036-0-2 |  1311000 |   388000 |   526957087 |  16579528344 |         0 |      0 |  1638940518 |      0 |      0 |         0 
 9315 Thread 60 - PartitionProcessorThre...1f0-bf0b-42f2696e9036-0-3 |  1304000 |   425000 |   538287146 |  16872012828 |         0 |      0 |  1521437928 |      0 |      0 |         0 
 9316 Thread 61 - PartitionProcessorThre...1f0-bf0b-42f2696e9036-0-4 |  1377000 |   441000 |   564959544 |  17740802699 |         0 |      0 |  1696375775 |      0 |      0 |         0 
 9317 Thread 62 - PartitionProcessorThre...1f0-bf0b-42f2696e9036-0-5 |  1345000 |   441000 |   555022091 |  17428359613 |         0 |      0 |  1698343580 |      0 |      0 |         0 
 9318 Thread 63 - PartitionProcessorThre...1f0-bf0b-42f2696e9036-0-6 |  1292000 |   407000 |   528835868 |  16579748473 |         0 |      0 |  1600864260 |      0 |      0 |         0 
 9319 Thread 64 - PartitionProcessorThre...1f0-bf0b-42f2696e9036-0-7 |  1323000 |   381000 |   527827981 |  16627959656 |         0 |      0 |  1530786801 |      0 |      0 |         0 
 9320 Thread 65 - PartitionProcessorThre...1f0-bf0b-42f2696e9036-0-8 |  1373000 |   441000 |   563654942 |  17701283691 |         0 |      0 |  1779326633 |      0 |      0 |         0 
 9321 Thread 66 - PartitionProcessorThre...1f0-bf0b-42f2696e9036-0-9 |  1293000 |   380000 |   519964579 |  16325957371 |      1024 |      0 |  1606274805 |      0 |      0 |         0 
 9322 Thread 67 - PartitionProcessorThre...f0-bf0b-42f2696e9036-0-10 |  1282000 |   406000 |   524957282 |  16471971242 |         0 |      0 |  1521688271 |      0 |      0 |         0 
 9323 Thread 68 - PartitionProcessorThre...f0-bf0b-42f2696e9036-0-11 |  1267000 |   424000 |   526753399 |  16501416098 |         0 |      0 |  1503202845 |      0 |      0 |         0 
 9324 Thread 69 - PartitionProcessorThre...f0-bf0b-42f2696e9036-0-12 |  1356000 |   413000 |   550486876 |  17262682805 |         0 |      0 |  1455720296 |      0 |      0 |         0 
 9325 Thread 70 - PartitionProcessorThre...f0-bf0b-42f2696e9036-0-13 |  1280000 |   407000 |   524909638 |  16462452637 |         0 |      0 |  1573085655 |      0 |      0 |         0 
 9326 Thread 71 - PartitionProcessorThre...f0-bf0b-42f2696e9036-0-14 |  1265000 |   423000 |   525724685 |  16471949391 |         0 |      0 |  1687999181 |      0 |      0 |         0 
 9327 Thread 72 - PartitionProcessorThre...f0-bf0b-42f2696e9036-0-15 |  1370000 |   391000 |   547168286 |  17184509949 |         0 |      0 |  1600446874 |      0 |      0 |         0 
 9328 Thread 73 - PartitionProcessorThre...f0-bf0b-42f2696e9036-0-16 |  1377000 |   426000 |   560795470 |  17594436668 |         0 |      0 |  1690704499 |      0 |      0 |         0 
 9329 Thread 74 - PartitionProcessorThre...f0-bf0b-42f2696e9036-0-17 |  1245000 |   396000 |   510494810 |  16013491371 |         0 |      0 |  1727022035 |      0 |      0 |         0 
 9330 Thread 75 - PartitionProcessorThre...f0-bf0b-42f2696e9036-0-18 |  1369000 |   417000 |   556563157 |  17428706000 |         0 |      0 |  1665536313 |      0 |      0 |         0 
 9331 Thread 76 - PartitionProcessorThre...f0-bf0b-42f2696e9036-0-19 |  1285000 |   418000 |   528729673 |  16618486250 |         0 |      0 |  1502091706 |      0 |      0 |         0 
 9570 Thread 77 - process reaper                                     |     2000 |        0 |      662253 |     19571695 |         0 |      0 |       45413 |      0 |      0 |         0 
 9575 Thread 78 - Attach Listener                                    |   434000 |   103000 |   173393283 |   5249116643 |   5144576 | 148480 |     4628263 |      0 |      0 |         0 
