                                 Task                                 |  utime   |  stime   |     rss     |     vmem     |   read    | write  |    d:cpu    | d:bio  | d:swap | d:reclaim 
 11535 Thread 1 - main                                                |   827000 |   174000 |    66940290 |   7685936193 |  34317312 |   1024 |     7827097 |      0 |      0 |         0 
 11557 Thread 2 - Reference Handler                                   |     5000 |     2000 |      737714 |     56713699 |         0 |      0 |       64756 |      0 |      0 |         0 
 11558 Thread 3 - Finalizer                                           |     6000 |        0 |      473042 |     46058019 |     19456 |      0 |      858782 |      0 |      0 |         0 
 11559 Thread 4 - Surrogate Locker Thread (Concurrent GC)             |        0 |        0 |           0 |            0 |         0 |      0 |         824 |      0 |      0 |         0 
 11560 Thread 5 - Signal Dispatcher                                   |        0 |        0 |           0 |            0 |         0 |      0 |        2274 |      0 |      0 |         0 
 11567 Thread 12 - RMI Scheduler(0)                                   |     1000 |     2000 |      705746 |     27278308 |      4096 |      0 |       38264 |      0 |      0 |         0 
 11568 Thread 13 - RMI RenewClean-[10.231.182.152:44563]              |        0 |     1000 |       82195 |      7828250 |      1024 |      0 |           0 |      0 |      0 |         0 
 11569 Thread 14 - GC Daemon                                          |        0 |        0 |           0 |            0 |         0 |      0 |         771 |      0 |      0 |         0 
 11572 Thread 15 - DecatonSubscriptionThread-decaton-benchmark        | 28279000 | 33614000 | 19049732995 | 603214236811 | 624246784 | 124928 | 19990551840 | 145081 |      0 |         0 
 11575 Thread 16 - kafka-coordinator-hear...hread | decaton-benchmark |   202000 |    40000 |    72992308 |   2351307886 |   6721536 |   4096 |    33649671 | 671567 |      0 |         0 
 11579 Thread 17 - PartitionProcessorThre...1e2-829e-67fa96e1568a-2-0 |  1454000 |   476000 |   592387015 |  18811283601 |     43008 |      0 |  1721956374 |      0 |      0 |         0 
 11580 Thread 18 - PartitionProcessorThre...1e2-829e-67fa96e1568a-2-1 |  1481000 |   464000 |   599777570 |  18979364316 |         0 |      0 |  1600693881 |      0 |      0 |         0 
 11581 Thread 19 - PartitionProcessorThre...1e2-829e-67fa96e1568a-2-2 |  1530000 |   456000 |   613470562 |  19379699738 |         0 |      0 |  1443118751 |      0 |      0 |         0 
 11582 Thread 20 - PartitionProcessorThre...1e2-829e-67fa96e1568a-2-3 |  1470000 |   485000 |   602353386 |  19074156988 |         0 |      0 |  1774690024 |      0 |      0 |         0 
 11583 Thread 21 - PartitionProcessorThre...1e2-829e-67fa96e1568a-2-4 |  1463000 |   464000 |   596388335 |  18802963570 |         0 |      0 |  1859749192 |      0 |      0 |         0 
 11584 Thread 22 - PartitionProcessorThre...1e2-829e-67fa96e1568a-2-5 |  1429000 |   494000 |   593334433 |  18764948562 |         0 |      0 |  1825401184 |      0 |      0 |         0 
 11585 Thread 23 - PartitionProcessorThre...1e2-829e-67fa96e1568a-2-6 |  1459000 |   444000 |   588689902 |  18572861816 |         0 |      0 |  1777723806 |      0 |      0 |         0 
 11586 Thread 24 - PartitionProcessorThre...1e2-829e-67fa96e1568a-2-7 |  1488000 |   446000 |   597029300 |  18871568160 |         0 |      0 |  1687035975 |      0 |      0 |         0 
 11587 Thread 25 - PartitionProcessorThre...1e2-829e-67fa96e1568a-2-8 |  1402000 |   450000 |   573431711 |  18072353125 |         0 |      0 |  1684576418 |      0 |      0 |         0 
 11588 Thread 26 - PartitionProcessorThre...1e2-829e-67fa96e1568a-2-9 |  1554000 |   463000 |   621789843 |  19681919394 |         0 |      0 |  1735080733 |      0 |      0 |         0 
 11589 Thread 27 - PartitionProcessorThre...e2-829e-67fa96e1568a-2-10 |  1462000 |   438000 |   587307433 |  18541909672 |         0 |      0 |  1795862934 |      0 |      0 |         0 
 11590 Thread 28 - PartitionProcessorThre...e2-829e-67fa96e1568a-2-11 |  1518000 |   496000 |   623798015 |  19652956628 |         0 |      0 |  1919719172 |      0 |      0 |         0 
 11591 Thread 29 - PartitionProcessorThre...e2-829e-67fa96e1568a-2-12 |  1411000 |   491000 |   587009441 |  18559258789 |         0 |      0 |  1853980027 |      0 |      0 |         0 
 11592 Thread 30 - PartitionProcessorThre...e2-829e-67fa96e1568a-2-13 |  1460000 |   486000 |   602316789 |  18990799515 |         0 |      0 |  1812743698 |      0 |      0 |         0 
 11593 Thread 31 - PartitionProcessorThre...e2-829e-67fa96e1568a-2-14 |  1569000 |   469000 |   630836163 |  19888183613 |         0 |      0 |  1792792877 |      0 |      0 |         0 
 11594 Thread 32 - PartitionProcessorThre...e2-829e-67fa96e1568a-2-15 |  1443000 |   458000 |   587258847 |  18550529332 |         0 |      0 |  1615073097 |      0 |      0 |         0 
 11595 Thread 33 - PartitionProcessorThre...e2-829e-67fa96e1568a-2-16 |  1456000 |   444000 |   587486667 |  18541085039 |         0 |      0 |  1925278212 |      0 |      0 |         0 
 11596 Thread 34 - PartitionProcessorThre...e2-829e-67fa96e1568a-2-17 |  1515000 |   510000 |   626468398 |  19761616632 |         0 |      0 |  1783520760 |      0 |      0 |         0 
 11597 Thread 35 - PartitionProcessorThre...e2-829e-67fa96e1568a-2-18 |  1373000 |   425000 |   556577590 |  17546451641 |         0 |      0 |  1536066343 |      0 |      0 |         0 
 11598 Thread 36 - PartitionProcessorThre...e2-829e-67fa96e1568a-2-19 |  1479000 |   510000 |   612156745 |  19407849121 |         0 |      0 |  1838406544 |      0 |      0 |         0 
 11599 Thread 37 - PartitionProcessorThre...1e2-829e-67fa96e1568a-1-0 |  1497000 |   485000 |   605993941 |  19344936289 |      1024 |      0 |  1806891248 |      0 |      0 |         0 
 11600 Thread 38 - PartitionProcessorThre...1e2-829e-67fa96e1568a-1-1 |  1471000 |   466000 |   593202394 |  18904901476 |         0 |      0 |  1752721017 |      0 |      0 |         0 
 11601 Thread 39 - PartitionProcessorThre...1e2-829e-67fa96e1568a-1-2 |  1532000 |   466000 |   613464417 |  19500702933 |         0 |      0 |  1887966352 |      0 |      0 |         0 
 11602 Thread 40 - PartitionProcessorThre...1e2-829e-67fa96e1568a-1-3 |  1503000 |   469000 |   605879140 |  19247601683 |         0 |      0 |  1776191498 |      0 |      0 |         0 
 11603 Thread 41 - PartitionProcessorThre...1e2-829e-67fa96e1568a-1-4 |  1519000 |   463000 |   611304011 |  19344984507 |         0 |      0 |  1619423890 |      0 |      0 |         0 
 11604 Thread 42 - PartitionProcessorThre...1e2-829e-67fa96e1568a-1-5 |  1456000 |   473000 |   593891120 |  18827501125 |         0 |      0 |  1725767272 |      0 |      0 |         0 
 11605 Thread 43 - PartitionProcessorThre...1e2-829e-67fa96e1568a-1-6 |  1501000 |   439000 |   594995046 |  18934653683 |         0 |      0 |  1889414021 |      0 |      0 |         0 
 11606 Thread 44 - PartitionProcessorThre...1e2-829e-67fa96e1568a-1-7 |  1503000 |   507000 |   617321343 |  19617988625 |         0 |      0 |  1740546775 |      0 |      0 |         0 
 11607 Thread 45 - PartitionProcessorThre...1e2-829e-67fa96e1568a-1-8 |  1513000 |   444000 |   599318316 |  19100032164 |         0 |      0 |  1902716006 |      0 |      0 |         0 
 11608 Thread 46 - PartitionProcessorThre...1e2-829e-67fa96e1568a-1-9 |  1573000 |   429000 |   610593484 |  19538731613 |         0 |      0 |  1703364768 |      0 |      0 |         0 
 11609 Thread 47 - PartitionProcessorThre...e2-829e-67fa96e1568a-1-10 |  1501000 |   437000 |   592360214 |  18914878203 |         0 |      0 |  1786102964 |      0 |      0 |         0 
 11610 Thread 48 - PartitionProcessorThre...e2-829e-67fa96e1568a-1-11 |  1467000 |   481000 |   594186980 |  19012628511 |         0 |      0 |  1761291219 |      0 |      0 |         0 
 11611 Thread 49 - PartitionProcessorThre...e2-829e-67fa96e1568a-1-12 |  1397000 |   435000 |   564325375 |  17881534383 |         0 |      0 |  1694589307 |      0 |      0 |         0 
 11612 Thread 50 - PartitionProcessorThre...e2-829e-67fa96e1568a-1-13 |  1483000 |   474000 |   600805003 |  19100840785 |         0 |      0 |  1847280181 |      0 |      0 |         0 
 11613 Thread 51 - PartitionProcessorThre...e2-829e-67fa96e1568a-1-14 |  1458000 |   463000 |   588720707 |  18748913082 |         0 |      0 |  1667420953 |      0 |      0 |         0 
 11614 Thread 52 - PartitionProcessorThre...e2-829e-67fa96e1568a-1-15 |  1441000 |   494000 |   594838566 |  18885667722 |         0 |      0 |  1561433092 |      0 |      0 |         0 
 11615 Thread 53 - PartitionProcessorThre...e2-829e-67fa96e1568a-1-16 |  1519000 |   465000 |   610116566 |  19364540839 |         0 |      0 |  1707359370 |      0 |      0 |         0 
 11616 Thread 54 - PartitionProcessorThre...e2-829e-67fa96e1568a-1-17 |  1502000 |   470000 |   604232374 |  19246632507 |         0 |      0 |  1670019532 |      0 |      0 |         0 
 11617 Thread 55 - PartitionProcessorThre...e2-829e-67fa96e1568a-1-18 |  1477000 |   429000 |   585810355 |  18602635015 |         0 |      0 |  1799356691 |      0 |      0 |         0 
 11618 Thread 56 - PartitionProcessorThre...e2-829e-67fa96e1568a-1-19 |  1539000 |   488000 |   623257140 |  19784566273 |         0 |      0 |  1737095359 |      0 |      0 |         0 
 11620 Thread 57 - PartitionProcessorThre...1e2-829e-67fa96e1568a-0-0 |  1391000 |   469000 |   575923906 |  18154154547 |         0 |      0 |  1753235160 |      0 |      0 |         0 
 11621 Thread 58 - PartitionProcessorThre...1e2-829e-67fa96e1568a-0-1 |  1433000 |   448000 |   583930269 |  18360025508 |         0 |      0 |  1608869539 |      0 |      0 |         0 
 11622 Thread 59 - PartitionProcessorThre...1e2-829e-67fa96e1568a-0-2 |  1457000 |   503000 |   608509937 |  19130566605 |         0 |      0 |  1670299630 |      0 |      0 |         0 
 11623 Thread 60 - PartitionProcessorThre...1e2-829e-67fa96e1568a-0-3 |  1526000 |   473000 |   617835714 |  19510717132 |         0 |      0 |  1574245538 |      0 |      0 |         0 
 11624 Thread 61 - PartitionProcessorThre...1e2-829e-67fa96e1568a-0-4 |  1504000 |   483000 |   616668202 |  19394296023 |         0 |      0 |  1757410274 |      0 |      0 |         0 
 11625 Thread 62 - PartitionProcessorThre...1e2-829e-67fa96e1568a-0-5 |  1556000 |   490000 |   631825187 |  19970192742 |         0 |      0 |  1750387099 |      0 |      0 |         0 
 11626 Thread 63 - PartitionProcessorThre...1e2-829e-67fa96e1568a-0-6 |  1475000 |   459000 |   598812703 |  18878098718 |         0 |      0 |  1638326894 |      0 |      0 |         0 
 11627 Thread 64 - PartitionProcessorThre...1e2-829e-67fa96e1568a-0-7 |  1418000 |   460000 |   580383656 |  18329749840 |         0 |      0 |  1860356884 |      0 |      0 |         0 
 11628 Thread 65 - PartitionProcessorThre...1e2-829e-67fa96e1568a-0-8 |  1458000 |   460000 |   594158437 |  18720816429 |         0 |      0 |  1663902382 |      0 |      0 |         0 
 11629 Thread 66 - PartitionProcessorThre...1e2-829e-67fa96e1568a-0-9 |  1462000 |   448000 |   591566519 |  18642923078 |         0 |      0 |  1932277526 |      0 |      0 |         0 
 11630 Thread 67 - PartitionProcessorThre...e2-829e-67fa96e1568a-0-10 |  1474000 |   498000 |   609323515 |  19247982004 |         0 |      0 |  1801610537 |      0 |      0 |         0 
 11631 Thread 68 - PartitionProcessorThre...e2-829e-67fa96e1568a-0-11 |  1434000 |   551000 |   613602445 |  19374564656 |         0 |      0 |  1844643557 |      0 |      0 |         0 
 11632 Thread 69 - PartitionProcessorThre...e2-829e-67fa96e1568a-0-12 |  1455000 |   469000 |   596054078 |  18779007972 |         0 |      0 |  1723916844 |      0 |      0 |         0 
 11633 Thread 70 - PartitionProcessorThre...e2-829e-67fa96e1568a-0-13 |  1485000 |   446000 |   598700175 |  18846742191 |         0 |      0 |  1707500876 |      0 |      0 |         0 
 11634 Thread 71 - PartitionProcessorThre...e2-829e-67fa96e1568a-0-14 |  1545000 |   477000 |   626002866 |  19735455152 |         0 |      0 |  1688643566 |      0 |      0 |         0 
 11635 Thread 72 - PartitionProcessorThre...e2-829e-67fa96e1568a-0-15 |  1463000 |   416000 |   581853636 |  18340168125 |         0 |      0 |  1835051173 |      0 |      0 |         0 
 11636 Thread 73 - PartitionProcessorThre...e2-829e-67fa96e1568a-0-16 |  1465000 |   489000 |   605285574 |  19071999836 |      1024 |      0 |  1690556869 |      0 |      0 |         0 
 11637 Thread 74 - PartitionProcessorThre...e2-829e-67fa96e1568a-0-17 |  1529000 |   458000 |   614671492 |  19394084496 |         0 |      0 |  1508574325 |      0 |      0 |         0 
 11638 Thread 75 - PartitionProcessorThre...e2-829e-67fa96e1568a-0-18 |  1412000 |   471000 |   582997007 |  18379309137 |         0 |      0 |  1674347785 |      0 |      0 |         0 
 11639 Thread 76 - PartitionProcessorThre...e2-829e-67fa96e1568a-0-19 |  1495000 |   501000 |   616937699 |  19481873875 |         0 |      0 |  1780666398 |      0 |      0 |         0 
 11903 Thread 77 - process reaper                                     |     2000 |        0 |      636789 |     19572476 |         0 |      0 |       11641 |      0 |      0 |         0 
 11908 Thread 78 - Attach Listener                                    |   432000 |   110000 |   170931670 |   5297951948 |   5144576 | 220160 |     1589449 |      0 |      0 |         0 
