                                 Task                                 |  utime   |  stime   |     rss     |     vmem     |   read    | write  |    d:cpu    | d:bio  | d:swap | d:reclaim 
 28143 Thread 1 - main                                                |   569000 |   106000 |    43300901 |   5123414439 |  21203968 |   1024 |     8632402 |      0 |      0 |         0 
 28165 Thread 2 - Reference Handler                                   |     5000 |        0 |      501378 |     38768886 |         0 |      0 |      152255 |      0 |      0 |         0 
 28166 Thread 3 - Finalizer                                           |     7000 |        0 |      618859 |     53528578 |      5120 |      0 |      188701 |      0 |      0 |         0 
 28167 Thread 4 - Surrogate Locker Thread (Concurrent GC)             |        0 |        0 |           0 |            0 |         0 |      0 |        8262 |      0 |      0 |         0 
 28168 Thread 5 - Signal Dispatcher                                   |        0 |     1000 |      296156 |      9755039 |         0 |      0 |           0 |      0 |      0 |         0 
 28180 Thread 11 - DecatonSubscriptionThread-decaton-benchmark        | 29084000 | 33086000 | 18469698234 | 605504114114 | 635960320 | 128000 | 19653558998 | 108663 |      0 |         0 
 28182 Thread 13 - kafka-coordinator-hear...hread | decaton-benchmark |   163000 |    47000 |    61703523 |   2046963358 |   7035904 |   4096 |    24281539 | 191298 |      0 |         0 
 28185 Thread 14 - PartitionProcessorThre...cb0-bdf4-692e24b2920f-1-0 |  1309000 |   420000 |   512073922 |  16862193113 |     33792 |      0 |  1309638734 |      0 |      0 |         0 
 28186 Thread 15 - PartitionProcessorThre...cb0-bdf4-692e24b2920f-1-1 |  1291000 |   410000 |   503858278 |  16595559304 |         0 |      0 |  1382402884 |      0 |      0 |         0 
 28187 Thread 16 - PartitionProcessorThre...cb0-bdf4-692e24b2920f-1-2 |  1268000 |   441000 |   507696082 |  16674058668 |      1024 |      0 |  1462328065 |      0 |      0 |         0 
 28188 Thread 17 - PartitionProcessorThre...cb0-bdf4-692e24b2920f-1-3 |  1297000 |   453000 |   519212918 |  17072900199 |         0 |      0 |  1478826426 |      0 |      0 |         0 
 28189 Thread 18 - PartitionProcessorThre...cb0-bdf4-692e24b2920f-1-4 |  1285000 |   429000 |   509421317 |  16725335875 |         0 |      0 |  1311912485 |      0 |      0 |         0 
 28190 Thread 19 - PartitionProcessorThre...cb0-bdf4-692e24b2920f-1-5 |  1290000 |   423000 |   508011625 |  16714392671 |         0 |      0 |  1325814482 |      0 |      0 |         0 
 28191 Thread 20 - PartitionProcessorThre...cb0-bdf4-692e24b2920f-1-6 |  1350000 |   402000 |   521496055 |  17094049410 |         0 |      0 |  1427833024 |      0 |      0 |         0 
 28192 Thread 21 - PartitionProcessorThre...cb0-bdf4-692e24b2920f-1-7 |  1255000 |   447000 |   506522832 |  16607184570 |         0 |      0 |  1321008102 |      0 |      0 |         0 
 28193 Thread 22 - PartitionProcessorThre...cb0-bdf4-692e24b2920f-1-8 |  1298000 |   471000 |   523329977 |  17260248871 |      4096 |      0 |  1426367726 |      0 |      0 |         0 
 28194 Thread 23 - PartitionProcessorThre...cb0-bdf4-692e24b2920f-1-9 |  1288000 |   472000 |   522800957 |  17171535695 |         0 |      0 |  1310250209 |      0 |      0 |         0 
 28195 Thread 24 - PartitionProcessorThre...b0-bdf4-692e24b2920f-1-10 |  1311000 |   439000 |   517964945 |  17073368929 |         0 |      0 |  1293522712 |      0 |      0 |         0 
 28196 Thread 25 - PartitionProcessorThre...b0-bdf4-692e24b2920f-1-11 |  1155000 |   460000 |   478285485 |  15756273644 |     35840 |      0 |  1436005466 |      0 |      0 |         0 
 28197 Thread 26 - PartitionProcessorThre...b0-bdf4-692e24b2920f-1-12 |  1259000 |   403000 |   492171742 |  16215260023 |         0 |      0 |  1329679300 |      0 |      0 |         0 
 28198 Thread 27 - PartitionProcessorThre...b0-bdf4-692e24b2920f-1-13 |  1286000 |   417000 |   505663512 |  16617801742 |         0 |      0 |  1580509927 |      0 |      0 |         0 
 28199 Thread 28 - PartitionProcessorThre...b0-bdf4-692e24b2920f-1-14 |  1225000 |   450000 |   496379442 |  16343165769 |         0 |      0 |  1494054872 |      0 |      0 |         0 
 28200 Thread 29 - PartitionProcessorThre...b0-bdf4-692e24b2920f-1-15 |  1315000 |   435000 |   517736492 |  17068178476 |    125952 |      0 |  1238725435 |      0 |      0 |         0 
 28201 Thread 30 - PartitionProcessorThre...b0-bdf4-692e24b2920f-1-16 |  1195000 |   440000 |   482830739 |  15953126601 |         0 |      0 |  1413883549 |      0 |      0 |         0 
 28202 Thread 31 - PartitionProcessorThre...b0-bdf4-692e24b2920f-1-17 |  1222000 |   443000 |   493909043 |  16246583375 |         0 |      0 |  1409857031 |      0 |      0 |         0 
 28203 Thread 32 - PartitionProcessorThre...b0-bdf4-692e24b2920f-1-18 |  1237000 |   484000 |   511601668 |  16792586562 |         0 |      0 |  1320824879 |      0 |      0 |         0 
 28204 Thread 33 - PartitionProcessorThre...b0-bdf4-692e24b2920f-1-19 |  1308000 |   408000 |   508387387 |  16744320777 |      1024 |      0 |  1387470790 |      0 |      0 |         0 
 28205 Thread 34 - PartitionProcessorThre...cb0-bdf4-692e24b2920f-2-0 |  1304000 |   493000 |   533631711 |  17533784351 |         0 |      0 |  1235029019 |      0 |      0 |         0 
 28206 Thread 35 - PartitionProcessorThre...cb0-bdf4-692e24b2920f-2-1 |  1247000 |   448000 |   503037840 |  16539256211 |         0 |      0 |  1297714914 |      0 |      0 |         0 
 28207 Thread 36 - PartitionProcessorThre...cb0-bdf4-692e24b2920f-2-2 |  1269000 |   464000 |   516839008 |  16910332589 |         0 |      0 |  1465323504 |      0 |      0 |         0 
 28208 Thread 37 - PartitionProcessorThre...cb0-bdf4-692e24b2920f-2-3 |  1275000 |   459000 |   515443586 |  16919547152 |         0 |      0 |  1387702145 |      0 |      0 |         0 
 28209 Thread 38 - PartitionProcessorThre...cb0-bdf4-692e24b2920f-2-4 |  1311000 |   464000 |   528669797 |  17319611429 |         0 |      0 |  1352642145 |      0 |      0 |         0 
 28210 Thread 39 - PartitionProcessorThre...cb0-bdf4-692e24b2920f-2-5 |  1202000 |   464000 |   496480911 |  16256720808 |         0 |      0 |  1348350071 |      0 |      0 |         0 
 28211 Thread 40 - PartitionProcessorThre...cb0-bdf4-692e24b2920f-2-6 |  1271000 |   449000 |   512680430 |  16783802203 |         0 |      0 |  1300654952 |      0 |      0 |         0 
 28212 Thread 41 - PartitionProcessorThre...cb0-bdf4-692e24b2920f-2-7 |  1236000 |   457000 |   505466188 |  16521036992 |         0 |      0 |  1175457850 |      0 |      0 |         0 
 28213 Thread 42 - PartitionProcessorThre...cb0-bdf4-692e24b2920f-2-8 |  1252000 |   483000 |   517136340 |  16930125574 |         0 |      0 |  1396536528 |      0 |      0 |         0 
 28214 Thread 43 - PartitionProcessorThre...cb0-bdf4-692e24b2920f-2-9 |  1294000 |   423000 |   512678336 |  16755020714 |         0 |      0 |  1362241062 |      0 |      0 |         0 
 28215 Thread 44 - PartitionProcessorThre...b0-bdf4-692e24b2920f-2-10 |  1291000 |   469000 |   524254613 |  17173635210 |         0 |      0 |  1343987101 |      0 |      0 |         0 
 28216 Thread 45 - PartitionProcessorThre...b0-bdf4-692e24b2920f-2-11 |  1287000 |   497000 |   530647906 |  17408392050 |         0 |      0 |  1426340512 |      0 |      0 |         0 
 28217 Thread 46 - PartitionProcessorThre...b0-bdf4-692e24b2920f-2-12 |  1348000 |   434000 |   531525985 |  17388548484 |         0 |      0 |  1282746204 |      0 |      0 |         0 
 28218 Thread 47 - PartitionProcessorThre...b0-bdf4-692e24b2920f-2-13 |  1268000 |   500000 |   528868020 |  17253019183 |         0 |      0 |  1285487603 |      0 |      0 |         0 
 28219 Thread 48 - PartitionProcessorThre...b0-bdf4-692e24b2920f-2-14 |  1231000 |   449000 |   500014559 |  16392761500 |         0 |      0 |  1435638602 |      0 |      0 |         0 
 28220 Thread 49 - PartitionProcessorThre...b0-bdf4-692e24b2920f-2-15 |  1296000 |   436000 |   514313188 |  16900371226 |         0 |      0 |  1379608864 |      0 |      0 |         0 
 28221 Thread 50 - PartitionProcessorThre...b0-bdf4-692e24b2920f-2-16 |  1276000 |   449000 |   514152754 |  16832776542 |         0 |      0 |  1394367892 |      0 |      0 |         0 
 28222 Thread 51 - PartitionProcessorThre...b0-bdf4-692e24b2920f-2-17 |  1340000 |   473000 |   541424543 |  17691810445 |         0 |      0 |  1488353966 |      0 |      0 |         0 
 28223 Thread 52 - PartitionProcessorThre...b0-bdf4-692e24b2920f-2-18 |  1291000 |   473000 |   524777551 |  17212359847 |         0 |      0 |  1263613175 |      0 |      0 |         0 
 28224 Thread 53 - PartitionProcessorThre...b0-bdf4-692e24b2920f-2-19 |  1235000 |   465000 |   507882309 |  16588831957 |         0 |      0 |  1499452306 |      0 |      0 |         0 
 28225 Thread 54 - PartitionProcessorThre...cb0-bdf4-692e24b2920f-0-0 |  1283000 |   436000 |   514738992 |  16774181132 |         0 |      0 |  1519718120 |      0 |      0 |         0 
 28226 Thread 55 - PartitionProcessorThre...cb0-bdf4-692e24b2920f-0-1 |  1234000 |   402000 |   490674430 |  15964569410 |         0 |      0 |  1245015822 |      0 |      0 |         0 
 28227 Thread 56 - PartitionProcessorThre...cb0-bdf4-692e24b2920f-0-2 |  1280000 |   457000 |   522004656 |  16950107171 |         0 |      0 |  1244132958 |      0 |      0 |         0 
 28228 Thread 57 - PartitionProcessorThre...cb0-bdf4-692e24b2920f-0-3 |  1332000 |   444000 |   532985859 |  17331352296 |         0 |      0 |  1380793215 |      0 |      0 |         0 
 28229 Thread 58 - PartitionProcessorThre...cb0-bdf4-692e24b2920f-0-4 |  1292000 |   456000 |   525452563 |  17058181253 |         0 |      0 |  1285359633 |      0 |      0 |         0 
 28230 Thread 59 - PartitionProcessorThre...cb0-bdf4-692e24b2920f-0-5 |  1285000 |   498000 |   535197238 |  17399307667 |         0 |      0 |  1313932840 |      0 |      0 |         0 
 28231 Thread 60 - PartitionProcessorThre...cb0-bdf4-692e24b2920f-0-6 |  1333000 |   459000 |   535687090 |  17485978394 |         0 |      0 |  1591348544 |      0 |      0 |         0 
 28232 Thread 61 - PartitionProcessorThre...cb0-bdf4-692e24b2920f-0-7 |  1286000 |   449000 |   519477938 |  16930078832 |         0 |      0 |  1357830719 |      0 |      0 |         0 
 28233 Thread 62 - PartitionProcessorThre...cb0-bdf4-692e24b2920f-0-8 |  1287000 |   460000 |   524627078 |  17048017535 |         0 |      0 |  1171199853 |      0 |      0 |         0 
 28234 Thread 63 - PartitionProcessorThre...cb0-bdf4-692e24b2920f-0-9 |  1186000 |   482000 |   499298739 |  16276437699 |         0 |      0 |  1293652852 |      0 |      0 |         0 
 28235 Thread 64 - PartitionProcessorThre...b0-bdf4-692e24b2920f-0-10 |  1188000 |   436000 |   487013067 |  15847355703 |         0 |      0 |  1508928922 |      0 |      0 |         0 
 28236 Thread 65 - PartitionProcessorThre...b0-bdf4-692e24b2920f-0-11 |  1208000 |   414000 |   486113672 |  15827803984 |         0 |      0 |  1279292815 |      0 |      0 |         0 
 28237 Thread 66 - PartitionProcessorThre...b0-bdf4-692e24b2920f-0-12 |  1207000 |   438000 |   494088149 |  16052783093 |         0 |      0 |  1347002582 |      0 |      0 |         0 
 28238 Thread 67 - PartitionProcessorThre...b0-bdf4-692e24b2920f-0-13 |  1150000 |   496000 |   493064364 |  16061735781 |      3072 |      0 |  1054432785 |      0 |      0 |         0 
 28239 Thread 68 - PartitionProcessorThre...b0-bdf4-692e24b2920f-0-14 |  1299000 |   469000 |   530846981 |  17252660902 |         0 |      0 |  1220512225 |      0 |      0 |         0 
 28240 Thread 69 - PartitionProcessorThre...b0-bdf4-692e24b2920f-0-15 |  1286000 |   451000 |   520370524 |  16949841355 |      1024 |      0 |  1368409948 |      0 |      0 |         0 
 28241 Thread 70 - PartitionProcessorThre...b0-bdf4-692e24b2920f-0-16 |  1301000 |   460000 |   526575278 |  17183550882 |         0 |      0 |  1436076865 |      0 |      0 |         0 
 28242 Thread 71 - PartitionProcessorThre...b0-bdf4-692e24b2920f-0-17 |  1229000 |   434000 |   499312868 |  16228534093 |         0 |      0 |  1561466633 |      0 |      0 |         0 
 28243 Thread 72 - PartitionProcessorThre...b0-bdf4-692e24b2920f-0-18 |  1252000 |   435000 |   505433946 |  16462115656 |         0 |      0 |  1124632339 |      0 |      0 |         0 
 28244 Thread 73 - PartitionProcessorThre...b0-bdf4-692e24b2920f-0-19 |  1267000 |   469000 |   521943859 |  16941205890 |         0 |      0 |  1363793089 |      0 |      0 |         0 
 28637 Thread 74 - process reaper                                     |     1000 |     2000 |      911320 |     29327046 |      2048 |      0 |      883880 |      0 |      0 |         0 
 28643 Thread 75 - Attach Listener                                    |   381000 |    82000 |   139780147 |   4524703995 |   5304320 | 267264 |     1492732 |      0 |      0 |         0 
