                                 Task                                  |  utime   |  stime   |     rss     |     vmem     |   read    | write  |    d:cpu    | d:bio  | d:swap | d:reclaim 
 147935 Thread 1 - main                                                |   601000 |   116000 |    44022365 |   5451267088 |  21206016 |   2048 |     4585087 |      0 |      0 |         0 
 147957 Thread 2 - Reference Handler                                   |     6000 |     2000 |      901535 |     63385289 |         0 |      0 |      384010 |      0 |      0 |         0 
 147958 Thread 3 - Finalizer                                           |     4000 |     1000 |      826601 |     42770910 |      5120 |      0 |     1754658 |      0 |      0 |         0 
 147959 Thread 4 - Surrogate Locker Thread (Concurrent GC)             |        0 |     1000 |       26707 |      7228289 |         0 |      0 |       15308 |      0 |      0 |         0 
 147960 Thread 5 - Signal Dispatcher                                   |        0 |        0 |           0 |            0 |         0 |      0 |           0 |      0 |      0 |         0 
 147970 Thread 11 - DecatonSubscriptionThread-decaton-benchmark        | 30589000 | 34370000 | 18801756008 | 632605425634 | 635850752 | 144384 | 21895760438 | 126493 |      0 |         0 
 147971 Thread 13 - kafka-coordinator-hear...hread | decaton-benchmark |   243000 |    69000 |    89361151 |   3039804058 |   7163904 |   6144 |    22080363 | 749289 |      0 |         0 
 147975 Thread 14 - PartitionProcessorThre...77d-814b-8c993846062e-0-0 |  1429000 |   488000 |   551712359 |  18685816021 |     36864 |      0 |  1729188481 |      0 |      0 |         0 
 147976 Thread 15 - PartitionProcessorThre...77d-814b-8c993846062e-0-1 |  1328000 |   463000 |   517807461 |  17468047657 |      3072 |      0 |  1733069679 |      0 |      0 |         0 
 147977 Thread 16 - PartitionProcessorThre...77d-814b-8c993846062e-0-2 |  1399000 |   461000 |   537804996 |  18148242626 |         0 |      0 |  1716007996 |      0 |      0 |         0 
 147978 Thread 17 - PartitionProcessorThre...77d-814b-8c993846062e-0-3 |  1379000 |   486000 |   537206824 |  18193257446 |         0 |      0 |  1677523008 |      0 |      0 |         0 
 147979 Thread 18 - PartitionProcessorThre...77d-814b-8c993846062e-0-4 |  1424000 |   465000 |   545355738 |  18427716271 |         0 |      0 |  1869381325 |      0 |      0 |         0 
 147980 Thread 19 - PartitionProcessorThre...77d-814b-8c993846062e-0-5 |  1416000 |   468000 |   546965359 |  18382255802 |         0 |      0 |  1658756303 |      0 |      0 |         0 
 147981 Thread 20 - PartitionProcessorThre...77d-814b-8c993846062e-0-6 |  1352000 |   430000 |   514093008 |  17382641204 |    117760 |      0 |  1474299837 |      0 |      0 |         0 
 147982 Thread 21 - PartitionProcessorThre...77d-814b-8c993846062e-0-7 |  1360000 |   483000 |   532170473 |  17979888056 |         0 |      0 |  1421533323 |      0 |      0 |         0 
 147983 Thread 22 - PartitionProcessorThre...77d-814b-8c993846062e-0-8 |  1398000 |   492000 |   545634316 |  18440207552 |         0 |      0 |  1734058046 |      0 |      0 |         0 
 147984 Thread 23 - PartitionProcessorThre...77d-814b-8c993846062e-0-9 |  1471000 |   465000 |   557019340 |  18888693896 |         0 |      0 |  1538780680 |      0 |      0 |         0 
 147985 Thread 24 - PartitionProcessorThre...7d-814b-8c993846062e-0-10 |  1463000 |   466000 |   558191633 |  18821613243 |         0 |      0 |  1622878143 |      0 |      0 |         0 
 147986 Thread 25 - PartitionProcessorThre...7d-814b-8c993846062e-0-11 |  1467000 |   474000 |   558877066 |  18939227556 |         0 |      0 |  1697327451 |      0 |      0 |         0 
 147987 Thread 26 - PartitionProcessorThre...7d-814b-8c993846062e-0-12 |  1384000 |   504000 |   543660262 |  18420962532 |         0 |      0 |  1825022418 |      0 |      0 |         0 
 147988 Thread 27 - PartitionProcessorThre...7d-814b-8c993846062e-0-13 |  1394000 |   481000 |   541966648 |  18293749181 |         0 |      0 |  1844957241 |      0 |      0 |         0 
 147989 Thread 28 - PartitionProcessorThre...7d-814b-8c993846062e-0-14 |  1369000 |   444000 |   524131391 |  17689128048 |         0 |      0 |  1557177106 |      0 |      0 |         0 
 147990 Thread 29 - PartitionProcessorThre...7d-814b-8c993846062e-0-15 |  1353000 |   468000 |   526782195 |  17767926071 |         0 |      0 |  1692994353 |      0 |      0 |         0 
 147991 Thread 30 - PartitionProcessorThre...7d-814b-8c993846062e-0-16 |  1461000 |   501000 |   568769504 |  19144908860 |         0 |      0 |  1759219599 |      0 |      0 |         0 
 147992 Thread 31 - PartitionProcessorThre...7d-814b-8c993846062e-0-17 |  1528000 |   509000 |   589497437 |  19872347735 |     43008 |      0 |  1709443677 |      0 |      0 |         0 
 147993 Thread 32 - PartitionProcessorThre...7d-814b-8c993846062e-0-18 |  1498000 |   452000 |   564136105 |  19027100821 |         0 |      0 |  1637343964 |      0 |      0 |         0 
 147994 Thread 33 - PartitionProcessorThre...7d-814b-8c993846062e-0-19 |  1455000 |   462000 |   553336383 |  18704634665 |         0 |      0 |  1657361422 |      0 |      0 |         0 
 147995 Thread 34 - PartitionProcessorThre...77d-814b-8c993846062e-2-0 |  1561000 |   538000 |   611801257 |  20480383165 |         0 |      0 |  1738436172 |      0 |      0 |         0 
 147996 Thread 35 - PartitionProcessorThre...77d-814b-8c993846062e-2-1 |  1461000 |   456000 |   557224765 |  18704457466 |         0 |      0 |  1398231839 |      0 |      0 |         0 
 147997 Thread 36 - PartitionProcessorThre...77d-814b-8c993846062e-2-2 |  1425000 |   538000 |   570823171 |  19154173091 |         0 |      0 |  1735944675 |      0 |      0 |         0 
 147998 Thread 37 - PartitionProcessorThre...77d-814b-8c993846062e-2-3 |  1418000 |   471000 |   548424484 |  18431062790 |         0 |      0 |  1800765255 |      0 |      0 |         0 
 147999 Thread 38 - PartitionProcessorThre...77d-814b-8c993846062e-2-4 |  1398000 |   460000 |   540785133 |  18129671255 |         0 |      0 |  1717266146 |      0 |      0 |         0 
 148000 Thread 39 - PartitionProcessorThre...77d-814b-8c993846062e-2-5 |  1387000 |   467000 |   539828750 |  18091228271 |         0 |      0 |  1767207866 |      0 |      0 |         0 
 148001 Thread 40 - PartitionProcessorThre...77d-814b-8c993846062e-2-6 |  1435000 |   433000 |   542446777 |  18227443552 |         0 |      0 |  1933000980 |      0 |      0 |         0 
 148002 Thread 41 - PartitionProcessorThre...77d-814b-8c993846062e-2-7 |  1442000 |   452000 |   550470441 |  18480648024 |         0 |      0 |  1863277901 |      0 |      0 |         0 
 148003 Thread 42 - PartitionProcessorThre...77d-814b-8c993846062e-2-8 |  1416000 |   471000 |   549057387 |  18413264767 |         0 |      0 |  1672071672 |      0 |      0 |         0 
 148004 Thread 43 - PartitionProcessorThre...77d-814b-8c993846062e-2-9 |  1380000 |   471000 |   538452996 |  18061968036 |         0 |      0 |  1803428485 |      0 |      0 |         0 
 148005 Thread 44 - PartitionProcessorThre...7d-814b-8c993846062e-2-10 |  1354000 |   424000 |   516809516 |  17348673646 |         0 |      0 |  1471545300 |      0 |      0 |         0 
 148006 Thread 45 - PartitionProcessorThre...7d-814b-8c993846062e-2-11 |  1398000 |   504000 |   554549621 |  18559434114 |      1024 |      0 |  1672285444 |      0 |      0 |         0 
 148007 Thread 46 - PartitionProcessorThre...7d-814b-8c993846062e-2-12 |  1397000 |   479000 |   547096543 |  18306043907 |         0 |      0 |  1606310885 |      0 |      0 |         0 
 148008 Thread 47 - PartitionProcessorThre...7d-814b-8c993846062e-2-13 |  1347000 |   477000 |   529112055 |  17797636677 |         0 |      0 |  1502554627 |      0 |      0 |         0 
 148009 Thread 48 - PartitionProcessorThre...7d-814b-8c993846062e-2-14 |  1414000 |   454000 |   543598508 |  18227500485 |         0 |      0 |  1543131999 |      0 |      0 |         0 
 148010 Thread 49 - PartitionProcessorThre...7d-814b-8c993846062e-2-15 |  1449000 |   479000 |   559661254 |  18812935056 |         0 |      0 |  1720737161 |      0 |      0 |         0 
 148011 Thread 50 - PartitionProcessorThre...7d-814b-8c993846062e-2-16 |  1430000 |   463000 |   550652359 |  18471523083 |         0 |      0 |  1618641911 |      0 |      0 |         0 
 148012 Thread 51 - PartitionProcessorThre...7d-814b-8c993846062e-2-17 |  1447000 |   446000 |   549604668 |  18470459564 |         0 |      0 |  1680097256 |      0 |      0 |         0 
 148013 Thread 52 - PartitionProcessorThre...7d-814b-8c993846062e-2-18 |  1451000 |   488000 |   563878511 |  18920224544 |         0 |      0 |  1420189260 |      0 |      0 |         0 
 148014 Thread 53 - PartitionProcessorThre...7d-814b-8c993846062e-2-19 |  1408000 |   460000 |   544252297 |  18228323817 |         0 |      0 |  1331770246 |      0 |      0 |         0 
 148015 Thread 54 - PartitionProcessorThre...77d-814b-8c993846062e-1-0 |  1432000 |   492000 |   561368043 |  18774376134 |         0 |      0 |  1539340170 |      0 |      0 |         0 
 148016 Thread 55 - PartitionProcessorThre...77d-814b-8c993846062e-1-1 |  1447000 |   491000 |   565197136 |  18909917876 |         0 |      0 |  1653555680 |      0 |      0 |         0 
 148017 Thread 56 - PartitionProcessorThre...77d-814b-8c993846062e-1-2 |  1373000 |   500000 |   544569148 |  18275734286 |      1024 |      0 |  1790084033 |      0 |      0 |         0 
 148018 Thread 57 - PartitionProcessorThre...77d-814b-8c993846062e-1-3 |  1302000 |   441000 |   506410395 |  17006731204 |         0 |      0 |  1598131367 |      0 |      0 |         0 
 148019 Thread 58 - PartitionProcessorThre...77d-814b-8c993846062e-1-4 |  1474000 |   492000 |   572817472 |  19183611841 |         0 |      0 |  1595925187 |      0 |      0 |         0 
 148020 Thread 59 - PartitionProcessorThre...77d-814b-8c993846062e-1-5 |  1340000 |   468000 |   526826223 |  17641283259 |         0 |      0 |  1499646189 |      0 |      0 |         0 
 148021 Thread 60 - PartitionProcessorThre...77d-814b-8c993846062e-1-6 |  1461000 |   475000 |   564068418 |  18891067028 |         0 |      0 |  1825993479 |      0 |      0 |         0 
 148022 Thread 61 - PartitionProcessorThre...77d-814b-8c993846062e-1-7 |  1372000 |   494000 |   544161078 |  18207651048 |         0 |      0 |  1770365132 |      0 |      0 |         0 
 148023 Thread 62 - PartitionProcessorThre...77d-814b-8c993846062e-1-8 |  1430000 |   476000 |   556373613 |  18598362864 |      3072 |      0 |  1619613205 |      0 |      0 |         0 
 148024 Thread 63 - PartitionProcessorThre...77d-814b-8c993846062e-1-9 |  1407000 |   445000 |   538301066 |  18070982864 |         0 |      0 |  1305754445 |      0 |      0 |         0 
 148025 Thread 64 - PartitionProcessorThre...7d-814b-8c993846062e-1-10 |  1454000 |   443000 |   552610238 |  18510203255 |         0 |      0 |  1616748612 |      0 |      0 |         0 
 148026 Thread 65 - PartitionProcessorThre...7d-814b-8c993846062e-1-11 |  1312000 |   487000 |   523995566 |  17553995950 |         0 |      0 |  1530158224 |      0 |      0 |         0 
 148027 Thread 66 - PartitionProcessorThre...7d-814b-8c993846062e-1-12 |  1437000 |   432000 |   543885437 |  18236509040 |         0 |      0 |  1688956398 |      0 |      0 |         0 
 148028 Thread 67 - PartitionProcessorThre...7d-814b-8c993846062e-1-13 |  1388000 |   474000 |   543566973 |  18169422255 |         0 |      0 |  1507258425 |      0 |      0 |         0 
 148029 Thread 68 - PartitionProcessorThre...7d-814b-8c993846062e-1-14 |  1437000 |   457000 |   553832558 |  18481502220 |         0 |      0 |  1461805114 |      0 |      0 |         0 
 148030 Thread 69 - PartitionProcessorThre...7d-814b-8c993846062e-1-15 |  1362000 |   517000 |   548254453 |  18334508548 |         0 |      0 |  1596503264 |      0 |      0 |         0 
 148031 Thread 70 - PartitionProcessorThre...7d-814b-8c993846062e-1-16 |  1470000 |   472000 |   567814195 |  18950443013 |         0 |      0 |  1661650664 |      0 |      0 |         0 
 148032 Thread 71 - PartitionProcessorThre...7d-814b-8c993846062e-1-17 |  1452000 |   488000 |   563563027 |  18929360942 |         0 |      0 |  1770810457 |      0 |      0 |         0 
 148033 Thread 72 - PartitionProcessorThre...7d-814b-8c993846062e-1-18 |  1382000 |   484000 |   544249406 |  18207297083 |         0 |      0 |  1650750997 |      0 |      0 |         0 
 148034 Thread 73 - PartitionProcessorThre...7d-814b-8c993846062e-1-19 |  1441000 |   456000 |   550786582 |  18509890872 |         0 |      0 |  1792784520 |      0 |      0 |         0 
 148526 Thread 74 - process reaper                                     |     2000 |     2000 |     1224664 |     39110980 |         0 |      0 |       72305 |      0 |      0 |         0 
 148532 Thread 75 - Attach Listener                                    |   380000 |   112000 |   145822807 |   4808014494 |   5304320 | 314368 |      673372 |      0 |      0 |         0 
