                                 Task                                 |  utime   |  stime   |     rss     |     vmem     |   read    | write  |    d:cpu    | d:bio  | d:swap | d:reclaim 
 96801 Thread 1 - main                                                |   560000 |    76000 |    40286740 |   4823433963 |  21055488 |   2048 |     2739954 |      0 |      0 |         0 
 96824 Thread 2 - Reference Handler                                   |     6000 |     1000 |      652859 |     53601535 |         0 |      0 |      162462 |      0 |      0 |         0 
 96825 Thread 3 - Finalizer                                           |     7000 |        0 |      653660 |     53767703 |      5120 |      0 |      680195 |      0 |      0 |         0 
 96828 Thread 4 - Surrogate Locker Thread (Concurrent GC)             |        0 |        0 |           0 |            0 |         0 |      0 |           0 |      0 |      0 |         0 
 96829 Thread 5 - Signal Dispatcher                                   |        0 |     1000 |      307269 |      9756035 |         0 |      0 |           0 |      0 |      0 |         0 
 96841 Thread 11 - DecatonSubscriptionThread-decaton-benchmark        | 29326000 | 31966000 | 18642260444 | 596805372189 | 636861440 | 142336 | 19856128343 | 116516 |      0 |         0 
 96842 Thread 13 - kafka-coordinator-hear...hread | decaton-benchmark |   187000 |    49000 |    71535448 |   2300643933 |   6321152 |   5120 |    32659796 | 649921 |      0 |         0 
 96845 Thread 14 - PartitionProcessorThre...2bc-a00d-5ac506556279-2-0 |  1326000 |   488000 |   549923898 |  17693044988 |         0 |      0 |  1593312974 |      0 |      0 |         0 
 96846 Thread 15 - PartitionProcessorThre...2bc-a00d-5ac506556279-2-1 |  1307000 |   479000 |   542587449 |  17418400649 |     33792 |      0 |  1548810942 |      0 |      0 |         0 
 96847 Thread 16 - PartitionProcessorThre...2bc-a00d-5ac506556279-2-2 |  1381000 |   463000 |   559762132 |  17984736172 |         0 |      0 |  1615798652 |      0 |      0 |         0 
 96848 Thread 17 - PartitionProcessorThre...2bc-a00d-5ac506556279-2-3 |  1324000 |   461000 |   544102785 |  17416748782 |         0 |      0 |  1689573227 |      0 |      0 |         0 
 96849 Thread 18 - PartitionProcessorThre...2bc-a00d-5ac506556279-2-4 |  1235000 |   463000 |   518323480 |  16568031805 |         0 |      0 |  1698356814 |      0 |      0 |         0 
 96850 Thread 19 - PartitionProcessorThre...2bc-a00d-5ac506556279-2-5 |  1181000 |   495000 |   510639996 |  16353516743 |         0 |      0 |  1664115591 |      0 |      0 |         0 
 96851 Thread 20 - PartitionProcessorThre...2bc-a00d-5ac506556279-2-6 |  1303000 |   430000 |   527245195 |  16900460516 |    123904 |      0 |  1523001438 |      0 |      0 |         0 
 96852 Thread 21 - PartitionProcessorThre...2bc-a00d-5ac506556279-2-7 |  1244000 |   448000 |   513987398 |  16509906668 |         0 |      0 |  1583640107 |      0 |      0 |         0 
 96853 Thread 22 - PartitionProcessorThre...2bc-a00d-5ac506556279-2-8 |  1260000 |   437000 |   514635726 |  16555635168 |      1024 |      0 |  1531477225 |      0 |      0 |         0 
 96854 Thread 23 - PartitionProcessorThre...2bc-a00d-5ac506556279-2-9 |  1314000 |   437000 |   531582726 |  17083937426 |         0 |      0 |  1756798326 |      0 |      0 |         0 
 96855 Thread 24 - PartitionProcessorThre...bc-a00d-5ac506556279-2-10 |  1231000 |   474000 |   518778527 |  16633923805 |         0 |      0 |  1692080415 |      0 |      0 |         0 
 96856 Thread 25 - PartitionProcessorThre...bc-a00d-5ac506556279-2-11 |  1260000 |   446000 |   519506773 |  16645908094 |         0 |      0 |  1487469670 |      0 |      0 |         0 
 96857 Thread 26 - PartitionProcessorThre...bc-a00d-5ac506556279-2-12 |  1286000 |   421000 |   519056535 |  16653439657 |         0 |      0 |  1515156045 |      0 |      0 |         0 
 96858 Thread 27 - PartitionProcessorThre...bc-a00d-5ac506556279-2-13 |  1288000 |   447000 |   527252867 |  16929167661 |         0 |      0 |  1617465504 |      0 |      0 |         0 
 96859 Thread 28 - PartitionProcessorThre...bc-a00d-5ac506556279-2-14 |  1254000 |   429000 |   513007379 |  16423203454 |      1024 |      0 |  1362155554 |      0 |      0 |         0 
 96860 Thread 29 - PartitionProcessorThre...bc-a00d-5ac506556279-2-15 |  1240000 |   421000 |   504984496 |  16204229606 |     44032 |      0 |  1511697552 |      0 |      0 |         0 
 96861 Thread 30 - PartitionProcessorThre...bc-a00d-5ac506556279-2-16 |  1273000 |   468000 |   530675726 |  16988478520 |         0 |      0 |  1560928753 |      0 |      0 |         0 
 96862 Thread 31 - PartitionProcessorThre...bc-a00d-5ac506556279-2-17 |  1311000 |   445000 |   534512718 |  17134736082 |         0 |      0 |  1648414657 |      0 |      0 |         0 
 96863 Thread 32 - PartitionProcessorThre...bc-a00d-5ac506556279-2-18 |  1331000 |   421000 |   531564469 |  17094839567 |      1024 |      0 |  1689606684 |      0 |      0 |         0 
 96864 Thread 33 - PartitionProcessorThre...bc-a00d-5ac506556279-2-19 |  1275000 |   418000 |   514971754 |  16516532336 |         0 |      0 |  1678236581 |      0 |      0 |         0 
 96865 Thread 34 - PartitionProcessorThre...2bc-a00d-5ac506556279-1-0 |  1237000 |   439000 |   513984859 |  16354414782 |         0 |      0 |  1484179695 |      0 |      0 |         0 
 96866 Thread 35 - PartitionProcessorThre...2bc-a00d-5ac506556279-1-1 |  1204000 |   482000 |   517270395 |  16453044079 |         0 |      0 |  1516071814 |      0 |      0 |         0 
 96867 Thread 36 - PartitionProcessorThre...2bc-a00d-5ac506556279-1-2 |  1256000 |   418000 |   513689551 |  16335466536 |         0 |      0 |  1605575716 |      0 |      0 |         0 
 96868 Thread 37 - PartitionProcessorThre...2bc-a00d-5ac506556279-1-3 |  1188000 |   441000 |   499260457 |  15896336422 |         0 |      0 |  1538074658 |      0 |      0 |         0 
 96869 Thread 38 - PartitionProcessorThre...2bc-a00d-5ac506556279-1-4 |  1195000 |   442000 |   502149602 |  15974720395 |      3072 |      0 |  1458184490 |      0 |      0 |         0 
 96870 Thread 39 - PartitionProcessorThre...2bc-a00d-5ac506556279-1-5 |  1234000 |   514000 |   535613406 |  17057546446 |         0 |      0 |  1358427424 |      0 |      0 |         0 
 96871 Thread 40 - PartitionProcessorThre...2bc-a00d-5ac506556279-1-6 |  1254000 |   449000 |   522715762 |  16618181504 |         0 |      0 |  1345850775 |      0 |      0 |         0 
 96872 Thread 41 - PartitionProcessorThre...2bc-a00d-5ac506556279-1-7 |  1288000 |   460000 |   535020012 |  17057168426 |         0 |      0 |  1452958068 |      0 |      0 |         0 
 96873 Thread 42 - PartitionProcessorThre...2bc-a00d-5ac506556279-1-8 |  1220000 |   448000 |   510859477 |  16276508028 |         0 |      0 |  1508413956 |      0 |      0 |         0 
 96874 Thread 43 - PartitionProcessorThre...2bc-a00d-5ac506556279-1-9 |  1289000 |   453000 |   532976195 |  16997787379 |         0 |      0 |  1707781946 |      0 |      0 |         0 
 96875 Thread 44 - PartitionProcessorThre...bc-a00d-5ac506556279-1-10 |  1238000 |   441000 |   514637797 |  16384085692 |         0 |      0 |  1554874336 |      0 |      0 |         0 
 96876 Thread 45 - PartitionProcessorThre...bc-a00d-5ac506556279-1-11 |  1278000 |   460000 |   532175656 |  16960135180 |         0 |      0 |  1611235054 |      0 |      0 |         0 
 96877 Thread 46 - PartitionProcessorThre...bc-a00d-5ac506556279-1-12 |  1291000 |   458000 |   535002765 |  17066672793 |         0 |      0 |  1385978684 |      0 |      0 |         0 
 96878 Thread 47 - PartitionProcessorThre...bc-a00d-5ac506556279-1-13 |  1311000 |   428000 |   533452859 |  16969673453 |         0 |      0 |  1635631202 |      0 |      0 |         0 
 96879 Thread 48 - PartitionProcessorThre...bc-a00d-5ac506556279-1-14 |  1172000 |   472000 |   503852164 |  16042654907 |         0 |      0 |  1543098346 |      0 |      0 |         0 
 96880 Thread 49 - PartitionProcessorThre...bc-a00d-5ac506556279-1-15 |  1257000 |   470000 |   528824449 |  16852016223 |         0 |      0 |  1474172733 |      0 |      0 |         0 
 96881 Thread 50 - PartitionProcessorThre...bc-a00d-5ac506556279-1-16 |  1266000 |   438000 |   521293727 |  16628514301 |         0 |      0 |  1457059911 |      0 |      0 |         0 
 96882 Thread 51 - PartitionProcessorThre...bc-a00d-5ac506556279-1-17 |  1192000 |   498000 |   517622809 |  16491093739 |         0 |      0 |  1555116347 |      0 |      0 |         0 
 96883 Thread 52 - PartitionProcessorThre...bc-a00d-5ac506556279-1-18 |  1305000 |   468000 |   543887797 |  17301535567 |         0 |      0 |  1462772686 |      0 |      0 |         0 
 96884 Thread 53 - PartitionProcessorThre...bc-a00d-5ac506556279-1-19 |  1304000 |   486000 |   548155023 |  17466833067 |         0 |      0 |  1570895626 |      0 |      0 |         0 
 96885 Thread 54 - PartitionProcessorThre...2bc-a00d-5ac506556279-0-0 |  1244000 |   450000 |   519956055 |  16529814989 |         0 |      0 |  1879481950 |      0 |      0 |         0 
 96886 Thread 55 - PartitionProcessorThre...2bc-a00d-5ac506556279-0-1 |  1264000 |   487000 |   537117695 |  17086366981 |         0 |      0 |  1636622924 |      0 |      0 |         0 
 96887 Thread 56 - PartitionProcessorThre...2bc-a00d-5ac506556279-0-2 |  1261000 |   483000 |   535122148 |  17017674649 |         0 |      0 |  1751243657 |      0 |      0 |         0 
 96888 Thread 57 - PartitionProcessorThre...2bc-a00d-5ac506556279-0-3 |  1274000 |   446000 |   528616609 |  16784432723 |         0 |      0 |  1648719626 |      0 |      0 |         0 
 96889 Thread 58 - PartitionProcessorThre...2bc-a00d-5ac506556279-0-4 |  1244000 |   447000 |   519620664 |  16501575243 |         0 |      0 |  1460906431 |      0 |      0 |         0 
 96890 Thread 59 - PartitionProcessorThre...2bc-a00d-5ac506556279-0-5 |  1252000 |   445000 |   521504277 |  16559752524 |         0 |      0 |  1629791649 |      0 |      0 |         0 
 96891 Thread 60 - PartitionProcessorThre...2bc-a00d-5ac506556279-0-6 |  1306000 |   499000 |   554915566 |  17613875309 |         0 |      0 |  1656644415 |      0 |      0 |         0 
 96892 Thread 61 - PartitionProcessorThre...2bc-a00d-5ac506556279-0-7 |  1339000 |   451000 |   549778621 |  17467826532 |         0 |      0 |  1524014135 |      0 |      0 |         0 
 96893 Thread 62 - PartitionProcessorThre...2bc-a00d-5ac506556279-0-8 |  1251000 |   477000 |   530323227 |  16862678219 |         0 |      0 |  1455128317 |      0 |      0 |         0 
 96894 Thread 63 - PartitionProcessorThre...2bc-a00d-5ac506556279-0-9 |  1243000 |   443000 |   517720019 |  16452760926 |         0 |      0 |  1535711621 |      0 |      0 |         0 
 96895 Thread 64 - PartitionProcessorThre...bc-a00d-5ac506556279-0-10 |  1225000 |   448000 |   514779547 |  16326386430 |         0 |      0 |  1479566218 |      0 |      0 |         0 
 96896 Thread 65 - PartitionProcessorThre...bc-a00d-5ac506556279-0-11 |  1257000 |   445000 |   522376844 |  16608591465 |         0 |      0 |  1272785240 |      0 |      0 |         0 
 96897 Thread 66 - PartitionProcessorThre...bc-a00d-5ac506556279-0-12 |  1270000 |   473000 |   534797629 |  17008455582 |         0 |      0 |  1567416176 |      0 |      0 |         0 
 96898 Thread 67 - PartitionProcessorThre...bc-a00d-5ac506556279-0-13 |  1263000 |   435000 |   520496477 |  16568790579 |         0 |      0 |  1643441173 |      0 |      0 |         0 
 96899 Thread 68 - PartitionProcessorThre...bc-a00d-5ac506556279-0-14 |  1314000 |   438000 |   538531816 |  17097483059 |         0 |      0 |  1430439067 |      0 |      0 |         0 
 96900 Thread 69 - PartitionProcessorThre...bc-a00d-5ac506556279-0-15 |  1205000 |   502000 |   525255211 |  16657607508 |         0 |      0 |  1536824457 |      0 |      0 |         0 
 96901 Thread 70 - PartitionProcessorThre...bc-a00d-5ac506556279-0-16 |  1240000 |   448000 |   517669031 |  16471706946 |         0 |      0 |  1357147976 |      0 |      0 |         0 
 96902 Thread 71 - PartitionProcessorThre...bc-a00d-5ac506556279-0-17 |  1227000 |   422000 |   506519723 |  16091400743 |         0 |      0 |  1425519582 |      0 |      0 |         0 
 96903 Thread 72 - PartitionProcessorThre...bc-a00d-5ac506556279-0-18 |  1245000 |   442000 |   518750223 |  16462691036 |         0 |      0 |  1611545882 |      0 |      0 |         0 
 96904 Thread 73 - PartitionProcessorThre...bc-a00d-5ac506556279-0-19 |  1218000 |   440000 |   509779535 |  16179480985 |         0 |      0 |  1635470044 |      0 |      0 |         0 
 97328 Thread 74 - process reaper                                     |     2000 |        0 |      671281 |     19571234 |      2048 |      0 |        2125 |      0 |      0 |         0 
 97334 Thread 75 - Attach Listener                                    |   378000 |    88000 |   145234542 |   4553972831 |   5304320 | 303104 |     1424614 |      0 |      0 |         0 
