                                 Task                                  |  utime   |  stime   |     rss     |     vmem     |   read    | write  |    d:cpu    | d:bio  | d:swap | d:reclaim 
 105036 Thread 1 - main                                                |   548000 |    88000 |    39130311 |   4826060771 |  21055488 |   1024 |     4501134 |      0 |      0 |         0 
 105058 Thread 2 - Reference Handler                                   |     7000 |        0 |      885136 |     56358230 |         0 |      0 |      767024 |      0 |      0 |         0 
 105059 Thread 3 - Finalizer                                           |     5000 |        0 |      495609 |     38768847 |      5120 |      0 |     1312898 |      0 |      0 |         0 
 105060 Thread 4 - Surrogate Locker Thread (Concurrent GC)             |        0 |        0 |           0 |            0 |         0 |      0 |      556624 |      0 |      0 |         0 
 105061 Thread 5 - Signal Dispatcher                                   |        0 |        0 |           0 |            0 |         0 |      0 |        1293 |      0 |      0 |         0 
 105071 Thread 11 - DecatonSubscriptionThread-decaton-benchmark        | 26393000 | 29379000 | 16484457287 | 542803783793 | 585923584 | 135168 | 16981771654 | 108491 |      0 |         0 
 105072 Thread 13 - kafka-coordinator-hear...hread | decaton-benchmark |   194000 |    50000 |    72380233 |   2376771804 |   5949440 |   5120 |    25562943 | 419293 |      0 |         0 
 105075 Thread 14 - PartitionProcessorThre...b10-b318-2c959d644453-1-0 |  1279000 |   391000 |   491763057 |  16281392231 |     58368 |      0 |  1507221087 |      0 |      0 |         0 
 105076 Thread 15 - PartitionProcessorThre...b10-b318-2c959d644453-1-1 |  1213000 |   426000 |   483964065 |  15982184383 |      3072 |      0 |  1398021393 |      0 |      0 |         0 
 105077 Thread 16 - PartitionProcessorThre...b10-b318-2c959d644453-1-2 |  1168000 |   404000 |   465270136 |  15334790723 |         0 |      0 |  1288952922 |      0 |      0 |         0 
 105078 Thread 17 - PartitionProcessorThre...b10-b318-2c959d644453-1-3 |  1177000 |   377000 |   457623605 |  15158190544 |         0 |      0 |  1234598797 |      0 |      0 |         0 
 105079 Thread 18 - PartitionProcessorThre...b10-b318-2c959d644453-1-4 |  1200000 |   424000 |   480329491 |  15839844446 |         0 |      0 |  1392048786 |      0 |      0 |         0 
 105080 Thread 19 - PartitionProcessorThre...b10-b318-2c959d644453-1-5 |  1237000 |   419000 |   491393210 |  16154588297 |         0 |      0 |  1488493186 |      0 |      0 |         0 
 105081 Thread 20 - PartitionProcessorThre...b10-b318-2c959d644453-1-6 |  1137000 |   365000 |   441540425 |  14643814911 |    117760 |      0 |  1396382033 |      0 |      0 |         0 
 105082 Thread 21 - PartitionProcessorThre...b10-b318-2c959d644453-1-7 |  1200000 |   398000 |   472304722 |  15586520786 |         0 |      0 |  1362415918 |      0 |      0 |         0 
 105083 Thread 22 - PartitionProcessorThre...b10-b318-2c959d644453-1-8 |  1190000 |   406000 |   471112234 |  15569218950 |         0 |      0 |  1306702551 |      0 |      0 |         0 
 105084 Thread 23 - PartitionProcessorThre...b10-b318-2c959d644453-1-9 |  1216000 |   392000 |   474538179 |  15679759243 |      2048 |      0 |  1460017375 |      0 |      0 |         0 
 105085 Thread 24 - PartitionProcessorThre...10-b318-2c959d644453-1-10 |  1212000 |   405000 |   478531468 |  15772906235 |         0 |      0 |  1287329064 |      0 |      0 |         0 
 105086 Thread 25 - PartitionProcessorThre...10-b318-2c959d644453-1-11 |  1277000 |   417000 |   503352796 |  16524936852 |         0 |      0 |  1400599367 |      0 |      0 |         0 
 105087 Thread 26 - PartitionProcessorThre...10-b318-2c959d644453-1-12 |  1228000 |   428000 |   491842979 |  16151496649 |         0 |      0 |  1535475054 |      0 |      0 |         0 
 105088 Thread 27 - PartitionProcessorThre...10-b318-2c959d644453-1-13 |  1212000 |   403000 |   478918706 |  15753806090 |         0 |      0 |  1475177641 |      0 |      0 |         0 
 105089 Thread 28 - PartitionProcessorThre...10-b318-2c959d644453-1-14 |  1230000 |   387000 |   479041132 |  15774539907 |         0 |      0 |  1477183343 |      0 |      0 |         0 
 105090 Thread 29 - PartitionProcessorThre...10-b318-2c959d644453-1-15 |  1183000 |   421000 |   475796112 |  15647671954 |         0 |      0 |  1466014630 |      0 |      0 |         0 
 105091 Thread 30 - PartitionProcessorThre...10-b318-2c959d644453-1-16 |  1221000 |   411000 |   481613776 |  15916672028 |     18432 |      0 |  1475012576 |      0 |      0 |         0 
 105092 Thread 31 - PartitionProcessorThre...10-b318-2c959d644453-1-17 |  1220000 |   405000 |   478051202 |  15847124649 |         0 |      0 |  1408274570 |      0 |      0 |         0 
 105093 Thread 32 - PartitionProcessorThre...10-b318-2c959d644453-1-18 |  1179000 |   417000 |   470827550 |  15567409883 |         0 |      0 |  1331313085 |      0 |      0 |         0 
 105094 Thread 33 - PartitionProcessorThre...10-b318-2c959d644453-1-19 |  1190000 |   382000 |   465376320 |  15333042036 |         0 |      0 |  1405492624 |      0 |      0 |         0 
 105095 Thread 34 - PartitionProcessorThre...b10-b318-2c959d644453-0-0 |  1153000 |   394000 |   460715363 |  15091114184 |         0 |      0 |  1176406756 |      0 |      0 |         0 
 105096 Thread 35 - PartitionProcessorThre...b10-b318-2c959d644453-0-1 |  1145000 |   445000 |   473469800 |  15510647926 |  10831872 |      0 |  1364580540 |      0 |      0 |         0 
 105097 Thread 36 - PartitionProcessorThre...b10-b318-2c959d644453-0-2 |  1225000 |   395000 |   481576011 |  15803858891 |         0 |      0 |  1394343950 |      0 |      0 |         0 
 105098 Thread 37 - PartitionProcessorThre...b10-b318-2c959d644453-0-3 |  1246000 |   407000 |   492638288 |  16125944399 |         0 |      0 |  1298143239 |      0 |      0 |         0 
 105099 Thread 38 - PartitionProcessorThre...b10-b318-2c959d644453-0-4 |  1245000 |   393000 |   486250995 |  15978856665 |         0 |      0 |  1342343940 |      0 |      0 |         0 
 105100 Thread 39 - PartitionProcessorThre...b10-b318-2c959d644453-0-5 |  1230000 |   425000 |   492764124 |  16145034719 |         0 |      0 |  1268871257 |      0 |      0 |         0 
 105101 Thread 40 - PartitionProcessorThre...b10-b318-2c959d644453-0-6 |  1178000 |   437000 |   479501151 |  15755045469 |         0 |      0 |  1341097142 |      0 |      0 |         0 
 105102 Thread 41 - PartitionProcessorThre...b10-b318-2c959d644453-0-7 |  1223000 |   409000 |   485638456 |  15920571981 |         0 |      0 |  1409603325 |      0 |      0 |         0 
 105103 Thread 42 - PartitionProcessorThre...b10-b318-2c959d644453-0-8 |  1192000 |   438000 |   485007390 |  15901449129 |      1024 |      0 |  1437968446 |      0 |      0 |         0 
 105104 Thread 43 - PartitionProcessorThre...b10-b318-2c959d644453-0-9 |  1083000 |   417000 |   445583824 |  14632932794 |         0 |      0 |  1299240885 |      0 |      0 |         0 
 105105 Thread 44 - PartitionProcessorThre...10-b318-2c959d644453-0-10 |  1180000 |   344000 |   453152589 |  14867127403 |         0 |      0 |  1403314104 |      0 |      0 |         0 
 105106 Thread 45 - PartitionProcessorThre...10-b318-2c959d644453-0-11 |  1131000 |   395000 |   452965906 |  14886819274 |         0 |      0 |  1309796242 |      0 |      0 |         0 
 105107 Thread 46 - PartitionProcessorThre...10-b318-2c959d644453-0-12 |  1090000 |   427000 |   450159374 |  14798648919 |         0 |      0 |  1349116713 |      0 |      0 |         0 
 105108 Thread 47 - PartitionProcessorThre...10-b318-2c959d644453-0-13 |  1194000 |   399000 |   473573886 |  15540458610 |         0 |      0 |  1418982817 |      0 |      0 |         0 
 105109 Thread 48 - PartitionProcessorThre...10-b318-2c959d644453-0-14 |  1139000 |   382000 |   452051386 |  14837877321 |         0 |      0 |  1302647279 |      0 |      0 |         0 
 105110 Thread 49 - PartitionProcessorThre...10-b318-2c959d644453-0-15 |  1175000 |   372000 |   460661773 |  15091872391 |         0 |      0 |  1265266781 |      0 |      0 |         0 
 105111 Thread 50 - PartitionProcessorThre...10-b318-2c959d644453-0-16 |  1196000 |   437000 |   486068702 |  15930846075 |         0 |      0 |  1263643168 |      0 |      0 |         0 
 105112 Thread 51 - PartitionProcessorThre...10-b318-2c959d644453-0-17 |  1197000 |   401000 |   474724538 |  15589070094 |         0 |      0 |  1468410265 |      0 |      0 |         0 
 105113 Thread 52 - PartitionProcessorThre...10-b318-2c959d644453-0-18 |  1152000 |   402000 |   461703898 |  15160222598 |         0 |      0 |  1447129173 |      0 |      0 |         0 
 105114 Thread 53 - PartitionProcessorThre...10-b318-2c959d644453-0-19 |  1117000 |   384000 |   446575288 |  14643028587 |      3072 |      0 |  1364448414 |      0 |      0 |         0 
 105115 Thread 54 - PartitionProcessorThre...b10-b318-2c959d644453-2-0 |  1196000 |   416000 |   480224175 |  15725787946 |         0 |      0 |  1336627825 |      0 |      0 |         0 
 105116 Thread 55 - PartitionProcessorThre...b10-b318-2c959d644453-2-1 |  1144000 |   405000 |   461333058 |  15110999626 |         0 |      0 |  1388084153 |      0 |      0 |         0 
 105117 Thread 56 - PartitionProcessorThre...b10-b318-2c959d644453-2-2 |  1164000 |   377000 |   459442648 |  15033377606 |         0 |      0 |  1315751892 |      0 |      0 |         0 
 105118 Thread 57 - PartitionProcessorThre...b10-b318-2c959d644453-2-3 |  1118000 |   387000 |   448061238 |  14682032493 |         0 |      0 |  1249435025 |      0 |      0 |         0 
 105119 Thread 58 - PartitionProcessorThre...b10-b318-2c959d644453-2-4 |  1161000 |   417000 |   469275781 |  15393971583 |         0 |      0 |  1301326896 |      0 |      0 |         0 
 105120 Thread 59 - PartitionProcessorThre...b10-b318-2c959d644453-2-5 |  1152000 |   430000 |   471412839 |  15433188110 |         0 |      0 |  1158126959 |      0 |      0 |         0 
 105121 Thread 60 - PartitionProcessorThre...b10-b318-2c959d644453-2-6 |  1147000 |   389000 |   458058429 |  14984438118 |         0 |      0 |  1455194555 |      0 |      0 |         0 
 105122 Thread 61 - PartitionProcessorThre...b10-b318-2c959d644453-2-7 |  1198000 |   408000 |   479344831 |  15667504473 |         0 |      0 |  1452383533 |      0 |      0 |         0 
 105123 Thread 62 - PartitionProcessorThre...b10-b318-2c959d644453-2-8 |  1204000 |   412000 |   482281323 |  15765040528 |         0 |      0 |  1293177332 |      0 |      0 |         0 
 105124 Thread 63 - PartitionProcessorThre...b10-b318-2c959d644453-2-9 |  1269000 |   414000 |   501289858 |  16418269672 |         0 |      0 |  1471732503 |      0 |      0 |         0 
 105125 Thread 64 - PartitionProcessorThre...10-b318-2c959d644453-2-10 |  1221000 |   449000 |   496871991 |  16291751012 |         0 |      0 |  1275598168 |      0 |      0 |         0 
 105126 Thread 65 - PartitionProcessorThre...10-b318-2c959d644453-2-11 |  1122000 |   427000 |   461994120 |  15111745071 |         0 |      0 |  1303078245 |      0 |      0 |         0 
 105127 Thread 66 - PartitionProcessorThre...10-b318-2c959d644453-2-12 |  1209000 |   441000 |   492364894 |  16096645653 |         0 |      0 |  1494868814 |      0 |      0 |         0 
 105128 Thread 67 - PartitionProcessorThre...10-b318-2c959d644453-2-13 |  1202000 |   392000 |   475037019 |  15550272426 |         0 |      0 |  1407472552 |      0 |      0 |         0 
 105129 Thread 68 - PartitionProcessorThre...10-b318-2c959d644453-2-14 |  1167000 |   396000 |   466527859 |  15247577876 |         0 |      0 |  1294082385 |      0 |      0 |         0 
 105130 Thread 69 - PartitionProcessorThre...10-b318-2c959d644453-2-15 |  1191000 |   366000 |   463638152 |  15189312716 |         0 |      0 |  1330129509 |      0 |      0 |         0 
 105131 Thread 70 - PartitionProcessorThre...10-b318-2c959d644453-2-16 |  1166000 |   421000 |   473048320 |  15481971985 |         0 |      0 |  1252229406 |      0 |      0 |         0 
 105132 Thread 71 - PartitionProcessorThre...10-b318-2c959d644453-2-17 |  1084000 |   405000 |   443780953 |  14525655680 |         0 |      0 |  1157116607 |      0 |      0 |         0 
 105133 Thread 72 - PartitionProcessorThre...10-b318-2c959d644453-2-18 |  1212000 |   383000 |   475743191 |  15560008454 |         0 |      0 |  1212861403 |      0 |      0 |         0 
 105134 Thread 73 - PartitionProcessorThre...10-b318-2c959d644453-2-19 |  1115000 |   414000 |   455992245 |  14916278649 |         0 |      0 |  1248200681 |      0 |      0 |         0 
 105511 Thread 74 - process reaper                                     |     2000 |        0 |      625062 |     19571992 |      2048 |      0 |           0 |      0 |      0 |         0 
 105517 Thread 75 - Attach Listener                                    |   373000 |    94000 |   142256971 |   4563724003 |   5304320 | 137216 |      911926 |      0 |      0 |         0 
