                                 Task                                  |  utime   |  stime   |     rss     |     vmem     |   read    | write  |    d:cpu    | d:bio  | d:swap | d:reclaim 
 150792 Thread 1 - main                                                |   839000 |   160000 |    67124947 |   7678437580 |  34331648 |   1024 |     6454114 |      0 |      0 |         0 
 150814 Thread 2 - Reference Handler                                   |     8000 |     1000 |     1107933 |     75543796 |         0 |      0 |     1016971 |      0 |      0 |         0 
 150815 Thread 3 - Finalizer                                           |     6000 |     1000 |      853128 |     57637999 |      5120 |      0 |      376598 |      0 |      0 |         0 
 150816 Thread 4 - Surrogate Locker Thread (Concurrent GC)             |        0 |        0 |           0 |            0 |         0 |      0 |       20508 |      0 |      0 |         0 
 150817 Thread 5 - Signal Dispatcher                                   |        0 |     1000 |      304968 |      9757753 |         0 |      0 |       12934 |      0 |      0 |         0 
 150826 Thread 12 - RMI Scheduler(0)                                   |     3000 |        0 |      890062 |     29272593 |      4096 |      0 |        9645 |      0 |      0 |         0 
 150827 Thread 13 - RMI RenewClean-[10.231.182.152:37973]              |        0 |        0 |           0 |            0 |      1024 |      0 |        5473 |      0 |      0 |         0 
 150828 Thread 14 - GC Daemon                                          |        0 |        0 |           0 |            0 |         0 |      0 |           0 |      0 |      0 |         0 
 150830 Thread 15 - DecatonSubscriptionThread-decaton-benchmark        | 29433000 | 34408000 | 18933321730 | 622117191231 | 623259648 | 128000 | 21035959732 | 167125 |      0 |         0 
 150833 Thread 16 - kafka-coordinator-hear...hread | decaton-benchmark |   220000 |    46000 |    76608140 |   2582219796 |   7737344 |   5120 |    46927703 | 321808 |      0 |         0 
 150837 Thread 17 - PartitionProcessorThre...dd7-881a-152eeabe965c-0-0 |  1428000 |   446000 |   548670730 |  18260790929 |     34816 |      0 |  1908221766 |      0 |      0 |         0 
 150838 Thread 18 - PartitionProcessorThre...dd7-881a-152eeabe965c-0-1 |  1394000 |   468000 |   546532484 |  18146413964 |      6144 |      0 |  1915634530 |      0 |      0 |         0 
 150839 Thread 19 - PartitionProcessorThre...dd7-881a-152eeabe965c-0-2 |  1407000 |   428000 |   537050941 |  17886819203 |         0 |      0 |  1630659246 |      0 |      0 |         0 
 150840 Thread 20 - PartitionProcessorThre...dd7-881a-152eeabe965c-0-3 |  1549000 |   481000 |   592761613 |  19783559581 |      1024 |      0 |  1693992889 |      0 |      0 |         0 
 150841 Thread 21 - PartitionProcessorThre...dd7-881a-152eeabe965c-0-4 |  1441000 |   461000 |   559032762 |  18543998480 |         0 |      0 |  1922045301 |      0 |      0 |         0 
 150842 Thread 22 - PartitionProcessorThre...dd7-881a-152eeabe965c-0-5 |  1434000 |   509000 |   573408777 |  18947994320 |         0 |      0 |  1927112645 |      0 |      0 |         0 
 150843 Thread 23 - PartitionProcessorThre...dd7-881a-152eeabe965c-0-6 |  1488000 |   474000 |   576009000 |  19128418741 |         0 |      0 |  1786884246 |      0 |      0 |         0 
 150844 Thread 24 - PartitionProcessorThre...dd7-881a-152eeabe965c-0-7 |  1538000 |   493000 |   598263504 |  19804573163 |         0 |      0 |  1919515075 |      0 |      0 |         0 
 150845 Thread 25 - PartitionProcessorThre...dd7-881a-152eeabe965c-0-8 |  1540000 |   508000 |   602998426 |  19973564612 |         0 |      0 |  1939757350 |      0 |      0 |         0 
 150846 Thread 26 - PartitionProcessorThre...dd7-881a-152eeabe965c-0-9 |  1483000 |   498000 |   584033715 |  19320114601 |         0 |      0 |  1719320098 |      0 |      0 |         0 
 150847 Thread 27 - PartitionProcessorThre...d7-881a-152eeabe965c-0-10 |  1467000 |   505000 |   579917699 |  19228593511 |         0 |      0 |  1591061521 |      0 |      0 |         0 
 150848 Thread 28 - PartitionProcessorThre...d7-881a-152eeabe965c-0-11 |  1502000 |   491000 |   585570066 |  19432465558 |         0 |      0 |  1718568669 |      0 |      0 |         0 
 150849 Thread 29 - PartitionProcessorThre...d7-881a-152eeabe965c-0-12 |  1547000 |   477000 |   593991523 |  19736143444 |         0 |      0 |  1536132133 |      0 |      0 |         0 
 150850 Thread 30 - PartitionProcessorThre...d7-881a-152eeabe965c-0-13 |  1449000 |   475000 |   562373726 |  18755137288 |         0 |      0 |  1714269812 |      0 |      0 |         0 
 150851 Thread 31 - PartitionProcessorThre...d7-881a-152eeabe965c-0-14 |  1474000 |   460000 |   566395765 |  18859417800 |         0 |      0 |  1728908887 |      0 |      0 |         0 
 150852 Thread 32 - PartitionProcessorThre...d7-881a-152eeabe965c-0-15 |  1475000 |   495000 |   579918023 |  19213566249 |         0 |      0 |  1883159755 |      0 |      0 |         0 
 150853 Thread 33 - PartitionProcessorThre...d7-881a-152eeabe965c-0-16 |  1439000 |   444000 |   553549410 |  18364403558 |         0 |      0 |  1784085505 |      0 |      0 |         0 
 150854 Thread 34 - PartitionProcessorThre...d7-881a-152eeabe965c-0-17 |  1572000 |   426000 |   587392328 |  19486490620 |      1024 |      0 |  1955534575 |      0 |      0 |         0 
 150855 Thread 35 - PartitionProcessorThre...d7-881a-152eeabe965c-0-18 |  1501000 |   525000 |   593818554 |  19752745011 |         0 |      0 |  1824386494 |      0 |      0 |         0 
 150856 Thread 36 - PartitionProcessorThre...d7-881a-152eeabe965c-0-19 |  1473000 |   459000 |   568288894 |  18841401757 |         0 |      0 |  1829051450 |      0 |      0 |         0 
 150857 Thread 37 - PartitionProcessorThre...dd7-881a-152eeabe965c-2-0 |  1480000 |   492000 |   586078711 |  19248458452 |         0 |      0 |  1632614640 |      0 |      0 |         0 
 150858 Thread 38 - PartitionProcessorThre...dd7-881a-152eeabe965c-2-1 |  1467000 |   505000 |   586151914 |  19248038886 |         0 |      0 |  1451780545 |      0 |      0 |         0 
 150859 Thread 39 - PartitionProcessorThre...dd7-881a-152eeabe965c-2-2 |  1443000 |   469000 |   568796840 |  18662956640 |         0 |      0 |  1840937883 |      0 |      0 |         0 
 150860 Thread 40 - PartitionProcessorThre...dd7-881a-152eeabe965c-2-3 |  1421000 |   471000 |   563272988 |  18467902437 |         0 |      0 |  1931160520 |      0 |      0 |         0 
 150861 Thread 41 - PartitionProcessorThre...dd7-881a-152eeabe965c-2-4 |  1459000 |   502000 |   583056617 |  19140102120 |         0 |      0 |  1678375659 |      0 |      0 |         0 
 150862 Thread 42 - PartitionProcessorThre...dd7-881a-152eeabe965c-2-5 |  1571000 |   464000 |   603509387 |  19862356495 |      1024 |      0 |  1686403014 |      0 |      0 |         0 
 150863 Thread 43 - PartitionProcessorThre...dd7-881a-152eeabe965c-2-6 |  1419000 |   473000 |   562365109 |  18466924488 |         0 |      0 |  1693818505 |      0 |      0 |         0 
 150864 Thread 44 - PartitionProcessorThre...dd7-881a-152eeabe965c-2-7 |  1384000 |   451000 |   545657012 |  17911319863 |         0 |      0 |  1839853819 |      0 |      0 |         0 
 150865 Thread 45 - PartitionProcessorThre...dd7-881a-152eeabe965c-2-8 |  1463000 |   470000 |   573540836 |  18867514409 |         0 |      0 |  1734247591 |      0 |      0 |         0 
 150866 Thread 46 - PartitionProcessorThre...dd7-881a-152eeabe965c-2-9 |  1448000 |   450000 |   564393922 |  18526175671 |         0 |      0 |  1979669340 |      0 |      0 |         0 
 150867 Thread 47 - PartitionProcessorThre...d7-881a-152eeabe965c-2-10 |  1519000 |   516000 |   606515715 |  19863036667 |         0 |      0 |  1770448462 |      0 |      0 |         0 
 150868 Thread 48 - PartitionProcessorThre...d7-881a-152eeabe965c-2-11 |  1435000 |   461000 |   564767308 |  18506408554 |         0 |      0 |  1748016738 |      0 |      0 |         0 
 150869 Thread 49 - PartitionProcessorThre...d7-881a-152eeabe965c-2-12 |  1402000 |   480000 |   560381465 |  18370170824 |         0 |      0 |  1752564585 |      0 |      0 |         0 
 150870 Thread 50 - PartitionProcessorThre...d7-881a-152eeabe965c-2-13 |  1449000 |   507000 |   580498637 |  19090457909 |         0 |      0 |  1739830101 |      0 |      0 |         0 
 150871 Thread 51 - PartitionProcessorThre...d7-881a-152eeabe965c-2-14 |  1485000 |   461000 |   578872582 |  18994477363 |         0 |      0 |  1968507454 |      0 |      0 |         0 
 150872 Thread 52 - PartitionProcessorThre...d7-881a-152eeabe965c-2-15 |  1459000 |   478000 |   576724137 |  18906175488 |         0 |      0 |  1783873823 |      0 |      0 |         0 
 150873 Thread 53 - PartitionProcessorThre...d7-881a-152eeabe965c-2-16 |  1461000 |   498000 |   582987773 |  19121324573 |         0 |      0 |  1707598143 |      0 |      0 |         0 
 150874 Thread 54 - PartitionProcessorThre...d7-881a-152eeabe965c-2-17 |  1432000 |   488000 |   571018055 |  18741463206 |         0 |      0 |  1726950683 |      0 |      0 |         0 
 150875 Thread 55 - PartitionProcessorThre...d7-881a-152eeabe965c-2-18 |  1395000 |   467000 |   552831484 |  18174779472 |         0 |      0 |  1584240861 |      0 |      0 |         0 
 150876 Thread 56 - PartitionProcessorThre...d7-881a-152eeabe965c-2-19 |  1403000 |   470000 |   555811074 |  18282030234 |         0 |      0 |  1595324970 |      0 |      0 |         0 
 150877 Thread 57 - PartitionProcessorThre...dd7-881a-152eeabe965c-1-0 |  1420000 |   464000 |   561237434 |  18389595667 |         0 |      0 |  1745147257 |      0 |      0 |         0 
 150878 Thread 58 - PartitionProcessorThre...dd7-881a-152eeabe965c-1-1 |  1412000 |   482000 |   565167402 |  18487408734 |         0 |      0 |  1696505320 |      0 |      0 |         0 
 150879 Thread 59 - PartitionProcessorThre...dd7-881a-152eeabe965c-1-2 |  1402000 |   482000 |   561609391 |  18389158617 |         0 |      0 |  1871487222 |      0 |      0 |         0 
 150880 Thread 60 - PartitionProcessorThre...dd7-881a-152eeabe965c-1-3 |  1365000 |   473000 |   548804289 |  17940227171 |         0 |      0 |  1567831586 |      0 |      0 |         0 
 150881 Thread 61 - PartitionProcessorThre...dd7-881a-152eeabe965c-1-4 |  1406000 |   473000 |   561478180 |  18340139499 |         0 |      0 |  1749338302 |      0 |      0 |         0 
 150882 Thread 62 - PartitionProcessorThre...dd7-881a-152eeabe965c-1-5 |  1506000 |   423000 |   576172727 |  18828385855 |         0 |      0 |  1810116145 |      0 |      0 |         0 
 150883 Thread 63 - PartitionProcessorThre...dd7-881a-152eeabe965c-1-6 |  1400000 |   478000 |   560962332 |  18330979913 |         0 |      0 |  1813705622 |      0 |      0 |         0 
 150884 Thread 64 - PartitionProcessorThre...dd7-881a-152eeabe965c-1-7 |  1435000 |   442000 |   559627359 |  18321186144 |         0 |      0 |  1822147086 |      0 |      0 |         0 
 150885 Thread 65 - PartitionProcessorThre...dd7-881a-152eeabe965c-1-8 |  1418000 |   461000 |   561816441 |  18341235843 |         0 |      0 |  1752819474 |      0 |      0 |         0 
 150886 Thread 66 - PartitionProcessorThre...dd7-881a-152eeabe965c-1-9 |  1397000 |   468000 |   558612633 |  18204880367 |         0 |      0 |  1666541264 |      0 |      0 |         0 
 150887 Thread 67 - PartitionProcessorThre...d7-881a-152eeabe965c-1-10 |  1486000 |   468000 |   584300601 |  19073877148 |         0 |      0 |  1979182098 |      0 |      0 |         0 
 150888 Thread 68 - PartitionProcessorThre...d7-881a-152eeabe965c-1-11 |  1479000 |   469000 |   581191910 |  19014169663 |         0 |      0 |  1755455434 |      0 |      0 |         0 
 150889 Thread 69 - PartitionProcessorThre...d7-881a-152eeabe965c-1-12 |  1469000 |   480000 |   582694801 |  19024560183 |         0 |      0 |  1994123800 |      0 |      0 |         0 
 150890 Thread 70 - PartitionProcessorThre...d7-881a-152eeabe965c-1-13 |  1508000 |   496000 |   597489797 |  19561354499 |         0 |      0 |  1904128454 |      0 |      0 |         0 
 150891 Thread 71 - PartitionProcessorThre...d7-881a-152eeabe965c-1-14 |  1466000 |   475000 |   580549492 |  18946762667 |         0 |      0 |  1884377844 |      0 |      0 |         0 
 150892 Thread 72 - PartitionProcessorThre...d7-881a-152eeabe965c-1-15 |  1443000 |   438000 |   561235063 |  18360224714 |         0 |      0 |  1856533782 |      0 |      0 |         0 
 150893 Thread 73 - PartitionProcessorThre...d7-881a-152eeabe965c-1-16 |  1455000 |   482000 |   578461000 |  18907231937 |         0 |      0 |  1754867838 |      0 |      0 |         0 
 150894 Thread 74 - PartitionProcessorThre...d7-881a-152eeabe965c-1-17 |  1467000 |   433000 |   566098871 |  18545583917 |         0 |      0 |  1624066539 |      0 |      0 |         0 
 150895 Thread 75 - PartitionProcessorThre...d7-881a-152eeabe965c-1-18 |  1371000 |   460000 |   546925957 |  17872293847 |         0 |      0 |  1772040174 |      0 |      0 |         0 
 150896 Thread 76 - PartitionProcessorThre...d7-881a-152eeabe965c-1-19 |  1397000 |   496000 |   565455184 |  18477197249 |         0 |      0 |  1734386929 |      0 |      0 |         0 
 151198 Thread 77 - process reaper                                     |     1000 |     2000 |      929648 |     29366226 |         0 |      0 |      513457 |      0 |      0 |         0 
 151204 Thread 78 - Attach Listener                                    |   444000 |   114000 |   171306956 |   5454631893 |   5144576 | 217088 |     2487153 |      0 |      0 |         0 
