                                 Task                                 |  utime   |  stime   |     rss     |     vmem     |   read    | write  |    d:cpu    |  d:bio  | d:swap | d:reclaim 
 96964 Thread 1 - main                                                |   804000 |   167000 |    63707135 |   7453657415 |  34336768 |   1024 |     6414330 |       0 |      0 |         0 
 96986 Thread 2 - Reference Handler                                   |     5000 |        0 |      818761 |     42888796 |         0 |      0 |     2185278 |       0 |      0 |         0 
 96987 Thread 3 - Finalizer                                           |     5000 |     1000 |      449632 |     45779851 |      5120 |      0 |     1475016 |       0 |      0 |         0 
 96988 Thread 4 - Surrogate Locker Thread (Concurrent GC)             |        0 |        0 |           0 |            0 |         0 |      0 |        1905 |       0 |      0 |         0 
 96989 Thread 5 - Signal Dispatcher                                   |     1000 |        0 |      285355 |      9757757 |         0 |      0 |           0 |       0 |      0 |         0 
 96996 Thread 12 - RMI Scheduler(0)                                   |     2000 |        0 |      563699 |     19515070 |      4096 |      0 |       94713 |       0 |      0 |         0 
 96997 Thread 13 - RMI RenewClean-[10.231.182.152:45016]              |        0 |        0 |           0 |            0 |      1024 |      0 |        6203 |       0 |      0 |         0 
 96998 Thread 14 - GC Daemon                                          |        0 |        0 |           0 |            0 |         0 |      0 |           0 |       0 |      0 |         0 
 97000 Thread 15 - DecatonSubscriptionThread-decaton-benchmark        | 27827000 | 33701000 | 17256893481 | 599559917958 | 623787008 | 131072 | 21641664795 |  106212 |      0 |         0 
 97002 Thread 16 - kafka-coordinator-hear...hread | decaton-benchmark |   242000 |    55000 |    82239702 |   2888827015 |   7197696 |   5120 |    32496987 |  343904 |      0 |         0 
 97008 Thread 17 - PartitionProcessorThre...7ca-b088-70b4c3858165-0-0 |  1535000 |   445000 |   552674191 |  19293441835 |     34816 |      0 |  1609511012 |       0 |      0 |         0 
 97009 Thread 18 - PartitionProcessorThre...7ca-b088-70b4c3858165-0-1 |  1528000 |   505000 |   566852957 |  19825464268 |      3072 |      0 |  1546847293 |       0 |      0 |         0 
 97010 Thread 19 - PartitionProcessorThre...7ca-b088-70b4c3858165-0-2 |  1447000 |   473000 |   533885582 |  18715801217 |      1024 |      0 |  1806775320 |       0 |      0 |         0 
 97011 Thread 20 - PartitionProcessorThre...7ca-b088-70b4c3858165-0-3 |  1517000 |   441000 |   543091211 |  19093188479 |         0 |      0 |  1583729472 |       0 |      0 |         0 
 97012 Thread 21 - PartitionProcessorThre...7ca-b088-70b4c3858165-0-4 |  1469000 |   450000 |   534657391 |  18714433417 |      4096 |      0 |  1463528520 |       0 |      0 |         0 
 97013 Thread 22 - PartitionProcessorThre...7ca-b088-70b4c3858165-0-5 |  1509000 |   430000 |   539776234 |  18908642643 |         0 |      0 |  1647603753 |       0 |      0 |         0 
 97014 Thread 23 - PartitionProcessorThre...7ca-b088-70b4c3858165-0-6 |  1487000 |   467000 |   544637344 |  19056367503 |         0 |      0 |  1806246160 |       0 |      0 |         0 
 97015 Thread 24 - PartitionProcessorThre...7ca-b088-70b4c3858165-0-7 |  1464000 |   442000 |   532887746 |  18592195393 |         0 |      0 |  1644937601 |       0 |      0 |         0 
 97016 Thread 25 - PartitionProcessorThre...7ca-b088-70b4c3858165-0-8 |  1439000 |   450000 |   526634598 |  18422010401 |         0 |      0 |  1440981534 |       0 |      0 |         0 
 97017 Thread 26 - PartitionProcessorThre...7ca-b088-70b4c3858165-0-9 |  1435000 |   464000 |   528497071 |  18519853854 |         0 |      0 |  1612302807 |       0 |      0 |         0 
 97018 Thread 27 - PartitionProcessorThre...ca-b088-70b4c3858165-0-10 |  1483000 |   456000 |   541955090 |  18914187975 |         0 |      0 |  1659487362 |       0 |      0 |         0 
 97019 Thread 28 - PartitionProcessorThre...ca-b088-70b4c3858165-0-11 |  1518000 |   495000 |   561175055 |  19633032397 |         0 |      0 |  1740790244 |       0 |      0 |         0 
 97020 Thread 29 - PartitionProcessorThre...ca-b088-70b4c3858165-0-12 |  1449000 |   503000 |   542504953 |  19033695624 |         0 |      0 |  1608251335 |       0 |      0 |         0 
 97021 Thread 30 - PartitionProcessorThre...ca-b088-70b4c3858165-0-13 |  1471000 |   469000 |   539839528 |  18916943788 |         0 |      0 |  1573782893 |       0 |      0 |         0 
 97022 Thread 31 - PartitionProcessorThre...ca-b088-70b4c3858165-0-14 |  1497000 |   468000 |   548058539 |  19164160237 |         0 |      0 |  1496490944 |       0 |      0 |         0 
 97023 Thread 32 - PartitionProcessorThre...ca-b088-70b4c3858165-0-15 |  1496000 |   457000 |   543135695 |  19044413713 |         0 |      0 |  1746893734 |       0 |      0 |         0 
 97024 Thread 33 - PartitionProcessorThre...ca-b088-70b4c3858165-0-16 |  1457000 |   466000 |   536706887 |  18753043667 |         0 |      0 |  1777184067 |       0 |      0 |         0 
 97025 Thread 34 - PartitionProcessorThre...ca-b088-70b4c3858165-0-17 |  1437000 |   466000 |   533670883 |  18565624995 |         0 |      0 |  1689567193 |       0 |      0 |         0 
 97026 Thread 35 - PartitionProcessorThre...ca-b088-70b4c3858165-0-18 |  1517000 |   440000 |   546541438 |  19087486026 |         0 |      0 |  1651254621 |       0 |      0 |         0 
 97027 Thread 36 - PartitionProcessorThre...ca-b088-70b4c3858165-0-19 |  1426000 |   441000 |   522351528 |  18209021362 |         0 |      0 |  1649094430 |       0 |      0 |         0 
 97028 Thread 37 - PartitionProcessorThre...7ca-b088-70b4c3858165-1-0 |  1391000 |   454000 |   516768926 |  18008219526 |         0 |      0 |  1739050335 |       0 |      0 |         0 
 97029 Thread 38 - PartitionProcessorThre...7ca-b088-70b4c3858165-1-1 |  1402000 |   467000 |   526004149 |  18243128674 |      1024 |      0 |  1739221044 |       0 |      0 |         0 
 97030 Thread 39 - PartitionProcessorThre...7ca-b088-70b4c3858165-1-2 |  1402000 |   475000 |   528611715 |  18320635385 |         0 |      0 |  1641740222 |       0 |      0 |         0 
 97031 Thread 40 - PartitionProcessorThre...7ca-b088-70b4c3858165-1-3 |  1375000 |   494000 |   526585992 |  18242740823 |         0 |      0 |  1532355910 | 1230978 |      0 |         0 
 97032 Thread 41 - PartitionProcessorThre...7ca-b088-70b4c3858165-1-4 |  1449000 |   496000 |   547649965 |  18985499510 |         0 |      0 |  1603616103 |       0 |      0 |         0 
 97033 Thread 42 - PartitionProcessorThre...7ca-b088-70b4c3858165-1-5 |  1451000 |   499000 |   548976324 |  19033778866 |         0 |      0 |  1657141846 |       0 |      0 |         0 
 97034 Thread 43 - PartitionProcessorThre...7ca-b088-70b4c3858165-1-6 |  1434000 |   442000 |   527958453 |  18310678073 |         0 |      0 |  1557011108 |       0 |      0 |         0 
 97035 Thread 44 - PartitionProcessorThre...7ca-b088-70b4c3858165-1-7 |  1454000 |   473000 |   541656758 |  18808732342 |         0 |      0 |  1641673573 |       0 |      0 |         0 
 97036 Thread 45 - PartitionProcessorThre...7ca-b088-70b4c3858165-1-8 |  1463000 |   471000 |   543071020 |  18876918276 |         0 |      0 |  1660180527 |       0 |      0 |         0 
 97037 Thread 46 - PartitionProcessorThre...7ca-b088-70b4c3858165-1-9 |  1410000 |   475000 |   529019645 |  18398616073 |         0 |      0 |  1648852269 |       0 |      0 |         0 
 97038 Thread 47 - PartitionProcessorThre...ca-b088-70b4c3858165-1-10 |  1489000 |   473000 |   550979692 |  19150311866 |         0 |      0 |  1628405183 |       0 |      0 |         0 
 97039 Thread 48 - PartitionProcessorThre...ca-b088-70b4c3858165-1-11 |  1460000 |   466000 |   542308207 |  18799190092 |         0 |      0 |  1827120040 |       0 |      0 |         0 
 97040 Thread 49 - PartitionProcessorThre...ca-b088-70b4c3858165-1-12 |  1472000 |   494000 |   552209793 |  19190020436 |         0 |      0 |  1702761489 |       0 |      0 |         0 
 97041 Thread 50 - PartitionProcessorThre...ca-b088-70b4c3858165-1-13 |  1390000 |   461000 |   520920239 |  18067178745 |         0 |      0 |  1763864818 |       0 |      0 |         0 
 97042 Thread 51 - PartitionProcessorThre...ca-b088-70b4c3858165-1-14 |  1358000 |   427000 |   500958118 |  17422445682 |         0 |      0 |  1611939902 |       0 |      0 |         0 
 97043 Thread 52 - PartitionProcessorThre...ca-b088-70b4c3858165-1-15 |  1446000 |   481000 |   541014914 |  18808269737 |         0 |      0 |  1653571000 |       0 |      0 |         0 
 97044 Thread 53 - PartitionProcessorThre...ca-b088-70b4c3858165-1-16 |  1408000 |   471000 |   527115664 |  18341156487 |         0 |      0 |  1623755477 |       0 |      0 |         0 
 97045 Thread 54 - PartitionProcessorThre...ca-b088-70b4c3858165-1-17 |  1379000 |   490000 |   526324785 |  18242841393 |      1024 |      0 |  1723067659 |       0 |      0 |         0 
 97046 Thread 55 - PartitionProcessorThre...ca-b088-70b4c3858165-1-18 |  1349000 |   496000 |   517389696 |  18008651229 |         0 |      0 |  1585955043 |       0 |      0 |         0 
 97047 Thread 56 - PartitionProcessorThre...ca-b088-70b4c3858165-1-19 |  1486000 |   434000 |   540895289 |  18740965936 |         0 |      0 |  1801861240 |       0 |      0 |         0 
 97049 Thread 57 - PartitionProcessorThre...7ca-b088-70b4c3858165-2-0 |  1462000 |   481000 |   549762719 |  18965757214 |         0 |      0 |  1690388173 |       0 |      0 |         0 
 97050 Thread 58 - PartitionProcessorThre...7ca-b088-70b4c3858165-2-1 |  1435000 |   476000 |   539851324 |  18652548550 |         0 |      0 |  1558304354 |       0 |      0 |         0 
 97051 Thread 59 - PartitionProcessorThre...7ca-b088-70b4c3858165-2-2 |  1400000 |   436000 |   519202481 |  17921700952 |         0 |      0 |  1511927043 |       0 |      0 |         0 
 97052 Thread 60 - PartitionProcessorThre...7ca-b088-70b4c3858165-2-3 |  1401000 |   515000 |   542242586 |  18702863553 |         0 |      0 |  1683783022 |       0 |      0 |         0 
 97053 Thread 61 - PartitionProcessorThre...7ca-b088-70b4c3858165-2-4 |  1398000 |   480000 |   530296438 |  18330536839 |         0 |      0 |  1640014170 |       0 |      0 |         0 
 97054 Thread 62 - PartitionProcessorThre...7ca-b088-70b4c3858165-2-5 |  1368000 |   481000 |   522826918 |  18048129335 |         0 |      0 |  1658524681 |       0 |      0 |         0 
 97055 Thread 63 - PartitionProcessorThre...7ca-b088-70b4c3858165-2-6 |  1497000 |   450000 |   550488406 |  19004568878 |         0 |      0 |  1486977943 |       0 |      0 |         0 
 97056 Thread 64 - PartitionProcessorThre...7ca-b088-70b4c3858165-2-7 |  1412000 |   482000 |   536932473 |  18488293421 |         0 |      0 |  1606887653 |       0 |      0 |         0 
 97057 Thread 65 - PartitionProcessorThre...7ca-b088-70b4c3858165-2-8 |  1470000 |   482000 |   552703043 |  19053887139 |         0 |      0 |  1605007633 |       0 |      0 |         0 
 97058 Thread 66 - PartitionProcessorThre...7ca-b088-70b4c3858165-2-9 |  1358000 |   467000 |   516666836 |  17813462948 |         0 |      0 |  1622068163 |       0 |      0 |         0 
 97059 Thread 67 - PartitionProcessorThre...ca-b088-70b4c3858165-2-10 |  1370000 |   480000 |   522932762 |  18057800042 |         0 |      0 |  1646584859 |       0 |      0 |         0 
 97060 Thread 68 - PartitionProcessorThre...ca-b088-70b4c3858165-2-11 |  1356000 |   439000 |   507170664 |  17520019042 |         0 |      0 |  1523500847 |  370395 |      0 |         0 
 97061 Thread 69 - PartitionProcessorThre...ca-b088-70b4c3858165-2-12 |  1439000 |   486000 |   545296153 |  18790052132 |         0 |      0 |  1554746996 |       0 |      0 |         0 
 97062 Thread 70 - PartitionProcessorThre...ca-b088-70b4c3858165-2-13 |  1448000 |   431000 |   531332543 |  18340088948 |         0 |      0 |  1726303889 |       0 |      0 |         0 
 97063 Thread 71 - PartitionProcessorThre...ca-b088-70b4c3858165-2-14 |  1332000 |   480000 |   512394704 |  17686142811 |         0 |      0 |  1346457544 |       0 |      0 |         0 
 97064 Thread 72 - PartitionProcessorThre...ca-b088-70b4c3858165-2-15 |  1422000 |   477000 |   536530403 |  18535019167 |         0 |      0 |  1616012479 |       0 |      0 |         0 
 97065 Thread 73 - PartitionProcessorThre...ca-b088-70b4c3858165-2-16 |  1304000 |   527000 |   518184375 |  17871883315 |         0 |      0 |  1487132648 |       0 |      0 |         0 
 97066 Thread 74 - PartitionProcessorThre...ca-b088-70b4c3858165-2-17 |  1386000 |   470000 |   524414348 |  18115478374 |         0 |      0 |  1568749740 |       0 |      0 |         0 
 97067 Thread 75 - PartitionProcessorThre...ca-b088-70b4c3858165-2-18 |  1338000 |   480000 |   514519489 |  17745784421 |         0 |      0 |  1491659357 |       0 |      0 |         0 
 97068 Thread 76 - PartitionProcessorThre...ca-b088-70b4c3858165-2-19 |  1422000 |   462000 |   533813496 |  18390343538 |         0 |      0 |  1658371052 |       0 |      0 |         0 
 97378 Thread 77 - process reaper                                     |        0 |        0 |           0 |            0 |         0 |      0 |       20029 |       0 |      0 |         0 
 97383 Thread 78 - Attach Listener                                    |   426000 |    93000 |   149141166 |   5073129264 |   5144576 | 201728 |     1267260 |       0 |      0 |         0 
