                                 Task                                 |  utime   |  stime   |     rss     |     vmem     |   read    | write  |    d:cpu    | d:bio  | d:swap | d:reclaim 
 94703 Thread 1 - main                                                |   850000 |   161000 |    67153150 |   7762521177 |  34336768 |   1024 |     8565232 |      0 |      0 |         0 
 94725 Thread 2 - Reference Handler                                   |     7000 |        0 |      896496 |     58511992 |         0 |      0 |      679785 |      0 |      0 |         0 
 94726 Thread 3 - Finalizer                                           |     8000 |        0 |      798789 |     65294921 |      5120 |      0 |     1053330 |      0 |      0 |         0 
 94727 Thread 4 - Surrogate Locker Thread (Concurrent GC)             |        0 |     1000 |       26710 |      7163285 |         0 |      0 |     1774446 |      0 |      0 |         0 
 94728 Thread 5 - Signal Dispatcher                                   |        0 |        0 |           0 |            0 |         0 |      0 |           0 |      0 |      0 |         0 
 94738 Thread 12 - RMI Scheduler(0)                                   |     2000 |     1000 |      669246 |     27278320 |      4096 |      0 |      100465 |      0 |      0 |         0 
 94739 Thread 13 - RMI RenewClean-[10.231.182.152:40323]              |        0 |        0 |           0 |            0 |      1024 |      0 |       18319 |      0 |      0 |         0 
 94740 Thread 14 - GC Daemon                                          |        0 |     1000 |       83238 |      7893257 |         0 |      0 |           0 |      0 |      0 |         0 
 94742 Thread 15 - DecatonSubscriptionThread-decaton-benchmark        | 25797000 | 30453000 | 16786778899 | 547944472753 | 572739584 | 131072 | 18507569826 | 333615 |      0 |         0 
 94744 Thread 16 - kafka-coordinator-hear...hread | decaton-benchmark |   217000 |    43000 |    77436706 |   2534433308 |   6996992 |   5120 |    19264270 | 951787 |      0 |         0 
 94748 Thread 17 - PartitionProcessorThre...e38-b753-77ae66a8e810-2-0 |  1456000 |   397000 |   552569683 |  18068379108 |     38912 |      0 |  1850475504 |      0 |      0 |         0 
 94749 Thread 18 - PartitionProcessorThre...e38-b753-77ae66a8e810-2-1 |  1367000 |   416000 |   532027621 |  17390572854 |         0 |      0 |  1923701343 |      0 |      0 |         0 
 94750 Thread 19 - PartitionProcessorThre...e38-b753-77ae66a8e810-2-2 |  1349000 |   442000 |   533629465 |  17468734401 |         0 |      0 |  1710302947 |      0 |      0 |         0 
 94751 Thread 20 - PartitionProcessorThre...e38-b753-77ae66a8e810-2-3 |  1342000 |   419000 |   525822402 |  17176144124 |         0 |      0 |  1631952085 |      0 |      0 |         0 
 94752 Thread 21 - PartitionProcessorThre...e38-b753-77ae66a8e810-2-4 |  1359000 |   399000 |   524438121 |  17147138780 |      1024 |      0 |  1851934901 |      0 |      0 |         0 
 94753 Thread 22 - PartitionProcessorThre...e38-b753-77ae66a8e810-2-5 |  1377000 |   425000 |   538037480 |  17579296991 |         0 |      0 |  1851260654 |      0 |      0 |         0 
 94754 Thread 23 - PartitionProcessorThre...e38-b753-77ae66a8e810-2-6 |  1421000 |   386000 |   539353390 |  17627318358 |         0 |      0 |  1767556351 |      0 |      0 |         0 
 94755 Thread 24 - PartitionProcessorThre...e38-b753-77ae66a8e810-2-7 |  1434000 |   414000 |   551081664 |  18025801819 |         0 |      0 |  1597098182 |      0 |      0 |         0 
 94756 Thread 25 - PartitionProcessorThre...e38-b753-77ae66a8e810-2-8 |  1400000 |   435000 |   544691628 |  17895566347 |         0 |      0 |  1823623035 |      0 |      0 |         0 
 94757 Thread 26 - PartitionProcessorThre...e38-b753-77ae66a8e810-2-9 |  1435000 |   421000 |   553514601 |  18106314022 |         0 |      0 |  1672596990 |      0 |      0 |         0 
 94758 Thread 27 - PartitionProcessorThre...38-b753-77ae66a8e810-2-10 |  1366000 |   465000 |   546495285 |  17859422218 |         0 |      0 |  1783713282 |      0 |      0 |         0 
 94759 Thread 28 - PartitionProcessorThre...38-b753-77ae66a8e810-2-11 |  1391000 |   441000 |   547011066 |  17872568167 |         0 |      0 |  1836901336 |      0 |      0 |         0 
 94760 Thread 29 - PartitionProcessorThre...38-b753-77ae66a8e810-2-12 |  1392000 |   401000 |   532944980 |  17489045268 |         0 |      0 |  1591225063 |      0 |      0 |         0 
 94761 Thread 30 - PartitionProcessorThre...38-b753-77ae66a8e810-2-13 |  1401000 |   371000 |   529337293 |  17284551995 |      2048 |      0 |  1727225253 |      0 |      0 |         0 
 94762 Thread 31 - PartitionProcessorThre...38-b753-77ae66a8e810-2-14 |  1398000 |   392000 |   533732312 |  17461116940 |         0 |      0 |  1777856002 |      0 |      0 |         0 
 94763 Thread 32 - PartitionProcessorThre...38-b753-77ae66a8e810-2-15 |  1379000 |   415000 |   535567195 |  17502148886 |         0 |      0 |  1767061613 |      0 |      0 |         0 
 94764 Thread 33 - PartitionProcessorThre...38-b753-77ae66a8e810-2-16 |  1403000 |   377000 |   532037820 |  17366234995 |         0 |      0 |  2080466418 |      0 |      0 |         0 
 94765 Thread 34 - PartitionProcessorThre...38-b753-77ae66a8e810-2-17 |  1392000 |   458000 |   553784828 |  18051143776 |         0 |      0 |  1925003113 |      0 |      0 |         0 
 94766 Thread 35 - PartitionProcessorThre...38-b753-77ae66a8e810-2-18 |  1372000 |   433000 |   537760105 |  17606548686 |         0 |      0 |  1883385479 |      0 |      0 |         0 
 94767 Thread 36 - PartitionProcessorThre...38-b753-77ae66a8e810-2-19 |  1366000 |   451000 |   542708129 |  17726424358 |         0 |      0 |  1937588597 |      0 |      0 |         0 
 94768 Thread 37 - PartitionProcessorThre...e38-b753-77ae66a8e810-1-0 |  1438000 |   425000 |   554995152 |  18179197386 |         0 |      0 |  1789153618 |      0 |      0 |         0 
 94769 Thread 38 - PartitionProcessorThre...e38-b753-77ae66a8e810-1-1 |  1399000 |   416000 |   543285636 |  17711011132 |         0 |      0 |  1663052935 |      0 |      0 |         0 
 94770 Thread 39 - PartitionProcessorThre...e38-b753-77ae66a8e810-1-2 |  1517000 |   431000 |   584414585 |  19008679577 |         0 |      0 |  1865021485 |      0 |      0 |         0 
 94771 Thread 40 - PartitionProcessorThre...e38-b753-77ae66a8e810-1-3 |  1418000 |   467000 |   562425710 |  18393912612 |         0 |      0 |  1842996555 |      0 |      0 |         0 
 94772 Thread 41 - PartitionProcessorThre...e38-b753-77ae66a8e810-1-4 |  1361000 |   415000 |   529327867 |  17330352061 |         0 |      0 |  1722457899 |      0 |      0 |         0 
 94773 Thread 42 - PartitionProcessorThre...e38-b753-77ae66a8e810-1-5 |  1497000 |   456000 |   584657488 |  19057614065 |         0 |      0 |  1925697112 |      0 |      0 |         0 
 94774 Thread 43 - PartitionProcessorThre...e38-b753-77ae66a8e810-1-6 |  1413000 |   422000 |   547300355 |  17906206784 |         0 |      0 |  2027935198 |      0 |      0 |         0 
 94775 Thread 44 - PartitionProcessorThre...e38-b753-77ae66a8e810-1-7 |  1401000 |   407000 |   540866378 |  17642845932 |         0 |      0 |  1763631856 |      0 |      0 |         0 
 94776 Thread 45 - PartitionProcessorThre...e38-b753-77ae66a8e810-1-8 |  1301000 |   366000 |   497109664 |  16267004538 |         0 |      0 |  1820780677 |      0 |      0 |         0 
 94777 Thread 46 - PartitionProcessorThre...e38-b753-77ae66a8e810-1-9 |  1426000 |   431000 |   555350261 |  18121037788 |         0 |      0 |  1794534693 |      0 |      0 |         0 
 94778 Thread 47 - PartitionProcessorThre...38-b753-77ae66a8e810-1-10 |  1424000 |   399000 |   541849031 |  17789090085 |         0 |      0 |  1956884399 |      0 |      0 |         0 
 94779 Thread 48 - PartitionProcessorThre...38-b753-77ae66a8e810-1-11 |  1453000 |   424000 |   558772066 |  18315775264 |         0 |      0 |  1873332446 |      0 |      0 |         0 
 94780 Thread 49 - PartitionProcessorThre...38-b753-77ae66a8e810-1-12 |  1360000 |   421000 |   531972199 |  17378932311 |         0 |      0 |  1893195375 |      0 |      0 |         0 
 94781 Thread 50 - PartitionProcessorThre...38-b753-77ae66a8e810-1-13 |  1443000 |   406000 |   551226914 |  18042639667 |         0 |      0 |  1920633585 |      0 |      0 |         0 
 94782 Thread 51 - PartitionProcessorThre...38-b753-77ae66a8e810-1-14 |  1434000 |   418000 |   551954363 |  18072283593 |         0 |      0 |  1864480838 |      0 |      0 |         0 
 94783 Thread 52 - PartitionProcessorThre...38-b753-77ae66a8e810-1-15 |  1458000 |   456000 |   572241390 |  18676848300 |         0 |      0 |  1892603753 |      0 |      0 |         0 
 94784 Thread 53 - PartitionProcessorThre...38-b753-77ae66a8e810-1-16 |  1455000 |   466000 |   576140828 |  18745568225 |         0 |      0 |  1872178163 |      0 |      0 |         0 
 94785 Thread 54 - PartitionProcessorThre...38-b753-77ae66a8e810-1-17 |  1469000 |   399000 |   557041906 |  18228085452 |         0 |      0 |  1949299591 |      0 |      0 |         0 
 94786 Thread 55 - PartitionProcessorThre...38-b753-77ae66a8e810-1-18 |  1356000 |   420000 |   529067203 |  17330740624 |         0 |      0 |  1780608470 |      0 |      0 |         0 
 94787 Thread 56 - PartitionProcessorThre...38-b753-77ae66a8e810-1-19 |  1371000 |   419000 |   532927601 |  17466769222 |         0 |      0 |  1799631264 |      0 |      0 |         0 
 94788 Thread 57 - PartitionProcessorThre...e38-b753-77ae66a8e810-0-0 |  1384000 |   410000 |   536446593 |  17506384979 |         0 |      0 |  1855493899 |      0 |      0 |         0 
 94789 Thread 58 - PartitionProcessorThre...e38-b753-77ae66a8e810-0-1 |  1510000 |   480000 |   595068941 |  19419201620 |  10831872 |      0 |  1974897491 | 625923 |      0 |         0 
 94790 Thread 59 - PartitionProcessorThre...e38-b753-77ae66a8e810-0-2 |  1467000 |   454000 |   576746359 |  18746167913 |         0 |      0 |  1938363685 |      0 |      0 |         0 
 94791 Thread 60 - PartitionProcessorThre...e38-b753-77ae66a8e810-0-3 |  1541000 |   436000 |   591991808 |  19292276542 |         0 |      0 |  1982950658 |      0 |      0 |         0 
 94792 Thread 61 - PartitionProcessorThre...e38-b753-77ae66a8e810-0-4 |  1420000 |   427000 |   553858195 |  18023827679 |         0 |      0 |  1924805203 |      0 |      0 |         0 
 94793 Thread 62 - PartitionProcessorThre...e38-b753-77ae66a8e810-0-5 |  1442000 |   425000 |   559530929 |  18218686901 |      1024 |      0 |  2076674590 |      0 |      0 |         0 
 94794 Thread 63 - PartitionProcessorThre...e38-b753-77ae66a8e810-0-6 |  1409000 |   432000 |   553169390 |  17964543433 |         0 |      0 |  2020140732 |      0 |      0 |         0 
 94795 Thread 64 - PartitionProcessorThre...e38-b753-77ae66a8e810-0-7 |  1427000 |   436000 |   558622261 |  18179733292 |         0 |      0 |  1941025306 |      0 |      0 |         0 
 94796 Thread 65 - PartitionProcessorThre...e38-b753-77ae66a8e810-0-8 |  1353000 |   431000 |   535580109 |  17409105030 |         0 |      0 |  1774514307 |      0 |      0 |         0 
 94797 Thread 66 - PartitionProcessorThre...e38-b753-77ae66a8e810-0-9 |  1386000 |   429000 |   544299632 |  17711146558 |         0 |      0 |  1809215115 |      0 |      0 |         0 
 94798 Thread 67 - PartitionProcessorThre...38-b753-77ae66a8e810-0-10 |  1412000 |   438000 |   554330097 |  18053090186 |         0 |      0 |  1951683783 |      0 |      0 |         0 
 94799 Thread 68 - PartitionProcessorThre...38-b753-77ae66a8e810-0-11 |  1479000 |   445000 |   576210558 |  18775210206 |         0 |      0 |  1833386266 |      0 |      0 |         0 
 94800 Thread 69 - PartitionProcessorThre...38-b753-77ae66a8e810-0-12 |  1356000 |   408000 |   527792195 |  17213546987 |         0 |      0 |  1822438058 |      0 |      0 |         0 
 94801 Thread 70 - PartitionProcessorThre...38-b753-77ae66a8e810-0-13 |  1356000 |   453000 |   544008703 |  17652701499 |         0 |      0 |  1760173614 |      0 |      0 |         0 
 94802 Thread 71 - PartitionProcessorThre...38-b753-77ae66a8e810-0-14 |  1395000 |   439000 |   551064828 |  17896789397 |         0 |      0 |  1853504975 |      0 |      0 |         0 
 94803 Thread 72 - PartitionProcessorThre...38-b753-77ae66a8e810-0-15 |  1468000 |   498000 |   588078363 |  19184974362 |         0 |      0 |  1773214569 |      0 |      0 |         0 
 94804 Thread 73 - PartitionProcessorThre...38-b753-77ae66a8e810-0-16 |  1497000 |   430000 |   577858781 |  18804614733 |         0 |      0 |  1836208562 |      0 |      0 |         0 
 94805 Thread 74 - PartitionProcessorThre...38-b753-77ae66a8e810-0-17 |  1362000 |   441000 |   540198800 |  17594554475 |         0 |      0 |  1804121650 |      0 |      0 |         0 
 94806 Thread 75 - PartitionProcessorThre...38-b753-77ae66a8e810-0-18 |  1413000 |   426000 |   551393246 |  17945894393 |         0 |      0 |  1932869229 |      0 |      0 |         0 
 94807 Thread 76 - PartitionProcessorThre...38-b753-77ae66a8e810-0-19 |  1389000 |   421000 |   544683863 |  17662553257 |         0 |      0 |  1795023451 |      0 |      0 |         0 
 95096 Thread 77 - process reaper                                     |     2000 |     1000 |      947394 |     29336242 |         0 |      0 |      133222 |      0 |      0 |         0 
 95101 Thread 78 - Attach Listener                                    |   430000 |    92000 |   164216444 |   5103462127 |   5144576 | 110592 |     3552763 |      0 |      0 |         0 
