                                 Task                                 |  utime   |  stime   |     rss     |     vmem     |   read    | write  |    d:cpu    | d:bio  | d:swap | d:reclaim 
 91857 Thread 1 - main                                                |   966000 |   112000 |    74473127 |   7598764606 |  14848000 |   1024 |    12371242 |      0 |      0 |         0 
 91864 Thread 2 - Reference Handler                                   |        0 |        0 |           0 |            0 |         0 |      0 |       19532 |      0 |      0 |         0 
 91865 Thread 3 - Finalizer                                           |        0 |        0 |           0 |            0 |      5120 |      0 |        8406 |      0 |      0 |         0 
 91866 Thread 4 - Signal Dispatcher                                   |        0 |     1000 |      423589 |      9886957 |         0 |      0 |        4483 |      0 |      0 |         0 
 91872 Thread 11 - Common-Cleaner                                     |     1000 |        0 |       24582 |      6768882 |         0 |      0 |     1216581 |      0 |      0 |         0 
 91878 Thread 13 - RMI Scheduler(0)                                   |     3000 |        0 |     1267054 |     29660472 |      1024 |      0 |     2049451 |      0 |      0 |         0 
 91884 Thread 14 - RMI RenewClean-[10.231.182.152:39325]              |     2000 |        0 |      170578 |     14875023 |         0 |      0 |           0 |      0 |      0 |         0 
 91885 Thread 15 - RMI GC Daemon                                      |        0 |     1000 |       82359 |      7437511 |         0 |      0 |        7782 |      0 |      0 |         0 
 91889 Thread 16 - DecatonSubscriptionThread-decaton-benchmark        | 22583000 | 31598000 | 22101374592 | 534478411286 | 574015488 | 113664 | 12184130952 | 158301 |      0 |         0 
 91891 Thread 17 - kafka-coordinator-hear...hread | decaton-benchmark |   248000 |    34000 |   113070644 |   2776197819 |   5149696 |   6144 |    24001100 | 325522 |      0 |         0 
 91896 Thread 18 - PartitionProcessorThre...b6d-8b89-e2e821260066-2-0 |   957000 |   344000 |   525381360 |  12836986488 |     33792 |      0 |   895192063 |      0 |      0 |         0 
 91897 Thread 19 - PartitionProcessorThre...b6d-8b89-e2e821260066-2-1 |  1002000 |   380000 |   558165614 |  13641743472 |      8192 |      0 |   839836887 |      0 |      0 |         0 
 91898 Thread 20 - PartitionProcessorThre...b6d-8b89-e2e821260066-2-2 |  1044000 |   351000 |   567882907 |  13778380933 |         0 |      0 |   959267267 |      0 |      0 |         0 
 91899 Thread 21 - PartitionProcessorThre...b6d-8b89-e2e821260066-2-3 |   997000 |   363000 |   551357771 |  13430804261 |         0 |      0 |   847511461 |      0 |      0 |         0 
 91900 Thread 22 - PartitionProcessorThre...b6d-8b89-e2e821260066-2-4 |  1005000 |   367000 |   555282681 |  13543823867 |         0 |      0 |   949727386 |      0 |      0 |         0 
 91901 Thread 23 - PartitionProcessorThre...b6d-8b89-e2e821260066-2-5 |   989000 |   364000 |   550590396 |  13361757500 |      8192 |      0 |  1040789304 |      0 |      0 |         0 
 91902 Thread 24 - PartitionProcessorThre...b6d-8b89-e2e821260066-2-6 |   993000 |   382000 |   559577392 |  13583897464 |         0 |      0 |   968415652 |      0 |      0 |         0 
 91903 Thread 25 - PartitionProcessorThre...b6d-8b89-e2e821260066-2-7 |   950000 |   384000 |   541287478 |  13171819047 |         0 |      0 |   864892623 |      0 |      0 |         0 
 91904 Thread 26 - PartitionProcessorThre...b6d-8b89-e2e821260066-2-8 |  1039000 |   368000 |   569212763 |  13887605457 |         0 |      0 |   986108298 |      0 |      0 |         0 
 91905 Thread 27 - PartitionProcessorThre...b6d-8b89-e2e821260066-2-9 |   988000 |   354000 |   541547853 |  13246233617 |      1024 |      0 |   900441393 |      0 |      0 |         0 
 91906 Thread 28 - PartitionProcessorThre...6d-8b89-e2e821260066-2-10 |   940000 |   343000 |   524240778 |  12673179078 |         0 |      0 |   961171589 |      0 |      0 |         0 
 91907 Thread 29 - PartitionProcessorThre...6d-8b89-e2e821260066-2-11 |   904000 |   352000 |   510972197 |  12405309762 |         0 |      0 |  1049739871 |      0 |      0 |         0 
 91908 Thread 30 - PartitionProcessorThre...6d-8b89-e2e821260066-2-12 |   993000 |   355000 |   546414560 |  13306228797 |         0 |      0 |   896083041 |      0 |      0 |         0 
 91909 Thread 31 - PartitionProcessorThre...6d-8b89-e2e821260066-2-13 |   975000 |   351000 |   536834497 |  13091213808 |      6144 |      0 |   808418580 |      0 |      0 |         0 
 91910 Thread 32 - PartitionProcessorThre...6d-8b89-e2e821260066-2-14 |  1057000 |   354000 |   572773450 |  13937060027 |         0 |      0 |  1015448298 |      0 |      0 |         0 
 91911 Thread 33 - PartitionProcessorThre...6d-8b89-e2e821260066-2-15 |   992000 |   359000 |   546104755 |  13333824383 |         0 |      0 |   895401907 |      0 |      0 |         0 
 91912 Thread 34 - PartitionProcessorThre...6d-8b89-e2e821260066-2-16 |   960000 |   318000 |   517759962 |  12618114684 |         0 |      0 |   978861898 |      0 |      0 |         0 
 91913 Thread 35 - PartitionProcessorThre...6d-8b89-e2e821260066-2-17 |   999000 |   368000 |   555069911 |  13500841246 |         0 |      0 |   918920540 |      0 |      0 |         0 
 91914 Thread 36 - PartitionProcessorThre...6d-8b89-e2e821260066-2-18 |   969000 |   383000 |   551842915 |  13353877808 |         0 |      0 |  1022152646 |      0 |      0 |         0 
 91915 Thread 37 - PartitionProcessorThre...6d-8b89-e2e821260066-2-19 |  1007000 |   342000 |   546961630 |  13320121984 |         0 |      0 |   977206933 |      0 |      0 |         0 
 91920 Thread 38 - PartitionProcessorThre...b6d-8b89-e2e821260066-1-0 |   988000 |   369000 |   553202302 |  13416157875 |         0 |      0 |   833720987 |      0 |      0 |         0 
 91921 Thread 39 - PartitionProcessorThre...b6d-8b89-e2e821260066-1-1 |   954000 |   346000 |   525190200 |  12852208094 |         0 |      0 |   773185406 |      0 |      0 |         0 
 91922 Thread 40 - PartitionProcessorThre...b6d-8b89-e2e821260066-1-2 |  1012000 |   353000 |   553897548 |  13495543738 |         0 |      0 |   848410850 |      0 |      0 |         0 
 91923 Thread 41 - PartitionProcessorThre...b6d-8b89-e2e821260066-1-3 |  1005000 |   362000 |   555070270 |  13515488117 |         0 |      0 |  1030107313 |      0 |      0 |         0 
 91924 Thread 42 - PartitionProcessorThre...b6d-8b89-e2e821260066-1-4 |  1045000 |   347000 |   564558270 |  13762558453 |         0 |      0 |  1089401913 |      0 |      0 |         0 
 91925 Thread 43 - PartitionProcessorThre...b6d-8b89-e2e821260066-1-5 |   982000 |   346000 |   535782958 |  13129731367 |         0 |      0 |   786128309 |      0 |      0 |         0 
 91926 Thread 44 - PartitionProcessorThre...b6d-8b89-e2e821260066-1-6 |  1021000 |   355000 |   560512161 |  13604507172 |         0 |      0 |   937175625 |      0 |      0 |         0 
 91927 Thread 45 - PartitionProcessorThre...b6d-8b89-e2e821260066-1-7 |   950000 |   355000 |   526959017 |  12902284031 |         0 |      0 |   843458323 |      0 |      0 |         0 
 91928 Thread 46 - PartitionProcessorThre...b6d-8b89-e2e821260066-1-8 |  1001000 |   358000 |   549186622 |  13436724000 |         0 |      0 |   747596047 |      0 |      0 |         0 
 91929 Thread 47 - PartitionProcessorThre...b6d-8b89-e2e821260066-1-9 |   990000 |   363000 |   547782950 |  13376949972 |         0 |      0 |   728218434 |      0 |      0 |         0 
 91930 Thread 48 - PartitionProcessorThre...6d-8b89-e2e821260066-1-10 |   953000 |   347000 |   525437735 |  12852758051 |         0 |      0 |   874712969 |      0 |      0 |         0 
 91931 Thread 49 - PartitionProcessorThre...6d-8b89-e2e821260066-1-11 |   946000 |   379000 |   538575415 |  13100395594 |         0 |      0 |   958796203 |      0 |      0 |         0 
 91932 Thread 50 - PartitionProcessorThre...6d-8b89-e2e821260066-1-12 |   997000 |   374000 |   553260485 |  13554994953 |         0 |      0 |   923995426 |      0 |      0 |         0 
 91933 Thread 51 - PartitionProcessorThre...6d-8b89-e2e821260066-1-13 |  1016000 |   338000 |   546885060 |  13386979101 |         0 |      0 |   750626959 |      0 |      0 |         0 
 91934 Thread 52 - PartitionProcessorThre...6d-8b89-e2e821260066-1-14 |   972000 |   323000 |   523102040 |  12803476016 |         0 |      0 |   902330862 |      0 |      0 |         0 
 91935 Thread 53 - PartitionProcessorThre...6d-8b89-e2e821260066-1-15 |   970000 |   366000 |   540102954 |  13208722554 |      1024 |      0 |   902323143 |      0 |      0 |         0 
 91936 Thread 54 - PartitionProcessorThre...6d-8b89-e2e821260066-1-16 |  1001000 |   332000 |   535123232 |  13178939855 |         0 |      0 |  1058551858 |      0 |      0 |         0 
 91937 Thread 55 - PartitionProcessorThre...6d-8b89-e2e821260066-1-17 |  1012000 |   345000 |   551132841 |  13416569363 |         0 |      0 |  1057402485 |      0 |      0 |         0 
 91938 Thread 56 - PartitionProcessorThre...6d-8b89-e2e821260066-1-18 |   993000 |   362000 |   548009583 |  13396724746 |         0 |      0 |  1113167738 |      0 |      0 |         0 
 91939 Thread 57 - PartitionProcessorThre...6d-8b89-e2e821260066-1-19 |   987000 |   373000 |   553728005 |  13446550586 |         0 |      0 |   896835113 |      0 |      0 |         0 
 91940 Thread 58 - PartitionProcessorThre...b6d-8b89-e2e821260066-0-0 |   907000 |   352000 |   515847193 |  12448124508 |         0 |      0 |   924573752 |      0 |      0 |         0 
 91941 Thread 59 - PartitionProcessorThre...b6d-8b89-e2e821260066-0-1 |   980000 |   358000 |   549641802 |  13229331883 |         0 |      0 |   850629594 |      0 |      0 |         0 
 91942 Thread 60 - PartitionProcessorThre...b6d-8b89-e2e821260066-0-2 |  1018000 |   382000 |   569258470 |  13842120906 |      8192 |      0 |   917505681 |      0 |      0 |         0 
 91943 Thread 61 - PartitionProcessorThre...b6d-8b89-e2e821260066-0-3 |   996000 |   363000 |   555483704 |  13436799027 |         0 |      0 |   886357790 |      0 |      0 |         0 
 91944 Thread 62 - PartitionProcessorThre...b6d-8b89-e2e821260066-0-4 |  1020000 |   361000 |   566270001 |  13654560933 |         0 |      0 |   763498259 |      0 |      0 |         0 
 91945 Thread 63 - PartitionProcessorThre...b6d-8b89-e2e821260066-0-5 |   971000 |   378000 |   554640142 |  13338206043 |         0 |      0 |  1116762240 |      0 |      0 |         0 
 91946 Thread 64 - PartitionProcessorThre...b6d-8b89-e2e821260066-0-6 |   938000 |   348000 |   527808427 |  12715141723 |         0 |      0 |   966551839 |      0 |      0 |         0 
 91947 Thread 65 - PartitionProcessorThre...b6d-8b89-e2e821260066-0-7 |   956000 |   345000 |   533678583 |  12863635051 |         0 |      0 |   936063081 |      0 |      0 |         0 
 91948 Thread 66 - PartitionProcessorThre...b6d-8b89-e2e821260066-0-8 |  1030000 |   351000 |   566954540 |  13654582113 |         0 |      0 |   992772472 |      0 |      0 |         0 
 91949 Thread 67 - PartitionProcessorThre...b6d-8b89-e2e821260066-0-9 |   981000 |   374000 |   553411067 |  13397212851 |         0 |      0 |   989069859 |      0 |      0 |         0 
 91950 Thread 68 - PartitionProcessorThre...6d-8b89-e2e821260066-0-10 |   986000 |   343000 |   544744126 |  13140260008 |         0 |      0 |   915751312 |      0 |      0 |         0 
 91951 Thread 69 - PartitionProcessorThre...6d-8b89-e2e821260066-0-11 |   968000 |   351000 |   539109599 |  13041534894 |         0 |      0 |   981238775 |      0 |      0 |         0 
 91952 Thread 70 - PartitionProcessorThre...6d-8b89-e2e821260066-0-12 |   948000 |   347000 |   532777611 |  12804165242 |         0 |      0 |   864300555 |      0 |      0 |         0 
 91953 Thread 71 - PartitionProcessorThre...6d-8b89-e2e821260066-0-13 |   916000 |   334000 |   512909888 |  12358991387 |         0 |      0 |  1016926072 |      0 |      0 |         0 
 91954 Thread 72 - PartitionProcessorThre...6d-8b89-e2e821260066-0-14 |   959000 |   393000 |   552139798 |  13367868215 |         0 |      0 |  1052859276 |      0 |      0 |         0 
 91955 Thread 73 - PartitionProcessorThre...6d-8b89-e2e821260066-0-15 |   903000 |   334000 |   506426388 |  12230892852 |         0 |      0 |   848041883 |      0 |      0 |         0 
 91956 Thread 74 - PartitionProcessorThre...6d-8b89-e2e821260066-0-16 |   954000 |   354000 |   539269642 |  12932676207 |         0 |      0 |   942806765 |      0 |      0 |         0 
 91957 Thread 75 - PartitionProcessorThre...6d-8b89-e2e821260066-0-17 |   892000 |   379000 |   520424712 |  12566863973 |         0 |      0 |   817425025 |      0 |      0 |         0 
 91958 Thread 76 - PartitionProcessorThre...6d-8b89-e2e821260066-0-18 |   974000 |   331000 |   533868423 |  12903225547 |         0 |      0 |   741371176 |      0 |      0 |         0 
 91959 Thread 77 - PartitionProcessorThre...6d-8b89-e2e821260066-0-19 |   945000 |   369000 |   539155786 |  12992046976 |         0 |      0 |  1052881771 |      0 |      0 |         0 
 92449 Thread 78 - process reaper                                     |        0 |     4000 |     1734148 |     39636156 |      1024 |      0 |       21058 |      0 |      0 |         0 
 92452 Thread 79 - Attach Listener                                    |   109000 |   100000 |    89908460 |   2071353640 |   4657152 | 142336 |      687849 |      0 |      0 |         0 
