                                Task                                 |  utime   |  stime   |     rss     |     vmem     |   read    | write  |    d:cpu    |  d:bio  | d:swap | d:reclaim 
 1430 Thread 1 - main                                                |   664000 |   128000 |    47002338 |   6003380385 |  21206016 |   1024 |     4965461 |       0 |      0 |         0 
 1452 Thread 2 - Reference Handler                                   |     8000 |        0 |      961015 |     64087421 |         0 |      0 |       24177 |       0 |      0 |         0 
 1453 Thread 3 - Finalizer                                           |     8000 |     1000 |      868835 |     70977343 |      5120 |      0 |     2941494 |       0 |      0 |         0 
 1454 Thread 4 - Surrogate Locker Thread (Concurrent GC)             |        0 |        0 |           0 |            0 |         0 |      0 |       15746 |       0 |      0 |         0 
 1455 Thread 5 - Signal Dispatcher                                   |        0 |     2000 |      315046 |     17046999 |         0 |      0 |       18364 |       0 |      0 |         0 
 1464 Thread 11 - DecatonSubscriptionThread-decaton-benchmark        | 28958000 | 31431000 | 17079965920 | 587872974745 | 586074112 | 148480 | 18355626377 |  282335 |      0 |         0 
 1466 Thread 13 - kafka-coordinator-hear...hread | decaton-benchmark |   271000 |    60000 |    93981678 |   3221790136 |   5633024 |   6144 |    24239914 |  791868 |      0 |         0 
 1470 Thread 14 - PartitionProcessorThre...b42-a1a8-9fa5d8127b1f-1-0 |  1344000 |   427000 |   498569851 |  17263673169 |     40960 |      0 |  1600951031 |       0 |      0 |         0 
 1471 Thread 15 - PartitionProcessorThre...b42-a1a8-9fa5d8127b1f-1-1 |  1321000 |   417000 |   489707945 |  16948095697 |     59392 |      0 |  1538258847 |       0 |      0 |         0 
 1472 Thread 16 - PartitionProcessorThre...b42-a1a8-9fa5d8127b1f-1-2 |  1254000 |   455000 |   484588996 |  16671480962 |         0 |      0 |  1622647549 |       0 |      0 |         0 
 1473 Thread 17 - PartitionProcessorThre...b42-a1a8-9fa5d8127b1f-1-3 |  1324000 |   435000 |   495487457 |  17157019036 |         0 |      0 |  1611921720 |       0 |      0 |         0 
 1474 Thread 18 - PartitionProcessorThre...b42-a1a8-9fa5d8127b1f-1-4 |  1267000 |   462000 |   491371613 |  16866167845 |         0 |      0 |  1756328298 |       0 |      0 |         0 
 1475 Thread 19 - PartitionProcessorThre...b42-a1a8-9fa5d8127b1f-1-5 |  1278000 |   396000 |   472597168 |  16327809091 |      1024 |      0 |  1419026405 |       0 |      0 |         0 
 1476 Thread 20 - PartitionProcessorThre...b42-a1a8-9fa5d8127b1f-1-6 |  1320000 |   411000 |   490133773 |  16885349466 |         0 |      0 |  1668678221 |       0 |      0 |         0 
 1477 Thread 21 - PartitionProcessorThre...b42-a1a8-9fa5d8127b1f-1-7 |  1236000 |   441000 |   473177929 |  16357275384 |         0 |      0 |  1432181098 |       0 |      0 |         0 
 1478 Thread 22 - PartitionProcessorThre...b42-a1a8-9fa5d8127b1f-1-8 |  1301000 |   434000 |   489108859 |  16922737872 |         0 |      0 |  1650351403 |       0 |      0 |         0 
 1479 Thread 23 - PartitionProcessorThre...b42-a1a8-9fa5d8127b1f-1-9 |  1255000 |   411000 |   471584019 |  16248363865 |     11264 |      0 |  1443078325 |       0 |      0 |         0 
 1480 Thread 24 - PartitionProcessorThre...42-a1a8-9fa5d8127b1f-1-10 |  1369000 |   435000 |   509363558 |  17595213911 |         0 |      0 |  1641196492 |       0 |      0 |         0 
 1481 Thread 25 - PartitionProcessorThre...42-a1a8-9fa5d8127b1f-1-11 |  1404000 |   440000 |   521418081 |  17985463173 |         0 |      0 |  1704271836 |       0 |      0 |         0 
 1482 Thread 26 - PartitionProcessorThre...42-a1a8-9fa5d8127b1f-1-12 |  1327000 |   434000 |   496760859 |  17178217462 |  10831872 |      0 |  1729811726 |       0 |      0 |         0 
 1483 Thread 27 - PartitionProcessorThre...42-a1a8-9fa5d8127b1f-1-13 |  1312000 |   400000 |   483152461 |  16698669650 |         0 |      0 |  1512018481 |       0 |      0 |         0 
 1484 Thread 28 - PartitionProcessorThre...42-a1a8-9fa5d8127b1f-1-14 |  1294000 |   417000 |   481985429 |  16687617978 |     64512 |      0 |  1523674421 |       0 |      0 |         0 
 1485 Thread 29 - PartitionProcessorThre...42-a1a8-9fa5d8127b1f-1-15 |  1338000 |   434000 |   498903617 |  17281110501 |         0 |      0 |  1869604316 |       0 |      0 |         0 
 1486 Thread 30 - PartitionProcessorThre...42-a1a8-9fa5d8127b1f-1-16 |  1258000 |   451000 |   485647273 |  16670508533 |         0 |      0 |  1454083850 |       0 |      0 |         0 
 1487 Thread 31 - PartitionProcessorThre...42-a1a8-9fa5d8127b1f-1-17 |  1323000 |   426000 |   494928781 |  17059512146 |         0 |      0 |  1613360187 |       0 |      0 |         0 
 1488 Thread 32 - PartitionProcessorThre...42-a1a8-9fa5d8127b1f-1-18 |  1395000 |   410000 |   509680355 |  17603668837 |     26624 |      0 |  1762398523 |       0 |      0 |         0 
 1490 Thread 33 - PartitionProcessorThre...42-a1a8-9fa5d8127b1f-1-19 |  1298000 |   406000 |   482080496 |  16621606740 |         0 |      0 |  1687053024 |       0 |      0 |         0 
 1491 Thread 34 - PartitionProcessorThre...b42-a1a8-9fa5d8127b1f-0-0 |  1291000 |   429000 |   488506929 |  16778604458 |         0 |      0 |  1651814127 |       0 |      0 |         0 
 1492 Thread 35 - PartitionProcessorThre...b42-a1a8-9fa5d8127b1f-0-1 |  1256000 |   430000 |   479328605 |  16447075138 |         0 |      0 |  1426897424 |       0 |      0 |         0 
 1493 Thread 36 - PartitionProcessorThre...b42-a1a8-9fa5d8127b1f-0-2 |  1248000 |   424000 |   475787035 |  16310435122 |         0 |      0 |  1438577712 |       0 |      0 |         0 
 1494 Thread 37 - PartitionProcessorThre...b42-a1a8-9fa5d8127b1f-0-3 |  1343000 |   428000 |   505172355 |  17276550517 |         0 |      0 |  1423805652 |       0 |      0 |         0 
 1495 Thread 38 - PartitionProcessorThre...b42-a1a8-9fa5d8127b1f-0-4 |  1317000 |   450000 |   504468218 |  17237375517 |         0 |      0 |  1361917759 |       0 |      0 |         0 
 1496 Thread 39 - PartitionProcessorThre...b42-a1a8-9fa5d8127b1f-0-5 |  1322000 |   395000 |   488390750 |  16749556095 |         0 |      0 |  1690471248 |       0 |      0 |         0 
 1497 Thread 40 - PartitionProcessorThre...b42-a1a8-9fa5d8127b1f-0-6 |  1268000 |   426000 |   482831621 |  16525660818 |         0 |      0 |  1780627021 |       0 |      0 |         0 
 1498 Thread 41 - PartitionProcessorThre...b42-a1a8-9fa5d8127b1f-0-7 |  1221000 |   453000 |   477255500 |  16330698880 |         0 |      0 |  1550715974 |       0 |      0 |         0 
 1499 Thread 42 - PartitionProcessorThre...b42-a1a8-9fa5d8127b1f-0-8 |  1221000 |   407000 |   464503551 |  15881817326 |         0 |      0 |  1539324381 |       0 |      0 |         0 
 1500 Thread 43 - PartitionProcessorThre...b42-a1a8-9fa5d8127b1f-0-9 |  1246000 |   403000 |   469063012 |  16086404119 |         0 |      0 |  1612315633 |       0 |      0 |         0 
 1501 Thread 44 - PartitionProcessorThre...42-a1a8-9fa5d8127b1f-0-10 |  1160000 |   427000 |   451743344 |  15481522244 |         0 |      0 |  1805621893 |       0 |      0 |         0 
 1502 Thread 45 - PartitionProcessorThre...42-a1a8-9fa5d8127b1f-0-11 |  1255000 |   392000 |   469517000 |  16067034904 |      1024 |      0 |  1406006079 |       0 |      0 |         0 
 1503 Thread 46 - PartitionProcessorThre...42-a1a8-9fa5d8127b1f-0-12 |  1253000 |   413000 |   475691656 |  16252661896 |         0 |      0 |  1689805263 |       0 |      0 |         0 
 1504 Thread 47 - PartitionProcessorThre...42-a1a8-9fa5d8127b1f-0-13 |  1243000 |   424000 |   475172023 |  16262437744 |         0 |      0 |  1505685794 |       0 |      0 |         0 
 1505 Thread 48 - PartitionProcessorThre...42-a1a8-9fa5d8127b1f-0-14 |  1350000 |   424000 |   505990851 |  17306018775 |         0 |      0 |  1615721824 |       0 |      0 |         0 
 1506 Thread 49 - PartitionProcessorThre...42-a1a8-9fa5d8127b1f-0-15 |  1298000 |   423000 |   490560699 |  16788931470 |         0 |      0 |  1546235613 |       0 |      0 |         0 
 1507 Thread 50 - PartitionProcessorThre...42-a1a8-9fa5d8127b1f-0-16 |  1252000 |   436000 |   479540558 |  16466629736 |         0 |      0 |  1798741773 |       0 |      0 |         0 
 1508 Thread 51 - PartitionProcessorThre...42-a1a8-9fa5d8127b1f-0-17 |  1278000 |   438000 |   490056464 |  16740082075 |         0 |      0 |  1561764385 |       0 |      0 |         0 
 1509 Thread 52 - PartitionProcessorThre...42-a1a8-9fa5d8127b1f-0-18 |  1297000 |   394000 |   481409527 |  16495708658 |         0 |      0 |  1661986110 |       0 |      0 |         0 
 1510 Thread 53 - PartitionProcessorThre...42-a1a8-9fa5d8127b1f-0-19 |  1344000 |   409000 |   498250769 |  17101062204 |         0 |      0 |  1507184142 |       0 |      0 |         0 
 1511 Thread 54 - PartitionProcessorThre...b42-a1a8-9fa5d8127b1f-2-0 |  1230000 |   447000 |   479137894 |  16359782669 |         0 |      0 |  1651433902 |       0 |      0 |         0 
 1512 Thread 55 - PartitionProcessorThre...b42-a1a8-9fa5d8127b1f-2-1 |  1248000 |   388000 |   466698750 |  15959202197 |         0 |      0 |  1522265131 |       0 |      0 |         0 
 1513 Thread 56 - PartitionProcessorThre...b42-a1a8-9fa5d8127b1f-2-2 |  1217000 |   435000 |   471861816 |  16115542212 |         0 |      0 |  1638561220 | 7304100 |      0 |         0 
 1514 Thread 57 - PartitionProcessorThre...b42-a1a8-9fa5d8127b1f-2-3 |  1217000 |   402000 |   461539281 |  15793623029 |         0 |      0 |  1690772084 |       0 |      0 |         0 
 1515 Thread 58 - PartitionProcessorThre...b42-a1a8-9fa5d8127b1f-2-4 |  1345000 |   417000 |   502166074 |  17188744216 |         0 |      0 |  1673056469 |       0 |      0 |         0 
 1516 Thread 59 - PartitionProcessorThre...b42-a1a8-9fa5d8127b1f-2-5 |  1225000 |   415000 |   467492023 |  15998706380 |         0 |      0 |  1506933075 |       0 |      0 |         0 
 1517 Thread 60 - PartitionProcessorThre...b42-a1a8-9fa5d8127b1f-2-6 |  1281000 |   414000 |   483648519 |  16535192892 |         0 |      0 |  1419448157 |       0 |      0 |         0 
 1518 Thread 61 - PartitionProcessorThre...b42-a1a8-9fa5d8127b1f-2-7 |  1250000 |   414000 |   474194847 |  16232612896 |         0 |      0 |  1485361291 |       0 |      0 |         0 
 1519 Thread 62 - PartitionProcessorThre...b42-a1a8-9fa5d8127b1f-2-8 |  1240000 |   395000 |   466859265 |  15949720025 |         0 |      0 |  1613596641 |       0 |      0 |         0 
 1520 Thread 63 - PartitionProcessorThre...b42-a1a8-9fa5d8127b1f-2-9 |  1356000 |   458000 |   517233781 |  17695755896 |         0 |      0 |  1666460870 |       0 |      0 |         0 
 1521 Thread 64 - PartitionProcessorThre...42-a1a8-9fa5d8127b1f-2-10 |  1301000 |   413000 |   490458058 |  16720707099 |         0 |      0 |  1697296358 |       0 |      0 |         0 
 1522 Thread 65 - PartitionProcessorThre...42-a1a8-9fa5d8127b1f-2-11 |  1282000 |   449000 |   494580519 |  16886240958 |         0 |      0 |  1540963759 |       0 |      0 |         0 
 1523 Thread 66 - PartitionProcessorThre...42-a1a8-9fa5d8127b1f-2-12 |  1254000 |   441000 |   484215926 |  16535414814 |         0 |      0 |  1635953993 |       0 |      0 |         0 
 1524 Thread 67 - PartitionProcessorThre...42-a1a8-9fa5d8127b1f-2-13 |  1252000 |   392000 |   468370305 |  16037672775 |         0 |      0 |  1374466811 |       0 |      0 |         0 
 1525 Thread 68 - PartitionProcessorThre...42-a1a8-9fa5d8127b1f-2-14 |  1252000 |   383000 |   466916308 |  15950002197 |         0 |      0 |  1518670216 |       0 |      0 |         0 
 1526 Thread 69 - PartitionProcessorThre...42-a1a8-9fa5d8127b1f-2-15 |  1271000 |   422000 |   482568793 |  16515342833 |         0 |      0 |  1458261536 |       0 |      0 |         0 
 1527 Thread 70 - PartitionProcessorThre...42-a1a8-9fa5d8127b1f-2-16 |  1266000 |   419000 |   480416035 |  16437744806 |         0 |      0 |  1409182175 |       0 |      0 |         0 
 1528 Thread 71 - PartitionProcessorThre...42-a1a8-9fa5d8127b1f-2-17 |  1229000 |   384000 |   460196770 |  15734988783 |         0 |      0 |  1526299620 |       0 |      0 |         0 
 1529 Thread 72 - PartitionProcessorThre...42-a1a8-9fa5d8127b1f-2-18 |  1214000 |   412000 |   463257332 |  15862278130 |         0 |      0 |  1693128894 |       0 |      0 |         0 
 1530 Thread 73 - PartitionProcessorThre...42-a1a8-9fa5d8127b1f-2-19 |  1239000 |   374000 |   460006984 |  15735142720 |         0 |      0 |  1723324812 |       0 |      0 |         0 
 2093 Thread 74 - process reaper                                     |     1000 |        0 |      299359 |      9785675 |         0 |      0 |        1051 |       0 |      0 |         0 
 2099 Thread 75 - Attach Listener                                    |   370000 |   109000 |   139833166 |   4680959131 |   5304320 | 139264 |     7465112 |       0 |      0 |         0 
