                                 Task                                 |  utime   |  stime   |     rss     |     vmem     |   read    | write  |    d:cpu    | d:bio  | d:swap | d:reclaim 
 53928 Thread 1 - main                                                |   763000 |   113000 |    58638459 |   6721494650 |  34339840 |   1024 |     8138139 |      0 |      0 |         0 
 53950 Thread 2 - Reference Handler                                   |     6000 |     1000 |      663312 |     55750593 |         0 |      0 |     1226879 |      0 |      0 |         0 
 53951 Thread 3 - Finalizer                                           |     5000 |        0 |      529937 |     40788179 |      5120 |      0 |     1126033 |      0 |      0 |         0 
 53952 Thread 4 - Surrogate Locker Thread (Concurrent GC)             |        0 |        0 |           0 |            0 |         0 |      0 |        3990 |      0 |      0 |         0 
 53953 Thread 5 - Signal Dispatcher                                   |        0 |        0 |           0 |            0 |         0 |      0 |           0 |      0 |      0 |         0 
 53962 Thread 12 - RMI Scheduler(0)                                   |     2000 |        0 |      618890 |     19548289 |      4096 |      0 |       80146 |      0 |      0 |         0 
 53963 Thread 13 - RMI RenewClean-[10.231.182.152:45598]              |        0 |     1000 |       83347 |      7828257 |      1024 |      0 |           0 |      0 |      0 |         0 
 53964 Thread 14 - GC Daemon                                          |        0 |        0 |           0 |            0 |         0 |      0 |           0 |      0 |      0 |         0 
 53966 Thread 15 - DecatonSubscriptionThread-decaton-benchmark        | 25782000 | 35147000 | 17726353561 | 593743126395 | 573787136 | 135168 | 17901804593 | 267520 |      0 |         0 
 53968 Thread 16 - kafka-coordinator-hear...hread | decaton-benchmark |   244000 |    36000 |    81267984 |   2729039530 |   5865472 |   6144 |    14169472 | 270917 |      0 |         0 
 53971 Thread 17 - PartitionProcessorThre...a4b-8392-8883fe03bb5a-2-0 |  1286000 |   451000 |   504320520 |  16928317370 |     37888 |      0 |  1096717438 |      0 |      0 |         0 
 53972 Thread 18 - PartitionProcessorThre...a4b-8392-8883fe03bb5a-2-1 |  1309000 |   452000 |   511911891 |  17175691245 |         0 |      0 |  1076540610 |      0 |      0 |         0 
 53973 Thread 19 - PartitionProcessorThre...a4b-8392-8883fe03bb5a-2-2 |  1224000 |   446000 |   486832310 |  16294035495 |         0 |      0 |  1127590371 |      0 |      0 |         0 
 53974 Thread 20 - PartitionProcessorThre...a4b-8392-8883fe03bb5a-2-3 |  1292000 |   455000 |   508513024 |  17042288823 |      4096 |      0 |   886883225 |      0 |      0 |         0 
 53975 Thread 21 - PartitionProcessorThre...a4b-8392-8883fe03bb5a-2-4 |  1196000 |   436000 |   476059638 |  15921991101 |  10831872 |      0 |   886685133 |      0 |      0 |         0 
 53976 Thread 22 - PartitionProcessorThre...a4b-8392-8883fe03bb5a-2-5 |  1239000 |   454000 |   492465032 |  16514965507 |         0 |      0 |  1045401889 |      0 |      0 |         0 
 53977 Thread 23 - PartitionProcessorThre...a4b-8392-8883fe03bb5a-2-6 |  1207000 |   415000 |   472005333 |  15821662593 |         0 |      0 |  1045733619 |      0 |      0 |         0 
 53978 Thread 24 - PartitionProcessorThre...a4b-8392-8883fe03bb5a-2-7 |  1212000 |   448000 |   482467825 |  16190849578 |         0 |      0 |   951361465 |      0 |      0 |         0 
 53979 Thread 25 - PartitionProcessorThre...a4b-8392-8883fe03bb5a-2-8 |  1251000 |   395000 |   478201353 |  16057145546 |         0 |      0 |   987403683 |      0 |      0 |         0 
 53980 Thread 26 - PartitionProcessorThre...a4b-8392-8883fe03bb5a-2-9 |  1268000 |   448000 |   498439606 |  16740904152 |         0 |      0 |  1089186489 |      0 |      0 |         0 
 53981 Thread 27 - PartitionProcessorThre...4b-8392-8883fe03bb5a-2-10 |  1302000 |   439000 |   507350384 |  16985106214 |         0 |      0 |  1020206075 |      0 |      0 |         0 
 53982 Thread 28 - PartitionProcessorThre...4b-8392-8883fe03bb5a-2-11 |  1244000 |   410000 |   481859692 |  16136048542 |         0 |      0 |  1032099924 |      0 |      0 |         0 
 53983 Thread 29 - PartitionProcessorThre...4b-8392-8883fe03bb5a-2-12 |  1253000 |   428000 |   488012501 |  16398396445 |         0 |      0 |  1015852859 |      0 |      0 |         0 
 53984 Thread 30 - PartitionProcessorThre...4b-8392-8883fe03bb5a-2-13 |  1213000 |   407000 |   471329743 |  15801885886 |         0 |      0 |   964788945 |      0 |      0 |         0 
 53985 Thread 31 - PartitionProcessorThre...4b-8392-8883fe03bb5a-2-14 |  1318000 |   448000 |   513796337 |  17227950909 |      1024 |      0 |  1117015352 |      0 |      0 |         0 
 53986 Thread 32 - PartitionProcessorThre...4b-8392-8883fe03bb5a-2-15 |  1288000 |   422000 |   497524837 |  16683419702 |         0 |      0 |  1040589487 |      0 |      0 |         0 
 53987 Thread 33 - PartitionProcessorThre...4b-8392-8883fe03bb5a-2-16 |  1184000 |   403000 |   460452657 |  15479655562 |         0 |      0 |   892828500 |      0 |      0 |         0 
 53988 Thread 34 - PartitionProcessorThre...4b-8392-8883fe03bb5a-2-17 |  1218000 |   418000 |   474430935 |  15956940359 |         0 |      0 |   943183564 |      0 |      0 |         0 
 53989 Thread 35 - PartitionProcessorThre...4b-8392-8883fe03bb5a-2-18 |  1251000 |   426000 |   485864735 |  16358190757 |         0 |      0 |   931403057 |      0 |      0 |         0 
 53990 Thread 36 - PartitionProcessorThre...4b-8392-8883fe03bb5a-2-19 |  1190000 |   426000 |   469150845 |  15765070445 |         0 |      0 |   865932144 |      0 |      0 |         0 
 53991 Thread 37 - PartitionProcessorThre...a4b-8392-8883fe03bb5a-1-0 |  1250000 |   417000 |   482187395 |  16266063847 |         0 |      0 |  1104090543 |      0 |      0 |         0 
 53992 Thread 38 - PartitionProcessorThre...a4b-8392-8883fe03bb5a-1-1 |  1170000 |   400000 |   456286392 |  15320308300 |         0 |      0 |  1001351640 |      0 |      0 |         0 
 53993 Thread 39 - PartitionProcessorThre...a4b-8392-8883fe03bb5a-1-2 |  1271000 |   406000 |   488070997 |  16364105945 |         0 |      0 |  1108746347 |      0 |      0 |         0 
 53994 Thread 40 - PartitionProcessorThre...a4b-8392-8883fe03bb5a-1-3 |  1232000 |   500000 |   503959755 |  16900649972 |         0 |      0 |  1329325540 |      0 |      0 |         0 
 53995 Thread 41 - PartitionProcessorThre...a4b-8392-8883fe03bb5a-1-4 |  1211000 |   425000 |   474755579 |  15963857488 |         0 |      0 |   985039984 |      0 |      0 |         0 
 53996 Thread 42 - PartitionProcessorThre...a4b-8392-8883fe03bb5a-1-5 |  1226000 |   437000 |   484653821 |  16227659644 |         0 |      0 |  1010292943 |      0 |      0 |         0 
 53997 Thread 43 - PartitionProcessorThre...a4b-8392-8883fe03bb5a-1-6 |  1200000 |   460000 |   483082626 |  16198643925 |         0 |      0 |   773472050 |      0 |      0 |         0 
 53998 Thread 44 - PartitionProcessorThre...a4b-8392-8883fe03bb5a-1-7 |  1156000 |   402000 |   452681532 |  15202778386 |         0 |      0 |   904178384 |      0 |      0 |         0 
 53999 Thread 45 - PartitionProcessorThre...a4b-8392-8883fe03bb5a-1-8 |  1146000 |   447000 |   463325700 |  15544678410 |         0 |      0 |   927420436 |      0 |      0 |         0 
 54000 Thread 46 - PartitionProcessorThre...a4b-8392-8883fe03bb5a-1-9 |  1227000 |   440000 |   484210415 |  16266193792 |         0 |      0 |   846056603 |      0 |      0 |         0 
 54001 Thread 47 - PartitionProcessorThre...4b-8392-8883fe03bb5a-1-10 |  1207000 |   434000 |   475159005 |  16012569984 |         0 |      0 |  1058153794 |      0 |      0 |         0 
 54002 Thread 48 - PartitionProcessorThre...4b-8392-8883fe03bb5a-1-11 |  1233000 |   432000 |   484345891 |  16246995691 |         0 |      0 |   946182330 |      0 |      0 |         0 
 54003 Thread 49 - PartitionProcessorThre...4b-8392-8883fe03bb5a-1-12 |  1214000 |   442000 |   481811622 |  16159193902 |         0 |      0 |  1026459603 |      0 |      0 |         0 
 54004 Thread 50 - PartitionProcessorThre...4b-8392-8883fe03bb5a-1-13 |  1307000 |   423000 |   502560763 |  16881128120 |         0 |      0 |  1084576162 |      0 |      0 |         0 
 54005 Thread 51 - PartitionProcessorThre...4b-8392-8883fe03bb5a-1-14 |  1181000 |   413000 |   463686567 |  15554023527 |         0 |      0 |  1070518087 |      0 |      0 |         0 
 54006 Thread 52 - PartitionProcessorThre...4b-8392-8883fe03bb5a-1-15 |  1257000 |   411000 |   485804419 |  16276061831 |         0 |      0 |  1157567087 |      0 |      0 |         0 
 54007 Thread 53 - PartitionProcessorThre...4b-8392-8883fe03bb5a-1-16 |  1167000 |   419000 |   461485286 |  15476026386 |         0 |      0 |  1029472515 |      0 |      0 |         0 
 54008 Thread 54 - PartitionProcessorThre...4b-8392-8883fe03bb5a-1-17 |  1170000 |   394000 |   455774720 |  15261435902 |         0 |      0 |  1051856670 |      0 |      0 |         0 
 54009 Thread 55 - PartitionProcessorThre...4b-8392-8883fe03bb5a-1-18 |  1202000 |   435000 |   476395302 |  15973908496 |         0 |      0 |   789868961 |      0 |      0 |         0 
 54010 Thread 56 - PartitionProcessorThre...4b-8392-8883fe03bb5a-1-19 |  1255000 |   397000 |   478639052 |  16119926824 |         0 |      0 |  1091852444 |      0 |      0 |         0 
 54012 Thread 57 - PartitionProcessorThre...a4b-8392-8883fe03bb5a-0-0 |  1255000 |   432000 |   492990544 |  16461810804 |         0 |      0 |   963137437 |      0 |      0 |         0 
 54013 Thread 58 - PartitionProcessorThre...a4b-8392-8883fe03bb5a-0-1 |  1195000 |   448000 |   480912423 |  16032765847 |         0 |      0 |  1035566135 |      0 |      0 |         0 
 54014 Thread 59 - PartitionProcessorThre...a4b-8392-8883fe03bb5a-0-2 |  1199000 |   435000 |   478204380 |  15944615886 |         0 |      0 |  1030817892 |      0 |      0 |         0 
 54015 Thread 60 - PartitionProcessorThre...a4b-8392-8883fe03bb5a-0-3 |  1337000 |   477000 |   530566977 |  17701136972 |         0 |      0 |   993325498 |      0 |      0 |         0 
 54016 Thread 61 - PartitionProcessorThre...a4b-8392-8883fe03bb5a-0-4 |  1244000 |   443000 |   493460474 |  16461628613 |         0 |      0 |   915188104 |      0 |      0 |         0 
 54017 Thread 62 - PartitionProcessorThre...a4b-8392-8883fe03bb5a-0-5 |  1196000 |   455000 |   483148763 |  16111058546 |         0 |      0 |   955604304 |      0 |      0 |         0 
 54018 Thread 63 - PartitionProcessorThre...a4b-8392-8883fe03bb5a-0-6 |  1152000 |   439000 |   465605169 |  15524942074 |         0 |      0 |  1032500204 |      0 |      0 |         0 
 54019 Thread 64 - PartitionProcessorThre...a4b-8392-8883fe03bb5a-0-7 |  1189000 |   449000 |   478750876 |  15983731636 |         0 |      0 |  1088087557 |      0 |      0 |         0 
 54020 Thread 65 - PartitionProcessorThre...a4b-8392-8883fe03bb5a-0-8 |  1197000 |   379000 |   460955064 |  15378761187 |         0 |      0 |   835582901 |      0 |      0 |         0 
 54021 Thread 66 - PartitionProcessorThre...a4b-8392-8883fe03bb5a-0-9 |  1174000 |   408000 |   463334942 |  15437754871 |         0 |      0 |   898259302 |      0 |      0 |         0 
 54022 Thread 67 - PartitionProcessorThre...4b-8392-8883fe03bb5a-0-10 |  1209000 |   396000 |   469869661 |  15661780097 |         0 |      0 |   982246413 |      0 |      0 |         0 
 54023 Thread 68 - PartitionProcessorThre...4b-8392-8883fe03bb5a-0-11 |  1118000 |   437000 |   454998317 |  15173803152 |         0 |      0 |   943926778 |      0 |      0 |         0 
 54024 Thread 69 - PartitionProcessorThre...4b-8392-8883fe03bb5a-0-12 |  1242000 |   407000 |   482975970 |  16091074245 |         0 |      0 |  1059003144 |      0 |      0 |         0 
 54025 Thread 70 - PartitionProcessorThre...4b-8392-8883fe03bb5a-0-13 |  1209000 |   454000 |   487323895 |  16227451675 |         0 |      0 |  1068869305 |      0 |      0 |         0 
 54026 Thread 71 - PartitionProcessorThre...4b-8392-8883fe03bb5a-0-14 |  1261000 |   401000 |   486438935 |  16217660925 |         0 |      0 |   987483311 |      0 |      0 |         0 
 54027 Thread 72 - PartitionProcessorThre...4b-8392-8883fe03bb5a-0-15 |  1204000 |   416000 |   473484399 |  15808008339 |         0 |      0 |  1069511066 |      0 |      0 |         0 
 54028 Thread 73 - PartitionProcessorThre...4b-8392-8883fe03bb5a-0-16 |  1170000 |   412000 |   463500282 |  15437157433 |         0 |      0 |  1073780769 |      0 |      0 |         0 
 54029 Thread 74 - PartitionProcessorThre...4b-8392-8883fe03bb5a-0-17 |  1243000 |   437000 |   491671938 |  16393792792 |         0 |      0 |  1050295250 |      0 |      0 |         0 
 54030 Thread 75 - PartitionProcessorThre...4b-8392-8883fe03bb5a-0-18 |  1204000 |   436000 |   479504255 |  16003458019 |         0 |      0 |  1061844592 |      0 |      0 |         0 
 54031 Thread 76 - PartitionProcessorThre...4b-8392-8883fe03bb5a-0-19 |  1274000 |   432000 |   499604622 |  16647228581 |         0 |      0 |   942948510 |      0 |      0 |         0 
 54494 Thread 77 - process reaper                                     |        0 |     1000 |      300664 |      9788750 |         0 |      0 |       15026 |      0 |      0 |         0 
 54500 Thread 78 - Attach Listener                                    |   413000 |    84000 |   148111506 |   4857939440 |   4873216 | 156672 |      962327 | 384326 |      0 |         0 
