                                 Task                                 |  utime   |  stime   |     rss     |     vmem     |   read    | write  |    d:cpu    |  d:bio  | d:swap | d:reclaim 
 79470 Thread 1 - main                                                |   589000 |    81000 |    41340103 |   5090427791 |  21046272 |   1024 |     7603960 |       0 |      0 |         0 
 79492 Thread 2 - Reference Handler                                   |     7000 |        0 |      865609 |     56358230 |         0 |      0 |      104500 |       0 |      0 |         0 
 79493 Thread 3 - Finalizer                                           |     7000 |     1000 |      652996 |     60727656 |     13312 |      0 |     2928734 |       0 |      0 |         0 
 79494 Thread 4 - Surrogate Locker Thread (Concurrent GC)             |        0 |        0 |           0 |            0 |         0 |      0 |           0 |       0 |      0 |         0 
 79495 Thread 5 - Signal Dispatcher                                   |        0 |        0 |           0 |            0 |         0 |      0 |       16899 |       0 |      0 |         0 
 79505 Thread 11 - DecatonSubscriptionThread-decaton-benchmark        | 26723000 | 29326000 | 17023075685 | 545519867660 | 585211904 | 124928 | 17580202918 |  165273 |      0 |         0 
 79506 Thread 13 - kafka-coordinator-hear...hread | decaton-benchmark |   185000 |    42000 |    69157409 |   2210702644 |   6656000 |   4096 |    39684047 |  933185 |      0 |         0 
 79509 Thread 14 - PartitionProcessorThre...173-938c-7399c4b25eb4-2-0 |  1149000 |   388000 |   462579392 |  14971149591 |      3072 |      0 |  1553392942 |       0 |      0 |         0 
 79510 Thread 15 - PartitionProcessorThre...173-938c-7399c4b25eb4-2-1 |  1195000 |   379000 |   475060103 |  15338106102 |     36864 |      0 |  1548778236 |       0 |      0 |         0 
 79511 Thread 16 - PartitionProcessorThre...173-938c-7399c4b25eb4-2-2 |  1179000 |   394000 |   475794150 |  15337637934 |         0 |      0 |  1476369286 |       0 |      0 |         0 
 79512 Thread 17 - PartitionProcessorThre...173-938c-7399c4b25eb4-2-3 |  1186000 |   449000 |   494915833 |  15941077114 |      4096 |      0 |  1587099391 |       0 |      0 |         0 
 79513 Thread 18 - PartitionProcessorThre...173-938c-7399c4b25eb4-2-4 |  1181000 |   406000 |   480151915 |  15476471415 |      1024 |      0 |  1463082751 | 6055169 |      0 |         0 
 79514 Thread 19 - PartitionProcessorThre...173-938c-7399c4b25eb4-2-5 |  1173000 |   387000 |   472601689 |  15207833942 |    121856 |      0 |  1598140242 |       0 |      0 |         0 
 79515 Thread 20 - PartitionProcessorThre...173-938c-7399c4b25eb4-2-6 |  1217000 |   362000 |   479065454 |  15402323872 |         0 |      0 |  1618530842 |       0 |      0 |         0 
 79516 Thread 21 - PartitionProcessorThre...173-938c-7399c4b25eb4-2-7 |  1169000 |   392000 |   472042849 |  15225731633 |         0 |      0 |  1503517594 |       0 |      0 |         0 
 79517 Thread 22 - PartitionProcessorThre...173-938c-7399c4b25eb4-2-8 |  1232000 |   406000 |   495498384 |  15977689758 |         0 |      0 |  1399362918 |       0 |      0 |         0 
 79518 Thread 23 - PartitionProcessorThre...173-938c-7399c4b25eb4-2-9 |  1157000 |   375000 |   464408974 |  14943619770 |         0 |      0 |  1445766420 |       0 |      0 |         0 
 79519 Thread 24 - PartitionProcessorThre...73-938c-7399c4b25eb4-2-10 |  1153000 |   388000 |   466341423 |  15031199403 |         0 |      0 |  1338730501 |       0 |      0 |         0 
 79520 Thread 25 - PartitionProcessorThre...73-938c-7399c4b25eb4-2-11 |  1155000 |   376000 |   463225622 |  14931925677 |         0 |      0 |  1501763951 |       0 |      0 |         0 
 79521 Thread 26 - PartitionProcessorThre...73-938c-7399c4b25eb4-2-12 |  1188000 |   381000 |   474978939 |  15304951387 |         0 |      0 |  1325497542 |       0 |      0 |         0 
 79522 Thread 27 - PartitionProcessorThre...73-938c-7399c4b25eb4-2-13 |  1150000 |   376000 |   462601568 |  14885502630 |         0 |      0 |  1400310148 |       0 |      0 |         0 
 79523 Thread 28 - PartitionProcessorThre...73-938c-7399c4b25eb4-2-14 |  1230000 |   359000 |   480252298 |  15499967352 |         0 |      0 |  1595650594 |       0 |      0 |         0 
 79524 Thread 29 - PartitionProcessorThre...73-938c-7399c4b25eb4-2-15 |  1198000 |   392000 |   479330544 |  15508050446 |     23552 |      0 |  1617635515 |       0 |      0 |         0 
 79525 Thread 30 - PartitionProcessorThre...73-938c-7399c4b25eb4-2-16 |  1094000 |   405000 |   454473544 |  14621599677 |      3072 |      0 |  1565996679 |       0 |      0 |         0 
 79526 Thread 31 - PartitionProcessorThre...73-938c-7399c4b25eb4-2-17 |  1189000 |   425000 |   487916482 |  15740509243 |      8192 |      0 |  1346220300 |       0 |      0 |         0 
 79527 Thread 32 - PartitionProcessorThre...73-938c-7399c4b25eb4-2-18 |  1208000 |   401000 |   486230825 |  15693865583 |      1024 |      0 |  1505946158 |       0 |      0 |         0 
 79528 Thread 33 - PartitionProcessorThre...73-938c-7399c4b25eb4-2-19 |  1232000 |   396000 |   491572501 |  15880992567 |         0 |      0 |  1573177780 |       0 |      0 |         0 
 79529 Thread 34 - PartitionProcessorThre...173-938c-7399c4b25eb4-0-0 |  1191000 |   392000 |   483369220 |  15442869622 |         0 |      0 |  1464740738 |       0 |      0 |         0 
 79530 Thread 35 - PartitionProcessorThre...173-938c-7399c4b25eb4-0-1 |  1210000 |   394000 |   489585232 |  15646550684 |         0 |      0 |  1509305264 |       0 |      0 |         0 
 79531 Thread 36 - PartitionProcessorThre...173-938c-7399c4b25eb4-0-2 |  1193000 |   411000 |   488829005 |  15646759141 |         0 |      0 |  1364946184 |       0 |      0 |         0 
 79532 Thread 37 - PartitionProcessorThre...173-938c-7399c4b25eb4-0-3 |  1182000 |   370000 |   473605825 |  15140612497 |         0 |      0 |  1404016109 |       0 |      0 |         0 
 79533 Thread 38 - PartitionProcessorThre...173-938c-7399c4b25eb4-0-4 |  1215000 |   371000 |   483737927 |  15472085915 |         0 |      0 |  1345506251 |       0 |      0 |         0 
 79534 Thread 39 - PartitionProcessorThre...173-938c-7399c4b25eb4-0-5 |  1151000 |   413000 |   477947013 |  15256898938 |         0 |      0 |  1238127090 |       0 |      0 |         0 
 79535 Thread 40 - PartitionProcessorThre...173-938c-7399c4b25eb4-0-6 |  1165000 |   409000 |   481830380 |  15355055462 |         0 |      0 |  1520513568 |       0 |      0 |         0 
 79536 Thread 41 - PartitionProcessorThre...173-938c-7399c4b25eb4-0-7 |  1156000 |   366000 |   464808263 |  14847758223 |         0 |      0 |  1364128965 |       0 |      0 |         0 
 79537 Thread 42 - PartitionProcessorThre...173-938c-7399c4b25eb4-0-8 |  1137000 |   386000 |   463631833 |  14857199969 |         0 |      0 |  1211301448 |       0 |      0 |         0 
 79538 Thread 43 - PartitionProcessorThre...173-938c-7399c4b25eb4-0-9 |  1145000 |   402000 |   472880017 |  15091723700 |         0 |      0 |  1263184531 |       0 |      0 |         0 
 79539 Thread 44 - PartitionProcessorThre...73-938c-7399c4b25eb4-0-10 |  1196000 |   396000 |   485432435 |  15530617817 |  10831872 |      0 |  1161530310 |       0 |      0 |         0 
 79540 Thread 45 - PartitionProcessorThre...73-938c-7399c4b25eb4-0-11 |  1186000 |   429000 |   493662986 |  15754965016 |         0 |      0 |  1287062620 |       0 |      0 |         0 
 79541 Thread 46 - PartitionProcessorThre...73-938c-7399c4b25eb4-0-12 |  1146000 |   407000 |   472868552 |  15149694227 |         0 |      0 |  1527878186 |       0 |      0 |         0 
 79542 Thread 47 - PartitionProcessorThre...73-938c-7399c4b25eb4-0-13 |  1181000 |   435000 |   494749771 |  15765271805 |         0 |      0 |  1302991685 |       0 |      0 |         0 
 79543 Thread 48 - PartitionProcessorThre...73-938c-7399c4b25eb4-0-14 |  1164000 |   409000 |   480378568 |  15345598110 |         0 |      0 |  1246917969 |       0 |      0 |         0 
 79544 Thread 49 - PartitionProcessorThre...73-938c-7399c4b25eb4-0-15 |  1149000 |   412000 |   476742407 |  15228183266 |         0 |      0 |  1488250797 |       0 |      0 |         0 
 79545 Thread 50 - PartitionProcessorThre...73-938c-7399c4b25eb4-0-16 |  1155000 |   434000 |   486925337 |  15502046126 |         0 |      0 |  1362376658 |       0 |      0 |         0 
 79546 Thread 51 - PartitionProcessorThre...73-938c-7399c4b25eb4-0-17 |  1202000 |   417000 |   494396173 |  15793963106 |         0 |      0 |  1545174341 |       0 |      0 |         0 
 79547 Thread 52 - PartitionProcessorThre...73-938c-7399c4b25eb4-0-18 |  1197000 |   429000 |   497285622 |  15862315067 |         0 |      0 |  1391653088 |       0 |      0 |         0 
 79548 Thread 53 - PartitionProcessorThre...73-938c-7399c4b25eb4-0-19 |  1200000 |   421000 |   495021966 |  15813601559 |         0 |      0 |  1634747609 |       0 |      0 |         0 
 79549 Thread 54 - PartitionProcessorThre...173-938c-7399c4b25eb4-1-0 |  1169000 |   381000 |   474501931 |  15121040798 |         0 |      0 |  1416698746 |       0 |      0 |         0 
 79550 Thread 55 - PartitionProcessorThre...173-938c-7399c4b25eb4-1-1 |  1065000 |   390000 |   446061701 |  14194208825 |         0 |      0 |  1649028473 |       0 |      0 |         0 
 79551 Thread 56 - PartitionProcessorThre...173-938c-7399c4b25eb4-1-2 |  1168000 |   385000 |   476200884 |  15150560411 |         0 |      0 |  1505830783 |       0 |      0 |         0 
 79552 Thread 57 - PartitionProcessorThre...173-938c-7399c4b25eb4-1-3 |  1151000 |   387000 |   471657622 |  15004499372 |      1024 |      0 |  1344800701 |       0 |      0 |         0 
 79553 Thread 58 - PartitionProcessorThre...173-938c-7399c4b25eb4-1-4 |  1114000 |   419000 |   469511060 |  14955144352 |         0 |      0 |  1397089373 |       0 |      0 |         0 
 79554 Thread 59 - PartitionProcessorThre...173-938c-7399c4b25eb4-1-5 |  1162000 |   393000 |   476688997 |  15170119364 |         0 |      0 |  1515357257 |       0 |      0 |         0 
 79555 Thread 60 - PartitionProcessorThre...173-938c-7399c4b25eb4-1-6 |  1109000 |   395000 |   460551005 |  14672136247 |         0 |      0 |  1562853488 |       0 |      0 |         0 
 79556 Thread 61 - PartitionProcessorThre...173-938c-7399c4b25eb4-1-7 |  1096000 |   397000 |   457904849 |  14564995763 |         0 |      0 |  1553053344 |       0 |      0 |         0 
 79557 Thread 62 - PartitionProcessorThre...173-938c-7399c4b25eb4-1-8 |  1167000 |   387000 |   475703927 |  15160220212 |         0 |      0 |  1418125395 |       0 |      0 |         0 
 79558 Thread 63 - PartitionProcessorThre...173-938c-7399c4b25eb4-1-9 |  1159000 |   412000 |   481593853 |  15326104407 |         0 |      0 |  1334260601 |       0 |      0 |         0 
 79559 Thread 64 - PartitionProcessorThre...73-938c-7399c4b25eb4-1-10 |  1157000 |   403000 |   477722235 |  15218845395 |         0 |      0 |  1374569966 |       0 |      0 |         0 
 79560 Thread 65 - PartitionProcessorThre...73-938c-7399c4b25eb4-1-11 |  1093000 |   394000 |   455395282 |  14506728458 |         0 |      0 |  1507047409 |       0 |      0 |         0 
 79561 Thread 66 - PartitionProcessorThre...73-938c-7399c4b25eb4-1-12 |  1173000 |   375000 |   474218325 |  15101586676 |         0 |      0 |  1371038130 |       0 |      0 |         0 
 79562 Thread 67 - PartitionProcessorThre...73-938c-7399c4b25eb4-1-13 |  1205000 |   391000 |   489887696 |  15569984454 |         0 |      0 |  1338105702 |       0 |      0 |         0 
 79563 Thread 68 - PartitionProcessorThre...73-938c-7399c4b25eb4-1-14 |  1142000 |   411000 |   476777228 |  15150369680 |         0 |      0 |  1418868614 |       0 |      0 |         0 
 79564 Thread 69 - PartitionProcessorThre...73-938c-7399c4b25eb4-1-15 |  1162000 |   435000 |   490138087 |  15579643700 |         0 |      0 |  1346473571 |       0 |      0 |         0 
 79565 Thread 70 - PartitionProcessorThre...73-938c-7399c4b25eb4-1-16 |  1118000 |   437000 |   477152349 |  15170099344 |         0 |      0 |  1480141797 |       0 |      0 |         0 
 79566 Thread 71 - PartitionProcessorThre...73-938c-7399c4b25eb4-1-17 |  1111000 |   455000 |   480176255 |  15276903598 |         0 |      0 |  1484579551 |       0 |      0 |         0 
 79567 Thread 72 - PartitionProcessorThre...73-938c-7399c4b25eb4-1-18 |  1130000 |   417000 |   474401829 |  15091877649 |         0 |      0 |  1329317073 |       0 |      0 |         0 
 79568 Thread 73 - PartitionProcessorThre...73-938c-7399c4b25eb4-1-19 |  1128000 |   415000 |   472912661 |  15052792114 |         0 |      0 |  1413694439 |       0 |      0 |         0 
 79963 Thread 74 - process reaper                                     |        0 |        0 |           0 |            0 |      2048 |      0 |        4526 |       0 |      0 |         0 
 79969 Thread 75 - Attach Listener                                    |   370000 |    85000 |   143405288 |   4446419167 |   5304320 | 122880 |     3865688 |       0 |      0 |         0 
