                                 Task                                  |  utime   |  stime   |     rss     |     vmem     |   read    | write  |    d:cpu    | d:bio  | d:swap | d:reclaim 
 131426 Thread 1 - main                                                |   574000 |    86000 |    40110291 |   4988883041 |  21055488 |   1024 |     4977292 |      0 |      0 |         0 
 131448 Thread 2 - Reference Handler                                   |     8000 |        0 |      959156 |     64056796 |         0 |      0 |           0 |      0 |      0 |         0 
 131449 Thread 3 - Finalizer                                           |     6000 |     1000 |      604507 |     53528531 |      5120 |      0 |      656963 |      0 |      0 |         0 
 131450 Thread 4 - Surrogate Locker Thread (Concurrent GC)             |        0 |        0 |           0 |            0 |         0 |      0 |        5447 |      0 |      0 |         0 
 131451 Thread 5 - Signal Dispatcher                                   |        0 |     1000 |      297179 |      9755031 |         0 |      0 |           0 |      0 |      0 |         0 
 131460 Thread 11 - DecatonSubscriptionThread-decaton-benchmark        | 26516000 | 29442000 | 16260588827 | 544618260695 | 585268224 | 133120 | 17977734375 | 129888 |      0 |         0 
 131462 Thread 13 - kafka-coordinator-hear...hread | decaton-benchmark |   187000 |    53000 |    70212292 |   2338155565 |   6646784 |   5120 |    18295729 | 370492 |      0 |         0 
 131465 Thread 14 - PartitionProcessorThre...fa2-bf19-5df6b626738a-2-0 |  1207000 |   432000 |   476489411 |  15978726747 |     36864 |      0 |  1415440831 |      0 |      0 |         0 
 131466 Thread 15 - PartitionProcessorThre...fa2-bf19-5df6b626738a-2-1 |  1179000 |   387000 |   455902063 |  15274822430 |         0 |      0 |  1417633899 |      0 |      0 |         0 
 131467 Thread 16 - PartitionProcessorThre...fa2-bf19-5df6b626738a-2-2 |  1256000 |   402000 |   480374606 |  16171636751 |         0 |      0 |  1391929139 |      0 |      0 |         0 
 131468 Thread 17 - PartitionProcessorThre...fa2-bf19-5df6b626738a-2-3 |  1233000 |   433000 |   484536340 |  16249115454 |         0 |      0 |  1575105301 |      0 |      0 |         0 
 131469 Thread 18 - PartitionProcessorThre...fa2-bf19-5df6b626738a-2-4 |  1184000 |   449000 |   476328258 |  15927367727 |         0 |      0 |  1522073353 |      0 |      0 |         0 
 131470 Thread 19 - PartitionProcessorThre...fa2-bf19-5df6b626738a-2-5 |  1309000 |   455000 |   512640789 |  17201955707 |     67584 |      0 |  1629105180 |      0 |      0 |         0 
 131471 Thread 20 - PartitionProcessorThre...fa2-bf19-5df6b626738a-2-6 |  1200000 |   384000 |   460482809 |  15448757887 |      3072 |      0 |  1555459374 |      0 |      0 |         0 
 131472 Thread 21 - PartitionProcessorThre...fa2-bf19-5df6b626738a-2-7 |  1198000 |   380000 |   458313524 |  15390620391 |         0 |      0 |  1604989137 |      0 |      0 |         0 
 131473 Thread 22 - PartitionProcessorThre...fa2-bf19-5df6b626738a-2-8 |  1195000 |   434000 |   474451868 |  15890016110 |     53248 |      0 |  1599739268 |      0 |      0 |         0 
 131474 Thread 23 - PartitionProcessorThre...fa2-bf19-5df6b626738a-2-9 |  1252000 |   429000 |   488084571 |  16388918438 |     26624 |      0 |  1550558376 |      0 |      0 |         0 
 131475 Thread 24 - PartitionProcessorThre...a2-bf19-5df6b626738a-2-10 |  1160000 |   377000 |   446646255 |  14991485598 |         0 |      0 |  1457333085 |      0 |      0 |         0 
 131476 Thread 25 - PartitionProcessorThre...a2-bf19-5df6b626738a-2-11 |  1181000 |   357000 |   448293802 |  15000574462 |         0 |      0 |  1342079174 |      0 |      0 |         0 
 131477 Thread 26 - PartitionProcessorThre...a2-bf19-5df6b626738a-2-12 |  1126000 |   390000 |   441347075 |  14786482493 |         0 |      0 |  1357976425 |      0 |      0 |         0 
 131478 Thread 27 - PartitionProcessorThre...a2-bf19-5df6b626738a-2-13 |  1182000 |   357000 |   445761481 |  15012431208 |         0 |      0 |  1309621724 |      0 |      0 |         0 
 131479 Thread 28 - PartitionProcessorThre...a2-bf19-5df6b626738a-2-14 |  1188000 |   402000 |   462115141 |  15510067860 |         0 |      0 |  1405902539 |      0 |      0 |         0 
 131480 Thread 29 - PartitionProcessorThre...a2-bf19-5df6b626738a-2-15 |  1209000 |   416000 |   471712829 |  15849755821 |         0 |      0 |  1477984434 |      0 |      0 |         0 
 131481 Thread 30 - PartitionProcessorThre...a2-bf19-5df6b626738a-2-16 |  1267000 |   384000 |   480487321 |  16101787399 |     15360 |      0 |  1329200807 |      0 |      0 |         0 
 131482 Thread 31 - PartitionProcessorThre...a2-bf19-5df6b626738a-2-17 |  1231000 |   385000 |   471351926 |  15764264684 |      1024 |      0 |  1420642006 |      0 |      0 |         0 
 131483 Thread 32 - PartitionProcessorThre...a2-bf19-5df6b626738a-2-18 |  1211000 |   445000 |   482859247 |  16151988196 |         0 |      0 |  1281517499 |      0 |      0 |         0 
 131484 Thread 33 - PartitionProcessorThre...a2-bf19-5df6b626738a-2-19 |  1305000 |   416000 |   499246121 |  16787517336 |         0 |      0 |  1519434737 |      0 |      0 |         0 
 131485 Thread 34 - PartitionProcessorThre...fa2-bf19-5df6b626738a-0-0 |  1177000 |   370000 |   452665602 |  15092048860 |         0 |      0 |  1170969926 |      0 |      0 |         0 
 131486 Thread 35 - PartitionProcessorThre...fa2-bf19-5df6b626738a-0-1 |  1138000 |   399000 |   450653102 |  14994401020 |         0 |      0 |  1519233758 |      0 |      0 |         0 
 131487 Thread 36 - PartitionProcessorThre...fa2-bf19-5df6b626738a-0-2 |  1174000 |   404000 |   462880055 |  15394027880 |         0 |      0 |  1428837458 |      0 |      0 |         0 
 131488 Thread 37 - PartitionProcessorThre...fa2-bf19-5df6b626738a-0-3 |  1234000 |   424000 |   485596950 |  16173962676 |         0 |      0 |  1594420724 |      0 |      0 |         0 
 131489 Thread 38 - PartitionProcessorThre...fa2-bf19-5df6b626738a-0-4 |  1172000 |   408000 |   462869567 |  15413467860 |         0 |      0 |  1537284256 |      0 |      0 |         0 
 131490 Thread 39 - PartitionProcessorThre...fa2-bf19-5df6b626738a-0-5 |  1175000 |   395000 |   459668051 |  15316271505 |         0 |      0 |  1400813143 |      0 |      0 |         0 
 131491 Thread 40 - PartitionProcessorThre...fa2-bf19-5df6b626738a-0-6 |  1159000 |   407000 |   458456110 |  15276817423 |         0 |      0 |  1570098900 |      0 |      0 |         0 
 131492 Thread 41 - PartitionProcessorThre...fa2-bf19-5df6b626738a-0-7 |  1190000 |   436000 |   477359356 |  15862325508 |         0 |      0 |  1402620850 |      0 |      0 |         0 
 131493 Thread 42 - PartitionProcessorThre...fa2-bf19-5df6b626738a-0-8 |  1137000 |   407000 |   452340540 |  15062394673 |         0 |      0 |  1274427302 |      0 |      0 |         0 
 131494 Thread 43 - PartitionProcessorThre...fa2-bf19-5df6b626738a-0-9 |  1126000 |   379000 |   440331969 |  14681986411 |         0 |      0 |  1367377097 |      0 |      0 |         0 
 131495 Thread 44 - PartitionProcessorThre...a2-bf19-5df6b626738a-0-10 |  1177000 |   363000 |   450775266 |  15023401907 |         0 |      0 |  1479084069 |      0 |      0 |         0 
 131496 Thread 45 - PartitionProcessorThre...a2-bf19-5df6b626738a-0-11 |  1210000 |   369000 |   461923231 |  15403574973 |         0 |      0 |  1477498596 |      0 |      0 |         0 
 131497 Thread 46 - PartitionProcessorThre...a2-bf19-5df6b626738a-0-12 |  1157000 |   389000 |   453446434 |  15082136684 |         0 |      0 |  1353098366 |      0 |      0 |         0 
 131498 Thread 47 - PartitionProcessorThre...a2-bf19-5df6b626738a-0-13 |  1128000 |   374000 |   439911173 |  14652542360 |         0 |      0 |  1366027593 |      0 |      0 |         0 
 131499 Thread 48 - PartitionProcessorThre...a2-bf19-5df6b626738a-0-14 |  1197000 |   408000 |   470215047 |  15657545657 |         0 |      0 |  1480196180 |      0 |      0 |         0 
 131500 Thread 49 - PartitionProcessorThre...a2-bf19-5df6b626738a-0-15 |  1257000 |   426000 |   492630786 |  16418334266 |         0 |      0 |  1483303468 |      0 |      0 |         0 
 131501 Thread 50 - PartitionProcessorThre...a2-bf19-5df6b626738a-0-16 |  1126000 |   424000 |   454104231 |  15121008036 |         0 |      0 |  1492497183 |      0 |      0 |         0 
 131502 Thread 51 - PartitionProcessorThre...a2-bf19-5df6b626738a-0-17 |  1112000 |   369000 |   433875388 |  14447973528 |         0 |      0 |  1460568124 |      0 |      0 |         0 
 131503 Thread 52 - PartitionProcessorThre...a2-bf19-5df6b626738a-0-18 |  1141000 |   408000 |   453082391 |  15111169024 |         0 |      0 |  1424335796 |      0 |      0 |         0 
 131504 Thread 53 - PartitionProcessorThre...a2-bf19-5df6b626738a-0-19 |  1165000 |   398000 |   459123548 |  15248366676 |         0 |      0 |  1474372023 |      0 |      0 |         0 
 131505 Thread 54 - PartitionProcessorThre...fa2-bf19-5df6b626738a-1-0 |  1200000 |   383000 |   464573555 |  15442926626 |         0 |      0 |  1513849356 |      0 |      0 |         0 
 131506 Thread 55 - PartitionProcessorThre...fa2-bf19-5df6b626738a-1-1 |  1101000 |   438000 |   451798985 |  15013849497 |         0 |      0 |  1464137411 |      0 |      0 |         0 
 131507 Thread 56 - PartitionProcessorThre...fa2-bf19-5df6b626738a-1-2 |  1168000 |   372000 |   452986661 |  15023429180 |         0 |      0 |  1570806258 |      0 |      0 |         0 
 131508 Thread 57 - PartitionProcessorThre...fa2-bf19-5df6b626738a-1-3 |  1167000 |   373000 |   452247833 |  15023363176 |         0 |      0 |  1366968026 |      0 |      0 |         0 
 131509 Thread 58 - PartitionProcessorThre...fa2-bf19-5df6b626738a-1-4 |  1126000 |   383000 |   442823997 |  14721059446 |         0 |      0 |  1524981211 |      0 |      0 |         0 
 131510 Thread 59 - PartitionProcessorThre...fa2-bf19-5df6b626738a-1-5 |  1091000 |   353000 |   424037145 |  14087208431 |         0 |      0 |  1146659925 |      0 |      0 |         0 
 131511 Thread 60 - PartitionProcessorThre...fa2-bf19-5df6b626738a-1-6 |  1112000 |   390000 |   440987442 |  14652629911 |         0 |      0 |  1332117543 |      0 |      0 |         0 
 131512 Thread 61 - PartitionProcessorThre...fa2-bf19-5df6b626738a-1-7 |  1153000 |   436000 |   466982004 |  15501547407 |         0 |      0 |  1422035052 |      0 |      0 |         0 
 131513 Thread 62 - PartitionProcessorThre...fa2-bf19-5df6b626738a-1-8 |  1211000 |   399000 |   472677145 |  15706249450 |         0 |      0 |  1355659181 |      0 |      0 |         0 
 131514 Thread 63 - PartitionProcessorThre...fa2-bf19-5df6b626738a-1-9 |  1157000 |   407000 |   459178758 |  15257281512 |         0 |      0 |  1440217416 |      0 |      0 |         0 
 131515 Thread 64 - PartitionProcessorThre...a2-bf19-5df6b626738a-1-10 |  1159000 |   446000 |   470290059 |  15657512544 |         0 |      0 |  1256294869 |      0 |      0 |         0 
 131516 Thread 65 - PartitionProcessorThre...a2-bf19-5df6b626738a-1-11 |  1199000 |   397000 |   468805880 |  15569350797 |         0 |      0 |  1430864314 |      0 |      0 |         0 
 131517 Thread 66 - PartitionProcessorThre...a2-bf19-5df6b626738a-1-12 |  1142000 |   430000 |   461625524 |  15335808630 |         0 |      0 |  1466710816 |      0 |      0 |         0 
 131518 Thread 67 - PartitionProcessorThre...a2-bf19-5df6b626738a-1-13 |  1117000 |   399000 |   445850907 |  14789399762 |         0 |      0 |  1561241138 |      0 |      0 |         0 
 131519 Thread 68 - PartitionProcessorThre...a2-bf19-5df6b626738a-1-14 |  1142000 |   367000 |   443067661 |  14721103743 |         0 |      0 |  1495803631 |      0 |      0 |         0 
 131520 Thread 69 - PartitionProcessorThre...a2-bf19-5df6b626738a-1-15 |  1171000 |   418000 |   466405837 |  15501346321 |      1024 |      0 |  1458974621 |      0 |      0 |         0 
 131521 Thread 70 - PartitionProcessorThre...a2-bf19-5df6b626738a-1-16 |  1180000 |   429000 |   472232969 |  15696518579 |         0 |      0 |  1519024843 |      0 |      0 |         0 
 131522 Thread 71 - PartitionProcessorThre...a2-bf19-5df6b626738a-1-17 |  1156000 |   417000 |   463185950 |  15345635235 |  10831872 |      0 |  1560658650 |      0 |      0 |         0 
 131523 Thread 72 - PartitionProcessorThre...a2-bf19-5df6b626738a-1-18 |  1204000 |   418000 |   476409723 |  15823411387 |         0 |      0 |  1446021880 |      0 |      0 |         0 
 131524 Thread 73 - PartitionProcessorThre...a2-bf19-5df6b626738a-1-19 |  1124000 |   389000 |   445041384 |  14760202009 |         0 |      0 |  1206567396 |      0 |      0 |         0 
 131811 Thread 74 - process reaper                                     |     2000 |        0 |      653882 |     19571234 |      2048 |      0 |      967200 |      0 |      0 |         0 
 131817 Thread 75 - Attach Listener                                    |   364000 |    85000 |   135136866 |   4387737448 |   5304320 | 138240 |     1255367 |      0 |      0 |         0 
