                                Task                                 |  utime   |  stime   |     rss     |     vmem     |   read    | write  |    d:cpu    | d:bio  | d:swap | d:reclaim 
 2418 Thread 1 - main                                                |  1015000 |    88000 |    74494599 |   7768190555 |  14918656 |   1024 |     5836375 |      0 |      0 |         0 
 2425 Thread 2 - Reference Handler                                   |     1000 |        0 |       81714 |      7305496 |         0 |      0 |      136205 |      0 |      0 |         0 
 2426 Thread 3 - Finalizer                                           |        0 |        0 |           0 |            0 |      5120 |      0 |       55429 |      0 |      0 |         0 
 2427 Thread 4 - Signal Dispatcher                                   |     1000 |        0 |      350429 |      9887085 |         0 |      0 |       22571 |      0 |      0 |         0 
 2433 Thread 11 - Common-Cleaner                                     |     2000 |        0 |      296144 |     18418359 |         0 |      0 |      475809 |      0 |      0 |         0 
 2439 Thread 13 - RMI Scheduler(0)                                   |     1000 |     1000 |      425671 |     16867410 |      1024 |      0 |       28184 |      0 |      0 |         0 
 2445 Thread 14 - RMI RenewClean-[10.231.182.152:44673]              |     2000 |        0 |      177140 |     14875023 |         0 |      0 |       10823 |      0 |      0 |         0 
 2446 Thread 15 - RMI GC Daemon                                      |        0 |        0 |           0 |            0 |         0 |      0 |      846041 |      0 |      0 |         0 
 2449 Thread 16 - DecatonSubscriptionThread-decaton-benchmark        | 26243000 | 36375000 | 21692912885 | 618016637107 | 624772096 |  99328 | 15505710581 | 108396 |      0 |         0 
 2453 Thread 17 - kafka-coordinator-hear...hread | decaton-benchmark |   247000 |    27000 |    93272241 |   2697281120 |   5601280 |   4096 |    15193599 | 298509 |      0 |         0 
 2460 Thread 18 - PartitionProcessorThre...606-b899-08f639f5f1b2-0-0 |  1116000 |   442000 |   538769188 |  15366387997 |     36864 |      0 |   936885263 |      0 |      0 |         0 
 2461 Thread 19 - PartitionProcessorThre...606-b899-08f639f5f1b2-0-1 |  1098000 |   433000 |   534347993 |  15134904376 |         0 |      0 |  1076844232 |      0 |      0 |         0 
 2462 Thread 20 - PartitionProcessorThre...606-b899-08f639f5f1b2-0-2 |  1156000 |   441000 |   555546586 |  15778526993 |      1024 |      0 |  1036874982 |      0 |      0 |         0 
 2463 Thread 21 - PartitionProcessorThre...606-b899-08f639f5f1b2-0-3 |  1133000 |   388000 |   529963653 |  15034959540 |         0 |      0 |   952830678 |      0 |      0 |         0 
 2464 Thread 22 - PartitionProcessorThre...606-b899-08f639f5f1b2-0-4 |  1107000 |   402000 |   524638134 |  14912319447 |         0 |      0 |   791450278 |      0 |      0 |         0 
 2465 Thread 23 - PartitionProcessorThre...606-b899-08f639f5f1b2-0-5 |  1159000 |   448000 |   558178040 |  15881042528 |         0 |      0 |   945379006 |      0 |      0 |         0 
 2466 Thread 24 - PartitionProcessorThre...606-b899-08f639f5f1b2-0-6 |  1141000 |   390000 |   534663528 |  15132254025 |         0 |      0 |  1008310344 |      0 |      0 |         0 
 2467 Thread 25 - PartitionProcessorThre...606-b899-08f639f5f1b2-0-7 |  1162000 |   436000 |   554626129 |  15787243989 |         0 |      0 |  1075359865 |      0 |      0 |         0 
 2468 Thread 26 - PartitionProcessorThre...606-b899-08f639f5f1b2-0-8 |  1079000 |   377000 |   506017317 |  14385055712 |         0 |      0 |   707035100 |      0 |      0 |         0 
 2469 Thread 27 - PartitionProcessorThre...606-b899-08f639f5f1b2-0-9 |  1144000 |   390000 |   532966602 |  15160367161 |      8192 |      0 |   898011747 |      0 |      0 |         0 
 2470 Thread 28 - PartitionProcessorThre...06-b899-08f639f5f1b2-0-10 |  1174000 |   431000 |   557007274 |  15862396298 |         0 |      0 |  1042241342 |      0 |      0 |         0 
 2471 Thread 29 - PartitionProcessorThre...06-b899-08f639f5f1b2-0-11 |  1138000 |   472000 |   556608208 |  15910818876 |      3072 |      0 |   998622446 |      0 |      0 |         0 
 2472 Thread 30 - PartitionProcessorThre...06-b899-08f639f5f1b2-0-12 |  1087000 |   401000 |   516424180 |  14708273095 |         0 |      0 |  1157155926 |      0 |      0 |         0 
 2473 Thread 31 - PartitionProcessorThre...06-b899-08f639f5f1b2-0-13 |  1133000 |   398000 |   531501465 |  15130328130 |      1024 |      0 |  1125422945 |      0 |      0 |         0 
 2474 Thread 32 - PartitionProcessorThre...06-b899-08f639f5f1b2-0-14 |  1135000 |   423000 |   539003536 |  15396205849 |         0 |      0 |  1042152700 |      0 |      0 |         0 
 2475 Thread 33 - PartitionProcessorThre...06-b899-08f639f5f1b2-0-15 |  1059000 |   431000 |   518345278 |  14722037990 |         0 |      0 |  1051105298 |      0 |      0 |         0 
 2476 Thread 34 - PartitionProcessorThre...06-b899-08f639f5f1b2-0-16 |  1079000 |   402000 |   514241934 |  14636941056 |         0 |      0 |  1096463193 |      0 |      0 |         0 
 2477 Thread 35 - PartitionProcessorThre...06-b899-08f639f5f1b2-0-17 |  1045000 |   427000 |   512210930 |  14547657161 |         0 |      0 |   994723714 |      0 |      0 |         0 
 2478 Thread 36 - PartitionProcessorThre...06-b899-08f639f5f1b2-0-18 |  1121000 |   414000 |   535022493 |  15173128060 |         0 |      0 |  1015391932 |      0 |      0 |         0 
 2479 Thread 37 - PartitionProcessorThre...06-b899-08f639f5f1b2-0-19 |  1117000 |   417000 |   533351016 |  15159608638 |         0 |      0 |  1097556179 |      0 |      0 |         0 
 2481 Thread 38 - PartitionProcessorThre...606-b899-08f639f5f1b2-1-0 |  1222000 |   451000 |   573207399 |  16543206884 |         0 |      0 |  1389723893 |      0 |      0 |         0 
 2482 Thread 39 - PartitionProcessorThre...606-b899-08f639f5f1b2-1-1 |  1228000 |   443000 |   573987266 |  16526210208 |         0 |      0 |   929425335 |      0 |      0 |         0 
 2485 Thread 40 - PartitionProcessorThre...606-b899-08f639f5f1b2-1-2 |  1119000 |   436000 |   530998118 |  15377353079 |      1024 |      0 |  1143823931 |      0 |      0 |         0 
 2486 Thread 41 - PartitionProcessorThre...606-b899-08f639f5f1b2-1-3 |  1176000 |   447000 |   556399274 |  16050820384 |         0 |      0 |  1190741381 |      0 |      0 |         0 
 2487 Thread 42 - PartitionProcessorThre...606-b899-08f639f5f1b2-1-4 |  1165000 |   389000 |   531853473 |  15368134911 |         0 |      0 |  1178843443 |      0 |      0 |         0 
 2488 Thread 43 - PartitionProcessorThre...606-b899-08f639f5f1b2-1-5 |  1151000 |   412000 |   532474962 |  15457046950 |      1024 |      0 |   930803327 |      0 |      0 |         0 
 2489 Thread 44 - PartitionProcessorThre...606-b899-08f639f5f1b2-1-6 |  1175000 |   413000 |   543655004 |  15703654872 |         0 |      0 |   961093792 |      0 |      0 |         0 
 2490 Thread 45 - PartitionProcessorThre...606-b899-08f639f5f1b2-1-7 |  1200000 |   456000 |   570435731 |  16377302681 |         0 |      0 |  1305311852 |      0 |      0 |         0 
 2491 Thread 46 - PartitionProcessorThre...606-b899-08f639f5f1b2-1-8 |  1155000 |   390000 |   528620684 |  15278633087 |         0 |      0 |  1088817576 |      0 |      0 |         0 
 2492 Thread 47 - PartitionProcessorThre...606-b899-08f639f5f1b2-1-9 |  1173000 |   387000 |   533673305 |  15426770286 |         0 |      0 |  1135575734 |      0 |      0 |         0 
 2493 Thread 48 - PartitionProcessorThre...06-b899-08f639f5f1b2-1-10 |  1168000 |   409000 |   541973754 |  15595534025 |         0 |      0 |  1116117733 |      0 |      0 |         0 
 2494 Thread 49 - PartitionProcessorThre...06-b899-08f639f5f1b2-1-11 |  1103000 |   408000 |   516965626 |  14943132911 |         0 |      0 |  1015757063 |      0 |      0 |         0 
 2495 Thread 50 - PartitionProcessorThre...06-b899-08f639f5f1b2-1-12 |  1101000 |   396000 |   511861864 |  14804131736 |         0 |      0 |  1323795413 |      0 |      0 |         0 
 2496 Thread 51 - PartitionProcessorThre...06-b899-08f639f5f1b2-1-13 |  1189000 |   415000 |   553084977 |  15863942872 |         0 |      0 |  1281577908 |      0 |      0 |         0 
 2497 Thread 52 - PartitionProcessorThre...06-b899-08f639f5f1b2-1-14 |  1137000 |   383000 |   521809223 |  15032118240 |         0 |      0 |  1046440909 |      0 |      0 |         0 
 2498 Thread 53 - PartitionProcessorThre...06-b899-08f639f5f1b2-1-15 |  1198000 |   433000 |   556983438 |  16129337364 |         0 |      0 |  1293236526 |      0 |      0 |         0 
 2499 Thread 54 - PartitionProcessorThre...06-b899-08f639f5f1b2-1-16 |  1203000 |   423000 |   556783469 |  16079816583 |         0 |      0 |  1236655880 |      0 |      0 |         0 
 2500 Thread 55 - PartitionProcessorThre...06-b899-08f639f5f1b2-1-17 |  1144000 |   458000 |   546175786 |  15842692345 |         0 |      0 |  1100552724 |      0 |      0 |         0 
 2501 Thread 56 - PartitionProcessorThre...06-b899-08f639f5f1b2-1-18 |  1177000 |   442000 |   556909598 |  16011441653 |         0 |      0 |  1172215219 |      0 |      0 |         0 
 2502 Thread 57 - PartitionProcessorThre...06-b899-08f639f5f1b2-1-19 |  1206000 |   433000 |   563106442 |  16208970017 |         0 |      0 |  1231799066 |      0 |      0 |         0 
 2503 Thread 58 - PartitionProcessorThre...606-b899-08f639f5f1b2-2-0 |  1182000 |   424000 |   559551653 |  15883813388 |         0 |      0 |  1158762668 |      0 |      0 |         0 
 2504 Thread 59 - PartitionProcessorThre...606-b899-08f639f5f1b2-2-1 |  1115000 |   417000 |   533644047 |  15151949064 |         0 |      0 |  1053634117 |      0 |      0 |         0 
 2505 Thread 60 - PartitionProcessorThre...606-b899-08f639f5f1b2-2-2 |  1086000 |   384000 |   510728759 |  14538517454 |         0 |      0 |   942355950 |      0 |      0 |         0 
 2506 Thread 61 - PartitionProcessorThre...606-b899-08f639f5f1b2-2-3 |  1060000 |   379000 |   500668223 |  14232690587 |         0 |      0 |   915087323 |      0 |      0 |         0 
 2507 Thread 62 - PartitionProcessorThre...606-b899-08f639f5f1b2-2-4 |  1126000 |   441000 |   546049469 |  15498135177 |         0 |      0 |  1027638833 |      0 |      0 |         0 
 2508 Thread 63 - PartitionProcessorThre...606-b899-08f639f5f1b2-2-5 |  1087000 |   419000 |   525250891 |  14894809755 |         0 |      0 |   871995676 |      0 |      0 |         0 
 2509 Thread 64 - PartitionProcessorThre...606-b899-08f639f5f1b2-2-6 |  1067000 |   416000 |   516777411 |  14667053247 |         0 |      0 |   958240528 |      0 |      0 |         0 
 2510 Thread 65 - PartitionProcessorThre...606-b899-08f639f5f1b2-2-7 |  1110000 |   389000 |   521889184 |  14825678298 |         0 |      0 |  1126766765 |      0 |      0 |         0 
 2511 Thread 66 - PartitionProcessorThre...606-b899-08f639f5f1b2-2-8 |  1083000 |   396000 |   518078805 |  14628811993 |         0 |      0 |   899756940 |      0 |      0 |         0 
 2512 Thread 67 - PartitionProcessorThre...606-b899-08f639f5f1b2-2-9 |  1176000 |   437000 |   561528801 |  15951678095 |         0 |      0 |  1135269288 |      0 |      0 |         0 
 2513 Thread 68 - PartitionProcessorThre...06-b899-08f639f5f1b2-2-10 |  1112000 |   401000 |   527125008 |  14963499044 |         0 |      0 |   953327792 |      0 |      0 |         0 
 2514 Thread 69 - PartitionProcessorThre...06-b899-08f639f5f1b2-2-11 |  1060000 |   419000 |   514890751 |  14627097642 |         0 |      0 |  1046590855 |      0 |      0 |         0 
 2515 Thread 70 - PartitionProcessorThre...06-b899-08f639f5f1b2-2-12 |  1148000 |   439000 |   553476223 |  15695790536 |         0 |      0 |  1084132794 |      0 |      0 |         0 
 2516 Thread 71 - PartitionProcessorThre...06-b899-08f639f5f1b2-2-13 |  1102000 |   379000 |   513454778 |  14647057361 |         0 |      0 |  1027847967 |      0 |      0 |         0 
 2517 Thread 72 - PartitionProcessorThre...06-b899-08f639f5f1b2-2-14 |  1126000 |   371000 |   520780770 |  14805528677 |         0 |      0 |  1097559413 |      0 |      0 |         0 
 2518 Thread 73 - PartitionProcessorThre...06-b899-08f639f5f1b2-2-15 |  1115000 |   394000 |   523042098 |  14924171447 |         0 |      0 |  1166243717 |      0 |      0 |         0 
 2519 Thread 74 - PartitionProcessorThre...06-b899-08f639f5f1b2-2-16 |  1158000 |   428000 |   550231899 |  15686149540 |         0 |      0 |  1144830973 |      0 |      0 |         0 
 2520 Thread 75 - PartitionProcessorThre...06-b899-08f639f5f1b2-2-17 |  1135000 |   443000 |   553486118 |  15608051536 |         0 |      0 |  1199875472 |      0 |      0 |         0 
 2521 Thread 76 - PartitionProcessorThre...06-b899-08f639f5f1b2-2-18 |  1090000 |   411000 |   521382012 |  14845638583 |         0 |      0 |  1249201304 |      0 |      0 |         0 
 2522 Thread 77 - PartitionProcessorThre...06-b899-08f639f5f1b2-2-19 |  1121000 |   434000 |   541470629 |  15379285857 |         0 |      0 |  1180523863 |      0 |      0 |         0 
 2789 Thread 78 - process reaper                                     |     2000 |        0 |      773511 |     19834300 |      1024 |      0 |       49706 |      0 |      0 |         0 
 2791 Thread 79 - Attach Listener                                    |   121000 |    99000 |    79236616 |   2180476913 |   4657152 | 284672 |      528232 |      0 |      0 |         0 
