                                 Task                                 |  utime   |  stime   |     rss     |     vmem     |   read    | write  |    d:cpu    |  d:bio  | d:swap | d:reclaim 
 73200 Thread 1 - main                                                |   653000 |   172000 |    48806486 |   6265053732 |  21206016 |   1024 |     5594017 |       0 |      0 |         0 
 73222 Thread 2 - Reference Handler                                   |     6000 |        0 |      543515 |     46465492 |         0 |      0 |       48883 |       0 |      0 |         0 
 73223 Thread 3 - Finalizer                                           |     7000 |     1000 |      596457 |     60587726 |      5120 |      0 |     1576060 |       0 |      0 |         0 
 73224 Thread 4 - Surrogate Locker Thread (Concurrent GC)             |        0 |        0 |           0 |            0 |         0 |      0 |       54077 |       0 |      0 |         0 
 73225 Thread 5 - Signal Dispatcher                                   |     1000 |        0 |       26703 |      7228289 |         0 |      0 |           0 |       0 |      0 |         0 
 73235 Thread 11 - DecatonSubscriptionThread-decaton-benchmark        | 30017000 | 30872000 | 17284059084 | 592659005572 | 585064448 | 138240 | 18443802052 |  178107 |      0 |         0 
 73236 Thread 13 - kafka-coordinator-hear...hread | decaton-benchmark |   239000 |    59000 |    86078315 |   2904388566 |   6653952 |   5120 |    44498637 |  498724 |      0 |         0 
 73240 Thread 14 - PartitionProcessorThre...f47-8aa0-94b32b81d891-0-0 |  1269000 |   439000 |   482574484 |  16641191056 |     36864 |      0 |  1543837202 |       0 |      0 |         0 
 73241 Thread 15 - PartitionProcessorThre...f47-8aa0-94b32b81d891-0-1 |  1213000 |   500000 |   488326898 |  16707772611 |         0 |      0 |  1623031305 |       0 |      0 |         0 
 73242 Thread 16 - PartitionProcessorThre...f47-8aa0-94b32b81d891-0-2 |  1332000 |   403000 |   490649562 |  16914796618 |    121856 |      0 |  1675204733 |       0 |      0 |         0 
 73243 Thread 17 - PartitionProcessorThre...f47-8aa0-94b32b81d891-0-3 |  1328000 |   447000 |   502351070 |  17308055571 |         0 |      0 |  1587261290 |       0 |      0 |         0 
 73244 Thread 18 - PartitionProcessorThre...f47-8aa0-94b32b81d891-0-4 |  1380000 |   443000 |   516245469 |  17779297200 |         0 |      0 |  1924140606 |       0 |      0 |         0 
 73245 Thread 19 - PartitionProcessorThre...f47-8aa0-94b32b81d891-0-5 |  1288000 |   444000 |   490346406 |  16892899615 |         0 |      0 |  1763622212 |       0 |      0 |         0 
 73246 Thread 20 - PartitionProcessorThre...f47-8aa0-94b32b81d891-0-6 |  1234000 |   406000 |   467382051 |  15997445904 |         0 |      0 |  1915439109 |       0 |      0 |         0 
 73247 Thread 21 - PartitionProcessorThre...f47-8aa0-94b32b81d891-0-7 |  1287000 |   425000 |   487277574 |  16696714943 |         0 |      0 |  1731314406 |       0 |      0 |         0 
 73248 Thread 22 - PartitionProcessorThre...f47-8aa0-94b32b81d891-0-8 |  1320000 |   414000 |   494777648 |  16914400611 |  10832896 |      0 |  1719343132 |       0 |      0 |         0 
 73249 Thread 23 - PartitionProcessorThre...f47-8aa0-94b32b81d891-0-9 |  1256000 |   411000 |   472568867 |  16258285845 |         0 |      0 |  1939328197 |       0 |      0 |         0 
 73250 Thread 24 - PartitionProcessorThre...47-8aa0-94b32b81d891-0-10 |  1255000 |   418000 |   473328086 |  16315079618 |         0 |      0 |  1819285768 |       0 |      0 |         0 
 73251 Thread 25 - PartitionProcessorThre...47-8aa0-94b32b81d891-0-11 |  1245000 |   399000 |   465294926 |  16035335759 |         0 |      0 |  1736600839 |       0 |      0 |         0 
 73252 Thread 26 - PartitionProcessorThre...47-8aa0-94b32b81d891-0-12 |  1358000 |   374000 |   490613648 |  16892412404 |     11264 |      0 |  1774665311 |       0 |      0 |         0 
 73253 Thread 27 - PartitionProcessorThre...47-8aa0-94b32b81d891-0-13 |  1319000 |   416000 |   491416984 |  16922995548 |      6144 |      0 |  1774550692 |       0 |      0 |         0 
 73254 Thread 28 - PartitionProcessorThre...47-8aa0-94b32b81d891-0-14 |  1233000 |   423000 |   468962012 |  16150638376 |         0 |      0 |  1611302187 |       0 |      0 |         0 
 73255 Thread 29 - PartitionProcessorThre...47-8aa0-94b32b81d891-0-15 |  1330000 |   395000 |   487388828 |  16825137157 |         0 |      0 |  1624810953 |       0 |      0 |         0 
 73256 Thread 30 - PartitionProcessorThre...47-8aa0-94b32b81d891-0-16 |  1325000 |   422000 |   495284633 |  17039098779 |     23552 |      0 |  1712138336 |       0 |      0 |         0 
 73257 Thread 31 - PartitionProcessorThre...47-8aa0-94b32b81d891-0-17 |  1326000 |   437000 |   499949469 |  17197494650 |         0 |      0 |  1888195320 |       0 |      0 |         0 
 73258 Thread 32 - PartitionProcessorThre...47-8aa0-94b32b81d891-0-18 |  1310000 |   434000 |   494762508 |  17011718380 |         0 |      0 |  1700005278 |       0 |      0 |         0 
 73259 Thread 33 - PartitionProcessorThre...47-8aa0-94b32b81d891-0-19 |  1307000 |   443000 |   496280086 |  17068305646 |         0 |      0 |  1692994237 |       0 |      0 |         0 
 73260 Thread 34 - PartitionProcessorThre...f47-8aa0-94b32b81d891-2-0 |  1216000 |   429000 |   469987735 |  16047406345 |         0 |      0 |  1661535496 |       0 |      0 |         0 
 73261 Thread 35 - PartitionProcessorThre...f47-8aa0-94b32b81d891-2-1 |  1210000 |   441000 |   471589500 |  16105877869 |         0 |      0 |  1721231906 |       0 |      0 |         0 
 73262 Thread 36 - PartitionProcessorThre...f47-8aa0-94b32b81d891-2-2 |  1228000 |   382000 |   460062461 |  15705601818 |         0 |      0 |  1741739486 |       0 |      0 |         0 
 73263 Thread 37 - PartitionProcessorThre...f47-8aa0-94b32b81d891-2-3 |  1191000 |   410000 |   457504043 |  15617829165 |         0 |      0 |  1531703138 |       0 |      0 |         0 
 73264 Thread 38 - PartitionProcessorThre...f47-8aa0-94b32b81d891-2-4 |  1301000 |   394000 |   484277000 |  16534782251 |         0 |      0 |  1715658883 |       0 |      0 |         0 
 73265 Thread 39 - PartitionProcessorThre...f47-8aa0-94b32b81d891-2-5 |  1227000 |   464000 |   483852348 |  16495712966 |         0 |      0 |  1690833508 |       0 |      0 |         0 
 73266 Thread 40 - PartitionProcessorThre...f47-8aa0-94b32b81d891-2-6 |  1233000 |   407000 |   467897262 |  15998462908 |         0 |      0 |  1589308470 |       0 |      0 |         0 
 73267 Thread 41 - PartitionProcessorThre...f47-8aa0-94b32b81d891-2-7 |  1243000 |   427000 |   478558457 |  16291315599 |         0 |      0 |  1509730445 |       0 |      0 |         0 
 73268 Thread 42 - PartitionProcessorThre...f47-8aa0-94b32b81d891-2-8 |  1254000 |   409000 |   477060317 |  16223321947 |         0 |      0 |  1552892377 |       0 |      0 |         0 
 73269 Thread 43 - PartitionProcessorThre...f47-8aa0-94b32b81d891-2-9 |  1343000 |   433000 |   507135262 |  17325665900 |         0 |      0 |  1695339082 |       0 |      0 |         0 
 73270 Thread 44 - PartitionProcessorThre...47-8aa0-94b32b81d891-2-10 |  1257000 |   421000 |   478677469 |  16369300427 |         0 |      0 |  1571044158 |       0 |      0 |         0 
 73271 Thread 45 - PartitionProcessorThre...47-8aa0-94b32b81d891-2-11 |  1222000 |   445000 |   476171317 |  16262246751 |         0 |      0 |  1652307164 |       0 |      0 |         0 
 73272 Thread 46 - PartitionProcessorThre...47-8aa0-94b32b81d891-2-12 |  1204000 |   419000 |   464449195 |  15833070154 |         0 |      0 |  1666659058 |       0 |      0 |         0 
 73273 Thread 47 - PartitionProcessorThre...47-8aa0-94b32b81d891-2-13 |  1252000 |   393000 |   471181160 |  16047650349 |         0 |      0 |  1762145535 |       0 |      0 |         0 
 73274 Thread 48 - PartitionProcessorThre...47-8aa0-94b32b81d891-2-14 |  1323000 |   444000 |   506375371 |  17237672114 |         0 |      0 |  1772379881 |       0 |      0 |         0 
 73275 Thread 49 - PartitionProcessorThre...47-8aa0-94b32b81d891-2-15 |  1176000 |   396000 |   450982332 |  15335660072 |         0 |      0 |  1715185003 |       0 |      0 |         0 
 73276 Thread 50 - PartitionProcessorThre...47-8aa0-94b32b81d891-2-16 |  1180000 |   441000 |   463686301 |  15813324341 |         0 |      0 |  1604189312 |       0 |      0 |         0 
 73277 Thread 51 - PartitionProcessorThre...47-8aa0-94b32b81d891-2-17 |  1248000 |   396000 |   470419641 |  16037603083 |      3072 |      0 |  1920149816 |       0 |      0 |         0 
 73278 Thread 52 - PartitionProcessorThre...47-8aa0-94b32b81d891-2-18 |  1319000 |   426000 |   501126375 |  17023455622 |         0 |      0 |  1799090069 |       0 |      0 |         0 
 73279 Thread 53 - PartitionProcessorThre...47-8aa0-94b32b81d891-2-19 |  1168000 |   417000 |   454377555 |  15462408185 |         0 |      0 |  1749426357 |       0 |      0 |         0 
 73280 Thread 54 - PartitionProcessorThre...f47-8aa0-94b32b81d891-1-0 |  1220000 |   393000 |   461205500 |  15735203470 |         0 |      0 |  1562450413 |       0 |      0 |         0 
 73281 Thread 55 - PartitionProcessorThre...f47-8aa0-94b32b81d891-1-1 |  1275000 |   448000 |   493693785 |  16808227251 |         0 |      0 |  1483471761 |       0 |      0 |         0 
 73282 Thread 56 - PartitionProcessorThre...f47-8aa0-94b32b81d891-1-2 |  1219000 |   385000 |   458792691 |  15647675494 |         0 |      0 |  1746951719 |       0 |      0 |         0 
 73283 Thread 57 - PartitionProcessorThre...f47-8aa0-94b32b81d891-1-3 |  1338000 |   413000 |   502218301 |  17081755103 |         0 |      0 |  1473129994 |       0 |      0 |         0 
 73284 Thread 58 - PartitionProcessorThre...f47-8aa0-94b32b81d891-1-4 |  1312000 |   389000 |   487511465 |  16593960314 |         0 |      0 |  1639124957 |       0 |      0 |         0 
 73285 Thread 59 - PartitionProcessorThre...f47-8aa0-94b32b81d891-1-5 |  1202000 |   393000 |   456433520 |  15559995744 |         0 |      0 |  1386388520 |       0 |      0 |         0 
 73286 Thread 60 - PartitionProcessorThre...f47-8aa0-94b32b81d891-1-6 |  1265000 |   425000 |   484524477 |  16486249103 |         0 |      0 |  1542508570 |       0 |      0 |         0 
 73287 Thread 61 - PartitionProcessorThre...f47-8aa0-94b32b81d891-1-7 |  1240000 |   455000 |   484586199 |  16535435126 |         0 |      0 |  1671913459 |       0 |      0 |         0 
 73288 Thread 62 - PartitionProcessorThre...f47-8aa0-94b32b81d891-1-8 |  1211000 |   398000 |   460004430 |  15695851267 |         0 |      0 |  1528809100 |       0 |      0 |         0 
 73289 Thread 63 - PartitionProcessorThre...f47-8aa0-94b32b81d891-1-9 |  1237000 |   430000 |   476023598 |  16261880275 |         0 |      0 |  1612634326 |       0 |      0 |         0 
 73290 Thread 64 - PartitionProcessorThre...47-8aa0-94b32b81d891-1-10 |  1244000 |   439000 |   481946582 |  16418254404 |         0 |      0 |  1660919626 |       0 |      0 |         0 
 73291 Thread 65 - PartitionProcessorThre...47-8aa0-94b32b81d891-1-11 |  1258000 |   388000 |   471469398 |  16057097208 |         0 |      0 |  1569067364 |       0 |      0 |         0 
 73292 Thread 66 - PartitionProcessorThre...47-8aa0-94b32b81d891-1-12 |  1182000 |   388000 |   449635969 |  15315779287 |         0 |      0 |  1479524969 |       0 |      0 |         0 
 73293 Thread 67 - PartitionProcessorThre...47-8aa0-94b32b81d891-1-13 |  1244000 |   442000 |   482446582 |  16447355560 |         0 |      0 |  1628186973 |       0 |      0 |         0 
 73294 Thread 68 - PartitionProcessorThre...47-8aa0-94b32b81d891-1-14 |  1227000 |   414000 |   469091188 |  16008417146 |         0 |      0 |  1671295281 |       0 |      0 |         0 
 73295 Thread 69 - PartitionProcessorThre...47-8aa0-94b32b81d891-1-15 |  1223000 |   395000 |   462656789 |  15783982353 |         0 |      0 |  1538975049 | 2805713 |      0 |         0 
 73296 Thread 70 - PartitionProcessorThre...47-8aa0-94b32b81d891-1-16 |  1252000 |   436000 |   484072086 |  16466999642 |         0 |      0 |  1443789542 |       0 |      0 |         0 
 73297 Thread 71 - PartitionProcessorThre...47-8aa0-94b32b81d891-1-17 |  1325000 |   437000 |   504720809 |  17189151462 |         0 |      0 |  1622519139 |       0 |      0 |         0 
 73298 Thread 72 - PartitionProcessorThre...47-8aa0-94b32b81d891-1-18 |  1238000 |   429000 |   477560617 |  16262328529 |         0 |      0 |  1450448144 |       0 |      0 |         0 
 73299 Thread 73 - PartitionProcessorThre...47-8aa0-94b32b81d891-1-19 |  1184000 |   399000 |   453838016 |  15442876822 |         0 |      0 |  1610153251 |       0 |      0 |         0 
 73645 Thread 74 - process reaper                                     |     2000 |        0 |      608156 |     19571351 |         0 |      0 |       39596 |       0 |      0 |         0 
 73651 Thread 75 - Attach Listener                                    |   375000 |   106000 |   142676706 |   4700471369 |   5304320 | 147456 |     1610045 |       0 |      0 |         0 
