                                 Task                                 |  utime   |  stime   |     rss     |     vmem     |   read    | write  |    d:cpu    | d:bio  | d:swap | d:reclaim 
 71410 Thread 1 - main                                                |   574000 |    84000 |    39887819 |   4966845826 |  21054464 |   2048 |     6904143 |      0 |      0 |         0 
 71432 Thread 2 - Reference Handler                                   |     5000 |        0 |      490332 |     38768847 |         0 |      0 |     2807883 |      0 |      0 |         0 
 71433 Thread 3 - Finalizer                                           |     5000 |     1000 |      700351 |     47748199 |      5120 |      0 |     1068149 |      0 |      0 |         0 
 71434 Thread 4 - Surrogate Locker Thread (Concurrent GC)             |        0 |        0 |           0 |            0 |         0 |      0 |           0 |      0 |      0 |         0 
 71435 Thread 5 - Signal Dispatcher                                   |        0 |     1000 |       30023 |      7292289 |         0 |      0 |           0 |      0 |      0 |         0 
 71444 Thread 11 - DecatonSubscriptionThread-decaton-benchmark        | 29161000 | 32216000 | 18920882793 | 597733543393 | 635914240 | 133120 | 18755013343 | 108985 |      0 |         0 
 71450 Thread 13 - kafka-coordinator-hear...hread | decaton-benchmark |   179000 |    56000 |    72187089 |   2292736855 |   7228416 |   5120 |    67591373 | 722256 |      0 |         0 
 71453 Thread 14 - PartitionProcessorThre...12b-a917-2c25752693eb-2-0 |  1336000 |   493000 |   558542340 |  17828758293 |     36864 |      0 |  1523050686 |      0 |      0 |         0 
 71454 Thread 15 - PartitionProcessorThre...12b-a917-2c25752693eb-2-1 |  1258000 |   442000 |   521073449 |  16586397321 |         0 |      0 |  1616955883 |      0 |      0 |         0 
 71455 Thread 16 - PartitionProcessorThre...12b-a917-2c25752693eb-2-2 |  1245000 |   421000 |   509561602 |  16256252411 |      4096 |      0 |  1567951900 |      0 |      0 |         0 
 71456 Thread 17 - PartitionProcessorThre...12b-a917-2c25752693eb-2-3 |  1293000 |   422000 |   526818395 |  16735543239 |         0 |      0 |  1668801384 |      0 |      0 |         0 
 71457 Thread 18 - PartitionProcessorThre...12b-a917-2c25752693eb-2-4 |  1215000 |   499000 |   524145121 |  16715387438 |     40960 |      0 |  1585564482 |      0 |      0 |         0 
 71458 Thread 19 - PartitionProcessorThre...12b-a917-2c25752693eb-2-5 |  1258000 |   390000 |   503722512 |  16079257903 |         0 |      0 |  1746984549 |      0 |      0 |         0 
 71459 Thread 20 - PartitionProcessorThre...12b-a917-2c25752693eb-2-6 |  1302000 |   467000 |   541296555 |  17255406512 |    117760 |      0 |  1701351099 |      0 |      0 |         0 
 71460 Thread 21 - PartitionProcessorThre...12b-a917-2c25752693eb-2-7 |  1265000 |   453000 |   526237297 |  16758377645 |         0 |      0 |  1558494072 |      0 |      0 |         0 
 71461 Thread 22 - PartitionProcessorThre...12b-a917-2c25752693eb-2-8 |  1292000 |   451000 |   535228777 |  17007077942 |         0 |      0 |  1446151548 |      0 |      0 |         0 
 71462 Thread 23 - PartitionProcessorThre...12b-a917-2c25752693eb-2-9 |  1183000 |   458000 |   502401684 |  16009978282 |         0 |      0 |  1514061998 |      0 |      0 |         0 
 71463 Thread 24 - PartitionProcessorThre...2b-a917-2c25752693eb-2-10 |  1263000 |   415000 |   513565391 |  16374213270 |         0 |      0 |  1402999025 |      0 |      0 |         0 
 71464 Thread 25 - PartitionProcessorThre...2b-a917-2c25752693eb-2-11 |  1217000 |   436000 |   504787622 |  16126939411 |      1024 |      0 |  1568455088 |      0 |      0 |         0 
 71465 Thread 26 - PartitionProcessorThre...2b-a917-2c25752693eb-2-12 |  1358000 |   463000 |   556471586 |  17767105344 |         0 |      0 |  1543955368 |      0 |      0 |         0 
 71466 Thread 27 - PartitionProcessorThre...2b-a917-2c25752693eb-2-13 |  1328000 |   466000 |   547394805 |  17504869504 |         0 |      0 |  1710455761 |      0 |      0 |         0 
 71467 Thread 28 - PartitionProcessorThre...2b-a917-2c25752693eb-2-14 |  1246000 |   421000 |   509160715 |  16264777145 |         0 |      0 |  1840105080 |      0 |      0 |         0 
 71468 Thread 29 - PartitionProcessorThre...2b-a917-2c25752693eb-2-15 |  1319000 |   434000 |   535731047 |  17104255563 |         0 |      0 |  1856104486 |      0 |      0 |         0 
 71469 Thread 30 - PartitionProcessorThre...2b-a917-2c25752693eb-2-16 |  1289000 |   481000 |   540772840 |  17271297625 |         0 |      0 |  1794383315 |      0 |      0 |         0 
 71470 Thread 31 - PartitionProcessorThre...2b-a917-2c25752693eb-2-17 |  1260000 |   444000 |   523256364 |  16627550184 |         0 |      0 |  1546011759 |      0 |      0 |         0 
 71471 Thread 32 - PartitionProcessorThre...2b-a917-2c25752693eb-2-18 |  1281000 |   511000 |   550402836 |  17486035836 |         0 |      0 |  1545407697 |      0 |      0 |         0 
 71472 Thread 33 - PartitionProcessorThre...2b-a917-2c25752693eb-2-19 |  1344000 |   456000 |   549807797 |  17564042516 |         0 |      0 |  1508622123 |      0 |      0 |         0 
 71473 Thread 34 - PartitionProcessorThre...12b-a917-2c25752693eb-1-0 |  1246000 |   438000 |   520224039 |  16431565137 |         0 |      0 |  1281840069 |      0 |      0 |         0 
 71474 Thread 35 - PartitionProcessorThre...12b-a917-2c25752693eb-1-1 |  1278000 |   425000 |   526087399 |  16617219532 |         0 |      0 |  1420848513 |      0 |      0 |         0 
 71475 Thread 36 - PartitionProcessorThre...12b-a917-2c25752693eb-1-2 |  1265000 |   400000 |   515098360 |  16246703059 |         0 |      0 |  1443321422 |      0 |      0 |         0 
 71476 Thread 37 - PartitionProcessorThre...12b-a917-2c25752693eb-1-3 |  1243000 |   434000 |   518632774 |  16363966918 |      1024 |      0 |  1552060436 |      0 |      0 |         0 
 71477 Thread 38 - PartitionProcessorThre...12b-a917-2c25752693eb-1-4 |  1253000 |   424000 |   519877953 |  16363307969 |         0 |      0 |  1460227624 |      0 |      0 |         0 
 71478 Thread 39 - PartitionProcessorThre...12b-a917-2c25752693eb-1-5 |  1211000 |   459000 |   516966383 |  16295894301 |         0 |      0 |  1314177442 |      0 |      0 |         0 
 71479 Thread 40 - PartitionProcessorThre...12b-a917-2c25752693eb-1-6 |  1252000 |   460000 |   530450727 |  16705180438 |         0 |      0 |  1457886513 |      0 |      0 |         0 
 71480 Thread 41 - PartitionProcessorThre...12b-a917-2c25752693eb-1-7 |  1322000 |   416000 |   537349403 |  16959187055 |         0 |      0 |  1456407927 |      0 |      0 |         0 
 71481 Thread 42 - PartitionProcessorThre...12b-a917-2c25752693eb-1-8 |  1304000 |   437000 |   538237906 |  16987268223 |         0 |      0 |  1696428781 |      0 |      0 |         0 
 71482 Thread 43 - PartitionProcessorThre...12b-a917-2c25752693eb-1-9 |  1327000 |   456000 |   552210148 |  17398934922 |      1024 |      0 |  1539724459 |      0 |      0 |         0 
 71483 Thread 44 - PartitionProcessorThre...2b-a917-2c25752693eb-1-10 |  1249000 |   438000 |   521394887 |  16461297883 |         0 |      0 |  1497327903 |      0 |      0 |         0 
 71484 Thread 45 - PartitionProcessorThre...2b-a917-2c25752693eb-1-11 |  1194000 |   438000 |   505039020 |  15924667239 |         0 |      0 |  1331797390 |      0 |      0 |         0 
 71485 Thread 46 - PartitionProcessorThre...2b-a917-2c25752693eb-1-12 |  1284000 |   476000 |   544784328 |  17173823348 |      1024 |      0 |  1410963777 |      0 |      0 |         0 
 71486 Thread 47 - PartitionProcessorThre...2b-a917-2c25752693eb-1-13 |  1200000 |   421000 |   501333899 |  15817238962 |         0 |      0 |  1422566416 |      0 |      0 |         0 
 71487 Thread 48 - PartitionProcessorThre...2b-a917-2c25752693eb-1-14 |  1342000 |   462000 |   557920473 |  17603328856 |         0 |      0 |  1429379372 |      0 |      0 |         0 
 71488 Thread 49 - PartitionProcessorThre...2b-a917-2c25752693eb-1-15 |  1265000 |   453000 |   532639082 |  16764484618 |         0 |      0 |  1532533529 |      0 |      0 |         0 
 71489 Thread 50 - PartitionProcessorThre...2b-a917-2c25752693eb-1-16 |  1236000 |   450000 |   521563606 |  16451519270 |         0 |      0 |  1543793208 |      0 |      0 |         0 
 71490 Thread 51 - PartitionProcessorThre...2b-a917-2c25752693eb-1-17 |  1175000 |   468000 |   508640493 |  16032819169 |         0 |      0 |  1457362156 | 408309 |      0 |         0 
 71491 Thread 52 - PartitionProcessorThre...2b-a917-2c25752693eb-1-18 |  1186000 |   430000 |   500406407 |  15769203786 |         0 |      0 |  1455365039 |      0 |      0 |         0 
 71492 Thread 53 - PartitionProcessorThre...2b-a917-2c25752693eb-1-19 |  1238000 |   421000 |   511768614 |  16187884407 |         0 |      0 |  1211996119 |      0 |      0 |         0 
 71493 Thread 54 - PartitionProcessorThre...12b-a917-2c25752693eb-0-0 |  1292000 |   444000 |   539387746 |  16939656762 |         0 |      0 |  1511458310 |      0 |      0 |         0 
 71494 Thread 55 - PartitionProcessorThre...12b-a917-2c25752693eb-0-1 |  1225000 |   461000 |   524101164 |  16451838915 |         0 |      0 |  1619248152 |      0 |      0 |         0 
 71495 Thread 56 - PartitionProcessorThre...12b-a917-2c25752693eb-0-2 |  1195000 |   447000 |   509965903 |  16022644395 |         0 |      0 |  1594485701 |      0 |      0 |         0 
 71496 Thread 57 - PartitionProcessorThre...12b-a917-2c25752693eb-0-3 |  1228000 |   419000 |   512093969 |  16071157879 |         0 |      0 |  1498206168 |      0 |      0 |         0 
 71497 Thread 58 - PartitionProcessorThre...12b-a917-2c25752693eb-0-4 |  1212000 |   423000 |   507861895 |  15954561001 |         0 |      0 |  1558180894 |      0 |      0 |         0 
 71498 Thread 59 - PartitionProcessorThre...12b-a917-2c25752693eb-0-5 |  1272000 |   401000 |   518374774 |  16324430899 |         0 |      0 |  1544997353 |      0 |      0 |         0 
 71499 Thread 60 - PartitionProcessorThre...12b-a917-2c25752693eb-0-6 |  1267000 |   451000 |   533074633 |  16764233266 |         0 |      0 |  1472972294 |      0 |      0 |         0 
 71500 Thread 61 - PartitionProcessorThre...12b-a917-2c25752693eb-0-7 |  1252000 |   472000 |   535782438 |  16822509157 |         0 |      0 |  1552437237 |      0 |      0 |         0 
 71501 Thread 62 - PartitionProcessorThre...12b-a917-2c25752693eb-0-8 |  1232000 |   455000 |   523451777 |  16461329145 |         0 |      0 |  1383350434 |      0 |      0 |         0 
 71502 Thread 63 - PartitionProcessorThre...12b-a917-2c25752693eb-0-9 |  1236000 |   427000 |   515631489 |  16227138879 |         0 |      0 |  1422376824 |      0 |      0 |         0 
 71503 Thread 64 - PartitionProcessorThre...2b-a917-2c25752693eb-0-10 |  1206000 |   468000 |   520281586 |  16334634950 |         0 |      0 |  1414676341 |      0 |      0 |         0 
 71504 Thread 65 - PartitionProcessorThre...2b-a917-2c25752693eb-0-11 |  1257000 |   444000 |   528556883 |  16599005137 |         0 |      0 |  1531572598 |      0 |      0 |         0 
 71505 Thread 66 - PartitionProcessorThre...2b-a917-2c25752693eb-0-12 |  1213000 |   450000 |   516347000 |  16227231852 |         0 |      0 |  1380936799 |      0 |      0 |         0 
 71506 Thread 67 - PartitionProcessorThre...2b-a917-2c25752693eb-0-13 |  1314000 |   450000 |   548165324 |  17213096887 |      3072 |      0 |  1509202144 |      0 |      0 |         0 
 71507 Thread 68 - PartitionProcessorThre...2b-a917-2c25752693eb-0-14 |  1221000 |   450000 |   518645563 |  16304503618 |         0 |      0 |  1570338460 |      0 |      0 |         0 
 71508 Thread 69 - PartitionProcessorThre...2b-a917-2c25752693eb-0-15 |  1272000 |   443000 |   531537887 |  16734650043 |         0 |      0 |  1598240622 |      0 |      0 |         0 
 71509 Thread 70 - PartitionProcessorThre...2b-a917-2c25752693eb-0-16 |  1278000 |   477000 |   544893074 |  17125021328 |         0 |      0 |  1635011776 |      0 |      0 |         0 
 71510 Thread 71 - PartitionProcessorThre...2b-a917-2c25752693eb-0-17 |  1219000 |   475000 |   524489543 |  16529961997 |         0 |      0 |  1760351261 |      0 |      0 |         0 
 71511 Thread 72 - PartitionProcessorThre...2b-a917-2c25752693eb-0-18 |  1161000 |   424000 |   492028165 |  15466294415 |         0 |      0 |  1507651695 |      0 |      0 |         0 
 71512 Thread 73 - PartitionProcessorThre...2b-a917-2c25752693eb-0-19 |  1249000 |   404000 |   513731575 |  16130058040 |         0 |      0 |  1404517452 |      0 |      0 |         0 
 71947 Thread 74 - process reaper                                     |        0 |     2000 |      656316 |     19571234 |      2048 |      0 |      133013 |      0 |      0 |         0 
 71953 Thread 75 - Attach Listener                                    |   361000 |    95000 |   143718499 |   4456207937 |   5304320 | 243712 |     2156465 |      0 |      0 |         0 
