                                 Task                                 |  utime   |  stime   |     rss     |     vmem     |   read    | write  |    d:cpu    |  d:bio  | d:swap | d:reclaim 
 85507 Thread 1 - main                                                |   675000 |   143000 |    49220865 |   6211517374 |  22117376 |      0 |     5438213 |       0 |      0 |         0 
 85529 Thread 2 - Reference Handler                                   |     7000 |     1000 |      756984 |     64332230 |         0 |      0 |     4146358 |       0 |      0 |         0 
 85530 Thread 3 - Finalizer                                           |     5000 |     1000 |      553781 |     47578593 |      5120 |      0 |      779983 |       0 |      0 |         0 
 85531 Thread 4 - Surrogate Locker Thread (Concurrent GC)             |        0 |        0 |           0 |            0 |         0 |      0 |           0 |       0 |      0 |         0 
 85532 Thread 5 - Signal Dispatcher                                   |        0 |        0 |           0 |            0 |         0 |      0 |           0 |       0 |      0 |         0 
 85542 Thread 12 - RMI Scheduler(0)                                   |     4000 |        0 |      939187 |     37033808 |      4096 |      0 |       16954 |       0 |      0 |         0 
 85543 Thread 13 - RMI RenewClean-[10.231.182.152:43684]              |        0 |        0 |           0 |            0 |      1024 |      0 |           0 |       0 |      0 |         0 
 85544 Thread 14 - GC Daemon                                          |        0 |        0 |           0 |            0 |         0 |      0 |           0 |       0 |      0 |         0 
 85546 Thread 15 - DecatonSubscriptionThread-decaton-benchmark        | 31968000 | 35083000 | 19131998895 | 653263706699 | 635163648 | 121856 | 21578209849 | 2176041 |      0 |         0 
 85548 Thread 16 - kafka-coordinator-hear...hread | decaton-benchmark |   213000 |    54000 |    75240276 |   2602608644 |   7645184 |   4096 |    92308574 |  215222 |      0 |         0 
 85551 Thread 17 - PartitionProcessorThre...981-887c-7a6db88bc8de-0-0 |  1453000 |   442000 |   540131980 |  18487839442 |     32768 |      0 |  1849678079 |       0 |      0 |         0 
 85553 Thread 18 - PartitionProcessorThre...981-887c-7a6db88bc8de-0-1 |  1390000 |   473000 |   530875613 |  18172931965 |    123904 |      0 |  1669874986 |       0 |      0 |         0 
 85554 Thread 19 - PartitionProcessorThre...981-887c-7a6db88bc8de-0-2 |  1437000 |   459000 |   539514621 |  18503902235 |         0 |      0 |  1573208707 |       0 |      0 |         0 
 85555 Thread 20 - PartitionProcessorThre...981-887c-7a6db88bc8de-0-3 |  1455000 |   492000 |   555736011 |  19001773371 |         0 |      0 |  1898308598 |       0 |      0 |         0 
 85556 Thread 21 - PartitionProcessorThre...981-887c-7a6db88bc8de-0-4 |  1512000 |   488000 |   570160847 |  19516039375 |      4096 |      0 |  1825521513 |       0 |      0 |         0 
 85557 Thread 22 - PartitionProcessorThre...981-887c-7a6db88bc8de-0-5 |  1430000 |   491000 |   548188715 |  18746904739 |         0 |      0 |  1710553834 |       0 |      0 |         0 
 85558 Thread 23 - PartitionProcessorThre...981-887c-7a6db88bc8de-0-6 |  1448000 |   462000 |   546103703 |  18642578274 |         0 |      0 |  1793988762 |       0 |      0 |         0 
 85559 Thread 24 - PartitionProcessorThre...981-887c-7a6db88bc8de-0-7 |  1451000 |   492000 |   553030402 |  18961830414 |         0 |      0 |  1858987025 |       0 |      0 |         0 
 85560 Thread 25 - PartitionProcessorThre...981-887c-7a6db88bc8de-0-8 |  1392000 |   492000 |   536967246 |  18386857684 |         0 |      0 |  1640806102 |       0 |      0 |         0 
 85561 Thread 26 - PartitionProcessorThre...981-887c-7a6db88bc8de-0-9 |  1402000 |   499000 |   541076133 |  18552610313 |         0 |      0 |  1867811873 |       0 |      0 |         0 
 85562 Thread 27 - PartitionProcessorThre...81-887c-7a6db88bc8de-0-10 |  1430000 |   473000 |   543095187 |  18573558649 |         0 |      0 |  1945032740 |       0 |      0 |         0 
 85563 Thread 28 - PartitionProcessorThre...81-887c-7a6db88bc8de-0-11 |  1377000 |   527000 |   542279879 |  18584017809 |         0 |      0 |  1698126042 |       0 |      0 |         0 
 85564 Thread 29 - PartitionProcessorThre...81-887c-7a6db88bc8de-0-12 |  1381000 |   512000 |   542243984 |  18476714684 |         0 |      0 |  1802030619 |       0 |      0 |         0 
 85565 Thread 30 - PartitionProcessorThre...81-887c-7a6db88bc8de-0-13 |  1379000 |   479000 |   529852359 |  18134053078 |         0 |      0 |  1716303231 |       0 |      0 |         0 
 85566 Thread 31 - PartitionProcessorThre...81-887c-7a6db88bc8de-0-14 |  1364000 |   422000 |   509414641 |  17431429032 |         0 |      0 |  1663728430 |       0 |      0 |         0 
 85567 Thread 32 - PartitionProcessorThre...81-887c-7a6db88bc8de-0-15 |  1416000 |   454000 |   535368297 |  18252205645 |         0 |      0 |  1529629879 |       0 |      0 |         0 
 85568 Thread 33 - PartitionProcessorThre...81-887c-7a6db88bc8de-0-16 |  1509000 |   491000 |   570350039 |  19518724582 |      1024 |      0 |  1961116843 |       0 |      0 |         0 
 85569 Thread 34 - PartitionProcessorThre...81-887c-7a6db88bc8de-0-17 |  1422000 |   458000 |   535525090 |  18349375657 |         0 |      0 |  1817484542 |       0 |      0 |         0 
 85570 Thread 35 - PartitionProcessorThre...81-887c-7a6db88bc8de-0-18 |  1445000 |   481000 |   551849648 |  18798344028 |         0 |      0 |  1623590540 |       0 |      0 |         0 
 85571 Thread 36 - PartitionProcessorThre...81-887c-7a6db88bc8de-0-19 |  1401000 |   464000 |   533359734 |  18203522508 |         0 |      0 |  1570077177 |       0 |      0 |         0 
 85572 Thread 37 - PartitionProcessorThre...981-887c-7a6db88bc8de-2-0 |  1455000 |   493000 |   558330769 |  19013755426 |         0 |      0 |  1675981759 |       0 |      0 |         0 
 85573 Thread 38 - PartitionProcessorThre...981-887c-7a6db88bc8de-2-1 |  1417000 |   480000 |   543956750 |  18516128239 |         0 |      0 |  1584059794 |       0 |      0 |         0 
 85574 Thread 39 - PartitionProcessorThre...981-887c-7a6db88bc8de-2-2 |  1468000 |   484000 |   561166140 |  19053846371 |         0 |      0 |  1761348527 |       0 |      0 |         0 
 85575 Thread 40 - PartitionProcessorThre...981-887c-7a6db88bc8de-2-3 |  1512000 |   422000 |   556155863 |  18877615754 |         0 |      0 |  1894733967 |       0 |      0 |         0 
 85576 Thread 41 - PartitionProcessorThre...981-887c-7a6db88bc8de-2-4 |  1364000 |   461000 |   523540465 |  17814327782 |         0 |      0 |  1813183170 |       0 |      0 |         0 
 85577 Thread 42 - PartitionProcessorThre...981-887c-7a6db88bc8de-2-5 |  1474000 |   469000 |   556691347 |  18965362278 |         0 |      0 |  1722335524 |       0 |      0 |         0 
 85578 Thread 43 - PartitionProcessorThre...981-887c-7a6db88bc8de-2-6 |  1430000 |   448000 |   536763312 |  18330368258 |         0 |      0 |  1721571704 |       0 |      0 |         0 
 85579 Thread 44 - PartitionProcessorThre...981-887c-7a6db88bc8de-2-7 |  1317000 |   421000 |   497727699 |  16964218063 |         0 |      0 |  1604595640 |       0 |      0 |         0 
 85580 Thread 45 - PartitionProcessorThre...981-887c-7a6db88bc8de-2-8 |  1382000 |   450000 |   524410105 |  17881783735 |         0 |      0 |  1753246787 |       0 |      0 |         0 
 85581 Thread 46 - PartitionProcessorThre...981-887c-7a6db88bc8de-2-9 |  1346000 |   472000 |   521767500 |  17744557020 |         0 |      0 |  1594627120 |       0 |      0 |         0 
 85582 Thread 47 - PartitionProcessorThre...81-887c-7a6db88bc8de-2-10 |  1322000 |   439000 |   505675391 |  17188304629 |         0 |      0 |  1705637410 |       0 |      0 |         0 
 85583 Thread 48 - PartitionProcessorThre...81-887c-7a6db88bc8de-2-11 |  1428000 |   442000 |   535594930 |  18252692371 |         0 |      0 |  1737613562 |       0 |      0 |         0 
 85584 Thread 49 - PartitionProcessorThre...81-887c-7a6db88bc8de-2-12 |  1463000 |   465000 |   552640722 |  18819008192 |         0 |      0 |  1556749865 |       0 |      0 |         0 
 85585 Thread 50 - PartitionProcessorThre...81-887c-7a6db88bc8de-2-13 |  1429000 |   466000 |   541836961 |  18495106231 |         0 |      0 |  1799654532 |       0 |      0 |         0 
 85586 Thread 51 - PartitionProcessorThre...81-887c-7a6db88bc8de-2-14 |  1391000 |   514000 |   547365332 |  18594506668 |         0 |      0 |  1786045868 |       0 |      0 |         0 
 85587 Thread 52 - PartitionProcessorThre...81-887c-7a6db88bc8de-2-15 |  1469000 |   447000 |   550453023 |  18701761074 |         0 |      0 |  1792230899 |       0 |      0 |         0 
 85588 Thread 53 - PartitionProcessorThre...81-887c-7a6db88bc8de-2-16 |  1467000 |   433000 |   546158234 |  18545621403 |         0 |      0 |  1701658489 |       0 |      0 |         0 
 85589 Thread 54 - PartitionProcessorThre...81-887c-7a6db88bc8de-2-17 |  1431000 |   498000 |   555109441 |  18829162512 |         0 |      0 |  1843143780 |       0 |      0 |         0 
 85590 Thread 55 - PartitionProcessorThre...81-887c-7a6db88bc8de-2-18 |  1336000 |   545000 |   538139476 |  18359649817 |         0 |      0 |  1668666996 |       0 |      0 |         0 
 85591 Thread 56 - PartitionProcessorThre...81-887c-7a6db88bc8de-2-19 |  1328000 |   491000 |   521151137 |  17754496879 |         0 |      0 |  1632421074 |       0 |      0 |         0 
 85592 Thread 57 - PartitionProcessorThre...981-887c-7a6db88bc8de-1-0 |  1368000 |   478000 |   530803066 |  18018518746 |         0 |      0 |  1718341507 |       0 |      0 |         0 
 85593 Thread 58 - PartitionProcessorThre...981-887c-7a6db88bc8de-1-1 |  1282000 |   476000 |   505803805 |  17159905184 |         0 |      0 |  1582891860 |       0 |      0 |         0 
 85594 Thread 59 - PartitionProcessorThre...981-887c-7a6db88bc8de-1-2 |  1313000 |   455000 |   508431672 |  17257387567 |         0 |      0 |  1658788951 |       0 |      0 |         0 
 85595 Thread 60 - PartitionProcessorThre...981-887c-7a6db88bc8de-1-3 |  1360000 |   481000 |   530090039 |  17969203555 |         0 |      0 |  1672569078 |       0 |      0 |         0 
 85596 Thread 61 - PartitionProcessorThre...981-887c-7a6db88bc8de-1-4 |  1347000 |   513000 |   535352773 |  18156109684 |         0 |      0 |  1441059107 |       0 |      0 |         0 
 85597 Thread 62 - PartitionProcessorThre...981-887c-7a6db88bc8de-1-5 |  1387000 |   494000 |   540147113 |  18359082598 |      1024 |      0 |  1834168763 |       0 |      0 |         0 
 85598 Thread 63 - PartitionProcessorThre...981-887c-7a6db88bc8de-1-6 |  1400000 |   464000 |   536002766 |  18192986223 |         0 |      0 |  1699029168 |       0 |      0 |         0 
 85599 Thread 64 - PartitionProcessorThre...981-887c-7a6db88bc8de-1-7 |  1486000 |   424000 |   549682793 |  18643756559 |         0 |      0 |  1765866610 |       0 |      0 |         0 
 85600 Thread 65 - PartitionProcessorThre...981-887c-7a6db88bc8de-1-8 |  1373000 |   492000 |   536669051 |  18204491559 |         0 |      0 |  1644724244 |       0 |      0 |         0 
 85601 Thread 66 - PartitionProcessorThre...981-887c-7a6db88bc8de-1-9 |  1445000 |   503000 |   560573730 |  19014449598 |         0 |      0 |  1747175580 |       0 |      0 |         0 
 85602 Thread 67 - PartitionProcessorThre...81-887c-7a6db88bc8de-1-10 |  1407000 |   434000 |   530175738 |  17969281036 |         0 |      0 |  1748775066 |       0 |      0 |         0 
 85603 Thread 68 - PartitionProcessorThre...81-887c-7a6db88bc8de-1-11 |  1430000 |   452000 |   540882621 |  18369426102 |         0 |      0 |  1795669257 |       0 |      0 |         0 
 85604 Thread 69 - PartitionProcessorThre...81-887c-7a6db88bc8de-1-12 |  1396000 |   487000 |   541164254 |  18379721239 |         0 |      0 |  1681231528 |       0 |      0 |         0 
 85605 Thread 70 - PartitionProcessorThre...81-887c-7a6db88bc8de-1-13 |  1437000 |   480000 |   551164996 |  18712132465 |         0 |      0 |  1682538406 |       0 |      0 |         0 
 85606 Thread 71 - PartitionProcessorThre...81-887c-7a6db88bc8de-1-14 |  1451000 |   466000 |   550854738 |  18711941184 |         0 |      0 |  1807711681 |       0 |      0 |         0 
 85607 Thread 72 - PartitionProcessorThre...81-887c-7a6db88bc8de-1-15 |  1427000 |   442000 |   536353375 |  18243459231 |         0 |      0 |  1716533961 |       0 |      0 |         0 
 85608 Thread 73 - PartitionProcessorThre...81-887c-7a6db88bc8de-1-16 |  1427000 |   475000 |   547134902 |  18565956879 |         0 |      0 |  1865903949 |       0 |      0 |         0 
 85609 Thread 74 - PartitionProcessorThre...81-887c-7a6db88bc8de-1-17 |  1387000 |   445000 |   526690363 |  17882492282 |         0 |      0 |  1635935177 |       0 |      0 |         0 
 85610 Thread 75 - PartitionProcessorThre...81-887c-7a6db88bc8de-1-18 |  1373000 |   510000 |   541478500 |  18379814871 |         0 |      0 |  1569890833 |       0 |      0 |         0 
 85611 Thread 76 - PartitionProcessorThre...81-887c-7a6db88bc8de-1-19 |  1402000 |   489000 |   543142668 |  18456564200 |         0 |      0 |  1707275254 |       0 |      0 |         0 
 86062 Thread 77 - process reaper                                     |     1000 |     1000 |      587613 |     19546480 |         0 |      0 |           0 |       0 |      0 |         0 
 86067 Thread 78 - Attach Listener                                    |   405000 |   104000 |   149331650 |   4975467112 |   5304320 | 205824 |    10048943 |       0 |      0 |         0 
