                                 Task                                 |  utime   |  stime   |     rss     |     vmem     |   read    | write  |    d:cpu    | d:bio  | d:swap | d:reclaim 
 52041 Thread 1 - main                                                |   578000 |    68000 |    39467612 |   4890077556 |  21203968 |   1024 |     6979823 |      0 |      0 |         0 
 52063 Thread 2 - Reference Handler                                   |     8000 |     1000 |     1019917 |     71190980 |         0 |      0 |        2129 |      0 |      0 |         0 
 52064 Thread 3 - Finalizer                                           |     6000 |     1000 |      688015 |     54304042 |      5120 |      0 |      402913 |      0 |      0 |         0 
 52065 Thread 4 - Surrogate Locker Thread (Concurrent GC)             |        0 |        0 |           0 |            0 |         0 |      0 |           0 |      0 |      0 |         0 
 52066 Thread 5 - Signal Dispatcher                                   |        0 |        0 |           0 |            0 |         0 |      0 |           0 |      0 |      0 |         0 
 52074 Thread 11 - DecatonSubscriptionThread-decaton-benchmark        | 26684000 | 29426000 | 16636117094 | 546117125077 | 586464256 | 126976 | 17576522417 | 104524 |      0 |         0 
 52076 Thread 13 - kafka-coordinator-hear...hread | decaton-benchmark |   177000 |    48000 |    66857054 |   2191293378 |   5211136 |   4096 |    18908707 | 379847 |      0 |         0 
 52079 Thread 14 - PartitionProcessorThre...7d0-a687-90cb0064df45-2-0 |  1243000 |   407000 |   487578610 |  16085029445 |     91136 |      0 |  1232318523 |      0 |      0 |         0 
 52080 Thread 15 - PartitionProcessorThre...7d0-a687-90cb0064df45-2-1 |  1248000 |   385000 |   482949067 |  15923997578 |     64512 |      0 |  1320269112 |      0 |      0 |         0 
 52081 Thread 16 - PartitionProcessorThre...7d0-a687-90cb0064df45-2-2 |  1246000 |   382000 |   482339067 |  15871882578 |         0 |      0 |  1402406675 |      0 |      0 |         0 
 52082 Thread 17 - PartitionProcessorThre...7d0-a687-90cb0064df45-2-3 |  1221000 |   434000 |   491267317 |  16143490293 |      1024 |      0 |  1463845964 |      0 |      0 |         0 
 52083 Thread 18 - PartitionProcessorThre...7d0-a687-90cb0064df45-2-4 |  1125000 |   406000 |   453247243 |  14930793406 |      3072 |      0 |  1374677487 |      0 |      0 |         0 
 52084 Thread 19 - PartitionProcessorThre...7d0-a687-90cb0064df45-2-5 |  1161000 |   377000 |   454563688 |  15000733199 |         0 |      0 |  1185072543 |      0 |      0 |         0 
 52085 Thread 20 - PartitionProcessorThre...7d0-a687-90cb0064df45-2-6 |  1339000 |   398000 |   515492945 |  16944925000 |         0 |      0 |  1286397574 |      0 |      0 |         0 
 52086 Thread 21 - PartitionProcessorThre...7d0-a687-90cb0064df45-2-7 |  1195000 |   429000 |   479461262 |  15840656148 |         0 |      0 |  1355290668 |      0 |      0 |         0 
 52087 Thread 22 - PartitionProcessorThre...7d0-a687-90cb0064df45-2-8 |  1236000 |   381000 |   477839996 |  15771129390 |         0 |      0 |  1464095896 |      0 |      0 |         0 
 52088 Thread 23 - PartitionProcessorThre...7d0-a687-90cb0064df45-2-9 |  1191000 |   425000 |   478386832 |  15762088996 |      1024 |      0 |  1379466918 |      0 |      0 |         0 
 52089 Thread 24 - PartitionProcessorThre...d0-a687-90cb0064df45-2-10 |  1237000 |   426000 |   490389465 |  16220650800 |         0 |      0 |  1396093091 |      0 |      0 |         0 
 52090 Thread 25 - PartitionProcessorThre...d0-a687-90cb0064df45-2-11 |  1193000 |   434000 |   482505629 |  15871015113 |         0 |      0 |  1463924442 |      0 |      0 |         0 
 52091 Thread 26 - PartitionProcessorThre...d0-a687-90cb0064df45-2-12 |  1209000 |   430000 |   486795809 |  15986491011 |  10831872 |      0 |  1489956621 |      0 |      0 |         0 
 52092 Thread 27 - PartitionProcessorThre...d0-a687-90cb0064df45-2-13 |  1248000 |   429000 |   497589410 |  16356942062 |         0 |      0 |  1401852099 |      0 |      0 |         0 
 52093 Thread 28 - PartitionProcessorThre...d0-a687-90cb0064df45-2-14 |  1287000 |   389000 |   496701293 |  16347033308 |         0 |      0 |  1403626969 |      0 |      0 |         0 
 52094 Thread 29 - PartitionProcessorThre...d0-a687-90cb0064df45-2-15 |  1213000 |   444000 |   488906774 |  16163314461 |         0 |      0 |  1683876177 |      0 |      0 |         0 
 52095 Thread 30 - PartitionProcessorThre...d0-a687-90cb0064df45-2-16 |  1245000 |   423000 |   491805645 |  16268281300 |     23552 |      0 |  1670498277 |      0 |      0 |         0 
 52096 Thread 31 - PartitionProcessorThre...d0-a687-90cb0064df45-2-17 |  1280000 |   438000 |   506971195 |  16754142210 |     18432 |      0 |  1624706464 |      0 |      0 |         0 
 52097 Thread 32 - PartitionProcessorThre...d0-a687-90cb0064df45-2-18 |  1221000 |   388000 |   476127852 |  15695011375 |         0 |      0 |  1281243503 |      0 |      0 |         0 
 52098 Thread 33 - PartitionProcessorThre...d0-a687-90cb0064df45-2-19 |  1264000 |   393000 |   490954113 |  16163062004 |         0 |      0 |  1498436872 |      0 |      0 |         0 
 52099 Thread 34 - PartitionProcessorThre...7d0-a687-90cb0064df45-1-0 |  1167000 |   391000 |   466141465 |  15199258863 |         0 |      0 |  1540075076 |      0 |      0 |         0 
 52100 Thread 35 - PartitionProcessorThre...7d0-a687-90cb0064df45-1-1 |  1190000 |   403000 |   476558461 |  15540633140 |         0 |      0 |  1558972737 |      0 |      0 |         0 
 52101 Thread 36 - PartitionProcessorThre...7d0-a687-90cb0064df45-1-2 |  1247000 |   372000 |   484099969 |  15793635652 |         0 |      0 |  1364505704 |      0 |      0 |         0 
 52102 Thread 37 - PartitionProcessorThre...7d0-a687-90cb0064df45-1-3 |  1190000 |   398000 |   474621860 |  15491430437 |         0 |      0 |  1454325825 |      0 |      0 |         0 
 52103 Thread 38 - PartitionProcessorThre...7d0-a687-90cb0064df45-1-4 |  1170000 |   417000 |   474321008 |  15482057840 |         0 |      0 |  1559365476 |      0 |      0 |         0 
 52104 Thread 39 - PartitionProcessorThre...7d0-a687-90cb0064df45-1-5 |  1221000 |   367000 |   474887797 |  15491541371 |         0 |      0 |  1627261734 |      0 |      0 |         0 
 52105 Thread 40 - PartitionProcessorThre...7d0-a687-90cb0064df45-1-6 |  1259000 |   398000 |   495785555 |  16164631160 |         0 |      0 |  1583863228 |      0 |      0 |         0 
 52106 Thread 41 - PartitionProcessorThre...7d0-a687-90cb0064df45-1-7 |  1214000 |   422000 |   488891176 |  15960063562 |         0 |      0 |  1422255481 |      0 |      0 |         0 
 52107 Thread 42 - PartitionProcessorThre...7d0-a687-90cb0064df45-1-8 |  1202000 |   406000 |   480170832 |  15686850410 |         0 |      0 |  1492009395 |      0 |      0 |         0 
 52108 Thread 43 - PartitionProcessorThre...7d0-a687-90cb0064df45-1-9 |  1162000 |   411000 |   470614696 |  15345601262 |         0 |      0 |  1379278297 |      0 |      0 |         0 
 52109 Thread 44 - PartitionProcessorThre...d0-a687-90cb0064df45-1-10 |  1207000 |   366000 |   470461379 |  15345277234 |         0 |      0 |  1451916687 |      0 |      0 |         0 
 52110 Thread 45 - PartitionProcessorThre...d0-a687-90cb0064df45-1-11 |  1231000 |   370000 |   478866422 |  15618420258 |         0 |      0 |  1400151443 |      0 |      0 |         0 
 52111 Thread 46 - PartitionProcessorThre...d0-a687-90cb0064df45-1-12 |  1230000 |   395000 |   484974949 |  15852538863 |      3072 |      0 |  1518441991 |      0 |      0 |         0 
 52112 Thread 47 - PartitionProcessorThre...d0-a687-90cb0064df45-1-13 |  1191000 |   430000 |   484314114 |  15813293078 |         0 |      0 |  1470708977 |      0 |      0 |         0 
 52113 Thread 48 - PartitionProcessorThre...d0-a687-90cb0064df45-1-14 |  1157000 |   415000 |   470021457 |  15335661230 |         0 |      0 |  1423186532 |      0 |      0 |         0 
 52114 Thread 49 - PartitionProcessorThre...d0-a687-90cb0064df45-1-15 |  1201000 |   362000 |   466823282 |  15247920273 |         0 |      0 |  1288323775 |      0 |      0 |         0 
 52115 Thread 50 - PartitionProcessorThre...d0-a687-90cb0064df45-1-16 |  1246000 |   371000 |   482295914 |  15774602011 |         0 |      0 |  1396392285 |      0 |      0 |         0 
 52116 Thread 51 - PartitionProcessorThre...d0-a687-90cb0064df45-1-17 |  1239000 |   396000 |   487825742 |  15950051851 |         0 |      0 |  1405375372 |      0 |      0 |         0 
 52117 Thread 52 - PartitionProcessorThre...d0-a687-90cb0064df45-1-18 |  1240000 |   390000 |   488603676 |  15901755414 |         0 |      0 |  1446766150 |      0 |      0 |         0 
 52118 Thread 53 - PartitionProcessorThre...d0-a687-90cb0064df45-1-19 |  1232000 |   432000 |   496630918 |  16232881152 |         0 |      0 |  1388869471 |      0 |      0 |         0 
 52119 Thread 54 - PartitionProcessorThre...7d0-a687-90cb0064df45-0-0 |  1157000 |   379000 |   459950043 |  14984314875 |         0 |      0 |  1198590341 |      0 |      0 |         0 
 52120 Thread 55 - PartitionProcessorThre...7d0-a687-90cb0064df45-0-1 |  1241000 |   422000 |   498666309 |  16223311242 |         0 |      0 |  1475839228 |      0 |      0 |         0 
 52121 Thread 56 - PartitionProcessorThre...7d0-a687-90cb0064df45-0-2 |  1316000 |   414000 |   518628125 |  16877104312 |         0 |      0 |  1384595546 |      0 |      0 |         0 
 52122 Thread 57 - PartitionProcessorThre...7d0-a687-90cb0064df45-0-3 |  1209000 |   373000 |   473446832 |  15432740246 |         0 |      0 |  1377685602 |      0 |      0 |         0 
 52123 Thread 58 - PartitionProcessorThre...7d0-a687-90cb0064df45-0-4 |  1210000 |   395000 |   481569430 |  15657553078 |         0 |      0 |  1586452433 |      0 |      0 |         0 
 52124 Thread 59 - PartitionProcessorThre...7d0-a687-90cb0064df45-0-5 |  1194000 |   387000 |   473574055 |  15423137562 |         0 |      0 |  1503648912 |      0 |      0 |         0 
 52125 Thread 60 - PartitionProcessorThre...7d0-a687-90cb0064df45-0-6 |  1189000 |   419000 |   482257992 |  15686433230 |         0 |      0 |  1391849355 |      0 |      0 |         0 
 52126 Thread 61 - PartitionProcessorThre...7d0-a687-90cb0064df45-0-7 |  1249000 |   379000 |   487948465 |  15881732875 |         0 |      0 |  1312489723 |      0 |      0 |         0 
 52127 Thread 62 - PartitionProcessorThre...7d0-a687-90cb0064df45-0-8 |  1227000 |   410000 |   491071133 |  15969715172 |         0 |      0 |  1337143951 |      0 |      0 |         0 
 52128 Thread 63 - PartitionProcessorThre...7d0-a687-90cb0064df45-0-9 |  1196000 |   440000 |   491101899 |  15960192699 |         0 |      0 |  1369736811 |      0 |      0 |         0 
 52129 Thread 64 - PartitionProcessorThre...d0-a687-90cb0064df45-0-10 |  1238000 |   338000 |   472926520 |  15374342340 |         0 |      0 |  1263880351 |      0 |      0 |         0 
 52130 Thread 65 - PartitionProcessorThre...d0-a687-90cb0064df45-0-11 |  1180000 |   416000 |   479036449 |  15569615793 |         0 |      0 |  1335794824 |      0 |      0 |         0 
 52131 Thread 66 - PartitionProcessorThre...d0-a687-90cb0064df45-0-12 |  1205000 |   407000 |   484135762 |  15726289418 |         0 |      0 |  1185283770 |      0 |      0 |         0 
 52132 Thread 67 - PartitionProcessorThre...d0-a687-90cb0064df45-0-13 |  1141000 |   381000 |   456321844 |  14847917297 |         0 |      0 |  1271527737 |      0 |      0 |         0 
 52133 Thread 68 - PartitionProcessorThre...d0-a687-90cb0064df45-0-14 |  1148000 |   400000 |   463784008 |  15101405777 |         0 |      0 |   985265954 |      0 |      0 |         0 
 52134 Thread 69 - PartitionProcessorThre...d0-a687-90cb0064df45-0-15 |  1139000 |   417000 |   466654532 |  15179439137 |         0 |      0 |  1174141569 |      0 |      0 |         0 
 52135 Thread 70 - PartitionProcessorThre...d0-a687-90cb0064df45-0-16 |  1241000 |   380000 |   485373430 |  15813653320 |         0 |      0 |  1457239420 |      0 |      0 |         0 
 52136 Thread 71 - PartitionProcessorThre...d0-a687-90cb0064df45-0-17 |  1270000 |   378000 |   494111945 |  16077012183 |         0 |      0 |  1428419410 |      0 |      0 |         0 
 52137 Thread 72 - PartitionProcessorThre...d0-a687-90cb0064df45-0-18 |  1198000 |   418000 |   484186313 |  15764635746 |         0 |      0 |  1403495917 |      0 |      0 |         0 
 52138 Thread 73 - PartitionProcessorThre...d0-a687-90cb0064df45-0-19 |  1263000 |   392000 |   496099348 |  16145662148 |         0 |      0 |  1370755864 |      0 |      0 |         0 
 52538 Thread 74 - process reaper                                     |     2000 |        0 |      656093 |     19571249 |      2048 |      0 |        2952 |      0 |      0 |         0 
 52544 Thread 75 - Attach Listener                                    |   375000 |    93000 |   142656913 |   4573464659 |   5304320 | 166912 |     1434447 |      0 |      0 |         0 
