                                Task                                 |  utime   |  stime   |     rss     |     vmem     |   read    | write  |    d:cpu    | d:bio  | d:swap | d:reclaim 
 6720 Thread 1 - main                                                |   766000 |   138000 |    58280662 |   6924367670 |  34339840 |   1024 |     9755293 |      0 |      0 |         0 
 6742 Thread 2 - Reference Handler                                   |     5000 |     1000 |      705734 |     50545718 |         0 |      0 |       83319 |      0 |      0 |         0 
 6743 Thread 3 - Finalizer                                           |     5000 |        0 |      344898 |     37813570 |      5120 |      0 |     1380972 |      0 |      0 |         0 
 6744 Thread 4 - Surrogate Locker Thread (Concurrent GC)             |        0 |        0 |           0 |            0 |         0 |      0 |       10029 |      0 |      0 |         0 
 6745 Thread 5 - Signal Dispatcher                                   |        0 |        0 |           0 |            0 |         0 |      0 |        5853 |      0 |      0 |         0 
 6754 Thread 12 - RMI Scheduler(0)                                   |     3000 |     1000 |     1000390 |     37095285 |      4096 |      0 |      193811 |      0 |      0 |         0 
 6755 Thread 13 - RMI RenewClean-[10.231.182.152:35603]              |     1000 |        0 |       82503 |      7893261 |      1024 |      0 |           0 |      0 |      0 |         0 
 6756 Thread 14 - GC Daemon                                          |        0 |        0 |           0 |            0 |         0 |      0 |           0 |      0 |      0 |         0 
 6758 Thread 15 - DecatonSubscriptionThread-decaton-benchmark        | 23939000 | 33988000 | 17037192736 | 564440152636 | 574179328 | 135168 | 16811188870 | 207658 |      0 |         0 
 6759 Thread 16 - kafka-coordinator-hear...hread | decaton-benchmark |   193000 |    48000 |    69810710 |   2349518585 |   5526528 |   5120 |    20047777 | 233204 |      0 |         0 
 6762 Thread 17 - PartitionProcessorThre...c5a-8278-329f4e5dd89e-2-0 |  1155000 |   444000 |   467976868 |  15585048484 |     34816 |      0 |  1318588851 |      0 |      0 |         0 
 6763 Thread 18 - PartitionProcessorThre...c5a-8278-329f4e5dd89e-2-1 |  1194000 |   406000 |   470765309 |  15607666121 |         0 |      0 |  1059833478 |      0 |      0 |         0 
 6764 Thread 19 - PartitionProcessorThre...c5a-8278-329f4e5dd89e-2-2 |  1141000 |   394000 |   450580548 |  14971122285 |      4096 |      0 |  1133079543 |      0 |      0 |         0 
 6765 Thread 20 - PartitionProcessorThre...c5a-8278-329f4e5dd89e-2-3 |  1171000 |   438000 |   470965911 |  15690451140 |      1024 |      0 |   919757995 |      0 |      0 |         0 
 6766 Thread 21 - PartitionProcessorThre...c5a-8278-329f4e5dd89e-2-4 |  1221000 |   465000 |   493913317 |  16445393007 |         0 |      0 |  1124435274 |      0 |      0 |         0 
 6767 Thread 22 - PartitionProcessorThre...c5a-8278-329f4e5dd89e-2-5 |  1192000 |   404000 |   466847969 |  15562521089 |      2048 |      0 |  1115516901 |      0 |      0 |         0 
 6768 Thread 23 - PartitionProcessorThre...c5a-8278-329f4e5dd89e-2-6 |  1208000 |   441000 |   482998165 |  16085279316 |         0 |      0 |  1178914036 |      0 |      0 |         0 
 6769 Thread 24 - PartitionProcessorThre...c5a-8278-329f4e5dd89e-2-7 |  1130000 |   436000 |   460046466 |  15277674210 |         0 |      0 |   944390074 |      0 |      0 |         0 
 6770 Thread 25 - PartitionProcessorThre...c5a-8278-329f4e5dd89e-2-8 |  1211000 |   373000 |   463174712 |  15450518093 |         0 |      0 |  1166288772 |      0 |      0 |         0 
 6771 Thread 26 - PartitionProcessorThre...c5a-8278-329f4e5dd89e-2-9 |  1179000 |   425000 |   471290110 |  15646959128 |         0 |      0 |  1298096761 |      0 |      0 |         0 
 6772 Thread 27 - PartitionProcessorThre...5a-8278-329f4e5dd89e-2-10 |  1143000 |   390000 |   450704391 |  14954525781 |         0 |      0 |  1173370980 |      0 |      0 |         0 
 6773 Thread 28 - PartitionProcessorThre...5a-8278-329f4e5dd89e-2-11 |  1220000 |   402000 |   475887360 |  15823795453 |         0 |      0 |  1286591158 |      0 |      0 |         0 
 6774 Thread 29 - PartitionProcessorThre...5a-8278-329f4e5dd89e-2-12 |  1149000 |   427000 |   461778739 |  15374438121 |         0 |      0 |  1198397332 |      0 |      0 |         0 
 6775 Thread 30 - PartitionProcessorThre...5a-8278-329f4e5dd89e-2-13 |  1246000 |   409000 |   487352067 |  16146218827 |         0 |      0 |  1130294324 |      0 |      0 |         0 
 6776 Thread 31 - PartitionProcessorThre...5a-8278-329f4e5dd89e-2-14 |  1215000 |   402000 |   476598973 |  15776034249 |         0 |      0 |  1097499011 |      0 |      0 |         0 
 6777 Thread 32 - PartitionProcessorThre...5a-8278-329f4e5dd89e-2-15 |  1129000 |   416000 |   454851247 |  15073899554 |         0 |      0 |  1155971687 |      0 |      0 |         0 
 6778 Thread 33 - PartitionProcessorThre...5a-8278-329f4e5dd89e-2-16 |  1213000 |   416000 |   476909629 |  15891251531 |         0 |      0 |  1197111214 |      0 |      0 |         0 
 6779 Thread 34 - PartitionProcessorThre...5a-8278-329f4e5dd89e-2-17 |  1197000 |   390000 |   465847407 |  15483189312 |         0 |      0 |  1160449959 |      0 |      0 |         0 
 6781 Thread 35 - PartitionProcessorThre...5a-8278-329f4e5dd89e-2-18 |  1181000 |   440000 |   475666219 |  15814307566 |         0 |      0 |  1254843733 |      0 |      0 |         0 
 6782 Thread 36 - PartitionProcessorThre...5a-8278-329f4e5dd89e-2-19 |  1233000 |   400000 |   478691133 |  15931066968 |         0 |      0 |   994367240 |      0 |      0 |         0 
 6783 Thread 37 - PartitionProcessorThre...c5a-8278-329f4e5dd89e-1-0 |  1167000 |   390000 |   455917169 |  15192994785 |         0 |      0 |  1061201410 |      0 |      0 |         0 
 6784 Thread 38 - PartitionProcessorThre...c5a-8278-329f4e5dd89e-1-1 |  1235000 |   403000 |   480605110 |  15983693218 |  10832896 |      0 |  1020666131 |      0 |      0 |         0 
 6785 Thread 39 - PartitionProcessorThre...c5a-8278-329f4e5dd89e-1-2 |  1272000 |   424000 |   497875032 |  16549443878 |         0 |      0 |  1221530431 |      0 |      0 |         0 
 6786 Thread 40 - PartitionProcessorThre...c5a-8278-329f4e5dd89e-1-3 |  1162000 |   430000 |   466419516 |  15534218828 |         0 |      0 |   894379111 |      0 |      0 |         0 
 6787 Thread 41 - PartitionProcessorThre...c5a-8278-329f4e5dd89e-1-4 |  1226000 |   425000 |   484195301 |  16109958968 |         0 |      0 |  1168260711 |      0 |      0 |         0 
 6788 Thread 42 - PartitionProcessorThre...c5a-8278-329f4e5dd89e-1-5 |  1113000 |   394000 |   443291376 |  14705054457 |         0 |      0 |  1263052259 |      0 |      0 |         0 
 6789 Thread 43 - PartitionProcessorThre...c5a-8278-329f4e5dd89e-1-6 |  1160000 |   389000 |   455936094 |  15115175140 |         0 |      0 |  1242859588 |      0 |      0 |         0 
 6790 Thread 44 - PartitionProcessorThre...c5a-8278-329f4e5dd89e-1-7 |  1169000 |   356000 |   445841751 |  14880455589 |         0 |      0 |  1069944930 |      0 |      0 |         0 
 6791 Thread 45 - PartitionProcessorThre...c5a-8278-329f4e5dd89e-1-8 |  1182000 |   444000 |   477851051 |  15865892816 |      1024 |      0 |  1157565735 |      0 |      0 |         0 
 6792 Thread 46 - PartitionProcessorThre...c5a-8278-329f4e5dd89e-1-9 |  1229000 |   428000 |   486382200 |  16169049132 |         0 |      0 |  1109701858 |      0 |      0 |         0 
 6793 Thread 47 - PartitionProcessorThre...5a-8278-329f4e5dd89e-1-10 |  1220000 |   425000 |   482222262 |  16051444781 |         0 |      0 |   822341141 |      0 |      0 |         0 
 6794 Thread 48 - PartitionProcessorThre...5a-8278-329f4e5dd89e-1-11 |  1189000 |   437000 |   476627911 |  15866155140 |         0 |      0 |   786302688 |      0 |      0 |         0 
 6795 Thread 49 - PartitionProcessorThre...5a-8278-329f4e5dd89e-1-12 |  1146000 |   396000 |   452596555 |  15047011394 |         0 |      0 |  1016668467 |      0 |      0 |         0 
 6796 Thread 50 - PartitionProcessorThre...5a-8278-329f4e5dd89e-1-13 |  1178000 |   423000 |   469751282 |  15622259800 |         0 |      0 |  1152100041 |      0 |      0 |         0 
 6797 Thread 51 - PartitionProcessorThre...5a-8278-329f4e5dd89e-1-14 |  1217000 |   411000 |   476068676 |  15885377777 |         0 |      0 |  1039487293 |      0 |      0 |         0 
 6798 Thread 52 - PartitionProcessorThre...5a-8278-329f4e5dd89e-1-15 |  1184000 |   395000 |   463174731 |  15407362035 |         0 |      0 |  1259730843 |      0 |      0 |         0 
 6799 Thread 53 - PartitionProcessorThre...5a-8278-329f4e5dd89e-1-16 |  1191000 |   412000 |   470933329 |  15641800699 |         0 |      0 |  1262372423 |      0 |      0 |         0 
 6800 Thread 54 - PartitionProcessorThre...5a-8278-329f4e5dd89e-1-17 |  1194000 |   414000 |   470554297 |  15690456023 |         0 |      0 |  1089973418 |      0 |      0 |         0 
 6801 Thread 55 - PartitionProcessorThre...5a-8278-329f4e5dd89e-1-18 |  1201000 |   439000 |   479654555 |  16002641499 |         0 |      0 |  1186908000 |      0 |      0 |         0 
 6802 Thread 56 - PartitionProcessorThre...5a-8278-329f4e5dd89e-1-19 |  1133000 |   401000 |   450891157 |  14968731191 |         0 |      0 |  1178995421 |      0 |      0 |         0 
 6803 Thread 57 - PartitionProcessorThre...c5a-8278-329f4e5dd89e-0-0 |  1299000 |   412000 |   504726977 |  16696285132 |         0 |      0 |  1204642229 |      0 |      0 |         0 
 6804 Thread 58 - PartitionProcessorThre...c5a-8278-329f4e5dd89e-0-1 |  1156000 |   404000 |   461841348 |  15222597671 |         0 |      0 |  1101804475 |      0 |      0 |         0 
 6805 Thread 59 - PartitionProcessorThre...c5a-8278-329f4e5dd89e-0-2 |  1238000 |   419000 |   491082544 |  16169608038 |         0 |      0 |  1063055384 |      0 |      0 |         0 
 6806 Thread 60 - PartitionProcessorThre...c5a-8278-329f4e5dd89e-0-3 |  1170000 |   382000 |   458554551 |  15144445238 |         0 |      0 |   954222678 |      0 |      0 |         0 
 6807 Thread 61 - PartitionProcessorThre...c5a-8278-329f4e5dd89e-0-4 |  1199000 |   398000 |   471669391 |  15583752456 |         0 |      0 |   984832774 |      0 |      0 |         0 
 6808 Thread 62 - PartitionProcessorThre...c5a-8278-329f4e5dd89e-0-5 |  1181000 |   445000 |   480907606 |  15866602261 |         0 |      0 |  1273084109 |      0 |      0 |         0 
 6809 Thread 63 - PartitionProcessorThre...c5a-8278-329f4e5dd89e-0-6 |  1190000 |   394000 |   468652309 |  15456945203 |         0 |      0 |  1182461554 |      0 |      0 |         0 
 6810 Thread 64 - PartitionProcessorThre...c5a-8278-329f4e5dd89e-0-7 |  1148000 |   424000 |   464988415 |  15339791320 |         0 |      0 |  1283564710 |      0 |      0 |         0 
 6811 Thread 65 - PartitionProcessorThre...c5a-8278-329f4e5dd89e-0-8 |  1146000 |   413000 |   461363547 |  15212538082 |         0 |      0 |   997040418 |      0 |      0 |         0 
 6812 Thread 66 - PartitionProcessorThre...c5a-8278-329f4e5dd89e-0-9 |  1139000 |   413000 |   457946333 |  15144597793 |         0 |      0 |  1135724168 |      0 |      0 |         0 
 6813 Thread 67 - PartitionProcessorThre...5a-8278-329f4e5dd89e-0-10 |  1184000 |   415000 |   473092571 |  15603335976 |         0 |      0 |  1308204084 |      0 |      0 |         0 
 6814 Thread 68 - PartitionProcessorThre...5a-8278-329f4e5dd89e-0-11 |  1123000 |   399000 |   450502215 |  14852043195 |         0 |      0 |  1316148607 |      0 |      0 |         0 
 6815 Thread 69 - PartitionProcessorThre...5a-8278-329f4e5dd89e-0-12 |  1168000 |   370000 |   454482887 |  15007819023 |         0 |      0 |  1058512818 |      0 |      0 |         0 
 6816 Thread 70 - PartitionProcessorThre...5a-8278-329f4e5dd89e-0-13 |  1138000 |   412000 |   458099442 |  15125032320 |         0 |      0 |  1023544605 |      0 |      0 |         0 
 6817 Thread 71 - PartitionProcessorThre...5a-8278-329f4e5dd89e-0-14 |  1192000 |   405000 |   473009598 |  15583946746 |         0 |      0 |  1125268920 |      0 |      0 |         0 
 6818 Thread 72 - PartitionProcessorThre...5a-8278-329f4e5dd89e-0-15 |  1168000 |   390000 |   460784391 |  15203427429 |         0 |      0 |  1147618442 |      0 |      0 |         0 
 6819 Thread 73 - PartitionProcessorThre...5a-8278-329f4e5dd89e-0-16 |  1131000 |   411000 |   456092966 |  15047036441 |         0 |      0 |  1120377221 |      0 |      0 |         0 
 6820 Thread 74 - PartitionProcessorThre...5a-8278-329f4e5dd89e-0-17 |  1154000 |   380000 |   453710055 |  14968793886 |         0 |      0 |  1180089525 |      0 |      0 |         0 
 6821 Thread 75 - PartitionProcessorThre...5a-8278-329f4e5dd89e-0-18 |  1149000 |   430000 |   466786391 |  15408069386 |         0 |      0 |  1143523473 |      0 |      0 |         0 
 6822 Thread 76 - PartitionProcessorThre...5a-8278-329f4e5dd89e-0-19 |  1206000 |   444000 |   488236809 |  16100850659 |         0 |      0 |  1384020384 |      0 |      0 |         0 
 7311 Thread 77 - process reaper                                     |        0 |     1000 |      317617 |      9787464 |         0 |      0 |           0 |      0 |      0 |         0 
 7317 Thread 78 - Attach Listener                                    |   409000 |    85000 |   149534370 |   4828548706 |   4873216 | 104448 |     2415300 |      0 |      0 |         0 
