                                 Task                                 |  utime   |  stime   |     rss     |     vmem     |   read    | write  |    d:cpu    |  d:bio  | d:swap | d:reclaim 
 80936 Thread 1 - main                                                |   549000 |    80000 |    37690823 |   4768857342 |  21055488 |   1024 |     2898480 |       0 |      0 |         0 
 80958 Thread 2 - Reference Handler                                   |     6000 |     1000 |      640464 |     53601535 |         0 |      0 |     2511169 |       0 |      0 |         0 
 80959 Thread 3 - Finalizer                                           |     4000 |     1000 |      406335 |     37993390 |      5120 |      0 |     3085380 |       0 |      0 |         0 
 80960 Thread 4 - Surrogate Locker Thread (Concurrent GC)             |     1000 |        0 |       30011 |      7163285 |         0 |      0 |        4766 |       0 |      0 |         0 
 80961 Thread 5 - Signal Dispatcher                                   |        0 |     1000 |      304425 |      9755031 |         0 |      0 |           0 |       0 |      0 |         0 
 80971 Thread 11 - DecatonSubscriptionThread-decaton-benchmark        | 29494000 | 32718000 | 18799074705 | 605846885797 | 637158400 | 128000 | 19632881178 | 4922161 |      0 |         0 
 80972 Thread 13 - kafka-coordinator-hear...hread | decaton-benchmark |   158000 |    47000 |    60951730 |   1996366589 |   5997568 |   4096 |    43431129 |  237500 |      0 |         0 
 80976 Thread 14 - PartitionProcessorThre...53c-af36-8563c21ec8ca-2-0 |  1317000 |   477000 |   538363554 |  17481753110 |     33792 |      0 |  1581182017 |       0 |      0 |         0 
 80977 Thread 15 - PartitionProcessorThre...53c-af36-8563c21ec8ca-2-1 |  1337000 |   472000 |   543154472 |  17633982008 |    124928 |      0 |  1555364501 |       0 |      0 |         0 
 80978 Thread 16 - PartitionProcessorThre...53c-af36-8563c21ec8ca-2-2 |  1267000 |   478000 |   527237207 |  17025182149 |         0 |      0 |  1661276201 |       0 |      0 |         0 
 80979 Thread 17 - PartitionProcessorThre...53c-af36-8563c21ec8ca-2-3 |  1346000 |   450000 |   542875191 |  17525370793 |         0 |      0 |  1489436871 |       0 |      0 |         0 
 80980 Thread 18 - PartitionProcessorThre...53c-af36-8563c21ec8ca-2-4 |  1229000 |   463000 |   510344891 |  16509580461 |         0 |      0 |  1368216636 |       0 |      0 |         0 
 80981 Thread 19 - PartitionProcessorThre...53c-af36-8563c21ec8ca-2-5 |  1289000 |   436000 |   520034433 |  16828073899 |         0 |      0 |  1437828582 |       0 |      0 |         0 
 80982 Thread 20 - PartitionProcessorThre...53c-af36-8563c21ec8ca-2-6 |  1233000 |   434000 |   504621676 |  16266509375 |         0 |      0 |  1331841377 |       0 |      0 |         0 
 80983 Thread 21 - PartitionProcessorThre...53c-af36-8563c21ec8ca-2-7 |  1212000 |   434000 |   495971777 |  16060912286 |         0 |      0 |  1534882061 |       0 |      0 |         0 
 80984 Thread 22 - PartitionProcessorThre...53c-af36-8563c21ec8ca-2-8 |  1306000 |   432000 |   525874090 |  16957909102 |         0 |      0 |  1371302715 |       0 |      0 |         0 
 80985 Thread 23 - PartitionProcessorThre...53c-af36-8563c21ec8ca-2-9 |  1242000 |   422000 |   503459863 |  16237704122 |         0 |      0 |  1436250965 |       0 |      0 |         0 
 80986 Thread 24 - PartitionProcessorThre...3c-af36-8563c21ec8ca-2-10 |  1270000 |   424000 |   510008184 |  16527001282 |         0 |      0 |  1340000180 |       0 |      0 |         0 
 80987 Thread 25 - PartitionProcessorThre...3c-af36-8563c21ec8ca-2-11 |  1307000 |   495000 |   542837191 |  17583114918 |      1024 |      0 |  1548349049 |       0 |      0 |         0 
 80988 Thread 26 - PartitionProcessorThre...3c-af36-8563c21ec8ca-2-12 |  1340000 |   422000 |   529731738 |  17189591528 |         0 |      0 |  1503790230 |       0 |      0 |         0 
 80989 Thread 27 - PartitionProcessorThre...3c-af36-8563c21ec8ca-2-13 |  1351000 |   466000 |   549391601 |  17728869582 |         0 |      0 |  1460819720 |       0 |      0 |         0 
 80990 Thread 28 - PartitionProcessorThre...3c-af36-8563c21ec8ca-2-14 |  1281000 |   452000 |   522522234 |  16908145352 |         0 |      0 |  1291548386 |       0 |      0 |         0 
 80991 Thread 29 - PartitionProcessorThre...3c-af36-8563c21ec8ca-2-15 |  1235000 |   452000 |   509585098 |  16457228090 |      5120 |      0 |  1515155359 |       0 |      0 |         0 
 80992 Thread 30 - PartitionProcessorThre...3c-af36-8563c21ec8ca-2-16 |  1255000 |   434000 |   509575453 |  16478103981 |     36864 |      0 |  1417883487 |       0 |      0 |         0 
 80993 Thread 31 - PartitionProcessorThre...3c-af36-8563c21ec8ca-2-17 |  1246000 |   454000 |   512952262 |  16586382555 |      3072 |      0 |  1535944325 |       0 |      0 |         0 
 80994 Thread 32 - PartitionProcessorThre...3c-af36-8563c21ec8ca-2-18 |  1266000 |   480000 |   527104898 |  17036570207 |         0 |      0 |  1580950240 |       0 |      0 |         0 
 80995 Thread 33 - PartitionProcessorThre...3c-af36-8563c21ec8ca-2-19 |  1404000 |   452000 |   558713640 |  18108528508 |      1024 |      0 |  1512372865 |       0 |      0 |         0 
 80996 Thread 34 - PartitionProcessorThre...53c-af36-8563c21ec8ca-0-0 |  1209000 |   484000 |   515495703 |  16520597028 |         0 |      0 |  1533874734 |       0 |      0 |         0 
 80997 Thread 35 - PartitionProcessorThre...53c-af36-8563c21ec8ca-0-1 |  1222000 |   397000 |   492529344 |  15798055083 |         0 |      0 |  1372153556 |       0 |      0 |         0 
 80998 Thread 36 - PartitionProcessorThre...53c-af36-8563c21ec8ca-0-2 |  1238000 |   471000 |   519950758 |  16676114090 |         0 |      0 |  1439490856 |       0 |      0 |         0 
 80999 Thread 37 - PartitionProcessorThre...53c-af36-8563c21ec8ca-0-3 |  1275000 |   437000 |   522134394 |  16705759907 |         0 |      0 |  1180187863 |       0 |      0 |         0 
 81000 Thread 38 - PartitionProcessorThre...53c-af36-8563c21ec8ca-0-4 |  1249000 |   446000 |   516904887 |  16540275297 |         0 |      0 |  1364360949 |       0 |      0 |         0 
 81001 Thread 39 - PartitionProcessorThre...53c-af36-8563c21ec8ca-0-5 |  1253000 |   457000 |   520385125 |  16686501497 |         0 |      0 |  1355498847 |       0 |      0 |         0 
 81002 Thread 40 - PartitionProcessorThre...53c-af36-8563c21ec8ca-0-6 |  1174000 |   451000 |   495758590 |  15857659774 |         0 |      0 |  1225349196 |       0 |      0 |         0 
 81003 Thread 41 - PartitionProcessorThre...53c-af36-8563c21ec8ca-0-7 |  1240000 |   472000 |   520535523 |  16705337207 |         0 |      0 |  1400802842 |       0 |      0 |         0 
 81004 Thread 42 - PartitionProcessorThre...53c-af36-8563c21ec8ca-0-8 |  1225000 |   446000 |   508031719 |  16306117668 |         0 |      0 |  1308369767 |       0 |      0 |         0 
 81005 Thread 43 - PartitionProcessorThre...53c-af36-8563c21ec8ca-0-9 |  1199000 |   439000 |   497693281 |  15983584044 |         0 |      0 |  1392023828 |       0 |      0 |         0 
 81006 Thread 44 - PartitionProcessorThre...3c-af36-8563c21ec8ca-0-10 |  1177000 |   422000 |   486215063 |  15602925587 |         0 |      0 |  1569105075 |       0 |      0 |         0 
 81007 Thread 45 - PartitionProcessorThre...3c-af36-8563c21ec8ca-0-11 |  1247000 |   482000 |   526572277 |  16871794043 |         0 |      0 |  1490594046 |       0 |      0 |         0 
 81008 Thread 46 - PartitionProcessorThre...3c-af36-8563c21ec8ca-0-12 |  1308000 |   469000 |   541950250 |  17340799621 |         0 |      0 |  1459028758 |       0 |      0 |         0 
 81009 Thread 47 - PartitionProcessorThre...3c-af36-8563c21ec8ca-0-13 |  1231000 |   408000 |   499976590 |  15994067294 |         0 |      0 |  1226967423 |       0 |      0 |         0 
 81010 Thread 48 - PartitionProcessorThre...3c-af36-8563c21ec8ca-0-14 |  1326000 |   458000 |   541904472 |  17407364590 |         0 |      0 |  1507779644 |       0 |      0 |         0 
 81011 Thread 49 - PartitionProcessorThre...3c-af36-8563c21ec8ca-0-15 |  1276000 |   392000 |   507992035 |  16276264625 |         0 |      0 |  1457498952 |       0 |      0 |         0 
 81012 Thread 50 - PartitionProcessorThre...3c-af36-8563c21ec8ca-0-16 |  1217000 |   452000 |   507286980 |  16285858586 |         0 |      0 |  1540961643 |       0 |      0 |         0 
 81013 Thread 51 - PartitionProcessorThre...3c-af36-8563c21ec8ca-0-17 |  1234000 |   411000 |   498965684 |  16051172688 |         0 |      0 |  1321546129 |       0 |      0 |         0 
 81014 Thread 52 - PartitionProcessorThre...3c-af36-8563c21ec8ca-0-18 |  1158000 |   439000 |   484711066 |  15582751180 |         0 |      0 |  1343460407 |       0 |      0 |         0 
 81015 Thread 53 - PartitionProcessorThre...3c-af36-8563c21ec8ca-0-19 |  1283000 |   426000 |   518553808 |  16675736977 |         0 |      0 |  1446114539 |       0 |      0 |         0 
 81016 Thread 54 - PartitionProcessorThre...53c-af36-8563c21ec8ca-1-0 |  1214000 |   450000 |   506760219 |  16237229391 |         0 |      0 |  1296846558 |       0 |      0 |         0 
 81017 Thread 55 - PartitionProcessorThre...53c-af36-8563c21ec8ca-1-1 |  1283000 |   456000 |   529560269 |  16969070578 |         0 |      0 |  1288573972 |       0 |      0 |         0 
 81018 Thread 56 - PartitionProcessorThre...53c-af36-8563c21ec8ca-1-2 |  1230000 |   449000 |   511973016 |  16384070883 |         0 |      0 |  1394487722 |       0 |      0 |         0 
 81019 Thread 57 - PartitionProcessorThre...53c-af36-8563c21ec8ca-1-3 |  1252000 |   420000 |   509689211 |  16315265680 |         0 |      0 |  1316929806 |       0 |      0 |         0 
 81020 Thread 58 - PartitionProcessorThre...53c-af36-8563c21ec8ca-1-4 |  1227000 |   417000 |   501024332 |  16042208626 |         0 |      0 |  1309197447 |       0 |      0 |         0 
 81021 Thread 59 - PartitionProcessorThre...53c-af36-8563c21ec8ca-1-5 |  1233000 |   474000 |   520686457 |  16657305872 |         0 |      0 |  1298207348 |       0 |      0 |         0 
 81022 Thread 60 - PartitionProcessorThre...53c-af36-8563c21ec8ca-1-6 |  1247000 |   465000 |   521948824 |  16706244360 |         0 |      0 |  1374835426 |       0 |      0 |         0 
 81023 Thread 61 - PartitionProcessorThre...53c-af36-8563c21ec8ca-1-7 |  1240000 |   446000 |   513832449 |  16452711008 |         0 |      0 |  1309573408 |       0 |      0 |         0 
 81024 Thread 62 - PartitionProcessorThre...53c-af36-8563c21ec8ca-1-8 |  1288000 |   463000 |   532605441 |  17085958512 |         0 |      0 |  1492901537 |       0 |      0 |         0 
 81025 Thread 63 - PartitionProcessorThre...53c-af36-8563c21ec8ca-1-9 |  1294000 |   419000 |   520835699 |  16714586809 |         0 |      0 |  1311132298 |       0 |      0 |         0 
 81026 Thread 64 - PartitionProcessorThre...3c-af36-8563c21ec8ca-1-10 |  1306000 |   452000 |   534543840 |  17154036207 |         0 |      0 |  1554381817 |       0 |      0 |         0 
 81027 Thread 65 - PartitionProcessorThre...3c-af36-8563c21ec8ca-1-11 |  1266000 |   426000 |   515608492 |  16511032801 |         0 |      0 |  1368958818 |       0 |      0 |         0 
 81028 Thread 66 - PartitionProcessorThre...3c-af36-8563c21ec8ca-1-12 |  1278000 |   453000 |   527390367 |  16891428848 |         0 |      0 |  1310261234 |       0 |      0 |         0 
 81029 Thread 67 - PartitionProcessorThre...3c-af36-8563c21ec8ca-1-13 |  1256000 |   477000 |   528543683 |  16910983633 |         0 |      0 |  1446796839 |       0 |      0 |         0 
 81030 Thread 68 - PartitionProcessorThre...3c-af36-8563c21ec8ca-1-14 |  1303000 |   425000 |   526370004 |  16861574629 |         0 |      0 |  1430847956 |       0 |      0 |         0 
 81031 Thread 69 - PartitionProcessorThre...3c-af36-8563c21ec8ca-1-15 |  1299000 |   454000 |   534172293 |  17105628125 |         0 |      0 |  1260563187 |       0 |      0 |         0 
 81032 Thread 70 - PartitionProcessorThre...3c-af36-8563c21ec8ca-1-16 |  1245000 |   521000 |   537889386 |  17232582043 |         0 |      0 |  1505945576 |       0 |      0 |         0 
 81033 Thread 71 - PartitionProcessorThre...3c-af36-8563c21ec8ca-1-17 |  1200000 |   459000 |   506464910 |  16189182383 |         0 |      0 |  1291534389 |       0 |      0 |         0 
 81034 Thread 72 - PartitionProcessorThre...3c-af36-8563c21ec8ca-1-18 |  1205000 |   430000 |   499665727 |  15955480817 |         0 |      0 |  1413390483 |       0 |      0 |         0 
 81035 Thread 73 - PartitionProcessorThre...3c-af36-8563c21ec8ca-1-19 |  1243000 |   423000 |   508787766 |  16257669477 |         0 |      0 |  1344917008 |       0 |      0 |         0 
 81436 Thread 74 - process reaper                                     |     1000 |        0 |      315863 |      9785996 |      2048 |      0 |       15839 |       0 |      0 |         0 
 81442 Thread 75 - Attach Listener                                    |   366000 |    92000 |   141449456 |   4475759026 |   5304320 | 283648 |     2429052 |       0 |      0 |         0 
