                                 Task                                  |  utime   |  stime   |     rss     |     vmem     |   read    | write  |    d:cpu    |  d:bio   | d:swap | d:reclaim 
 151851 Thread 1 - main                                                |   623000 |    99000 |    44062752 |   5471811257 |  21218304 |   1024 |     4126685 |        0 |      0 |         0 
 151873 Thread 2 - Reference Handler                                   |     6000 |     3000 |     1065507 |     71330957 |         0 |      0 |      367063 |        0 |      0 |         0 
 151874 Thread 3 - Finalizer                                           |     6000 |        0 |      575648 |     46467437 |      5120 |      0 |      385026 |        0 |      0 |         0 
 151875 Thread 4 - Surrogate Locker Thread (Concurrent GC)             |        0 |        0 |           0 |            0 |         0 |      0 |       11544 |        0 |      0 |         0 
 151876 Thread 5 - Signal Dispatcher                                   |     1000 |        0 |      307390 |      9756039 |         0 |      0 |           0 |        0 |      0 |         0 
 151884 Thread 11 - DecatonSubscriptionThread-decaton-benchmark        | 26927000 | 29426000 | 17064829554 | 548544599596 | 585785344 | 130048 | 17166590530 | 11388324 |      0 |         0 
 151886 Thread 13 - kafka-coordinator-hear...hread | decaton-benchmark |   194000 |    51000 |    74735112 |   2388533015 |   5937152 |   5120 |    24002302 |   310666 |      0 |         0 
 151889 Thread 14 - PartitionProcessorThre...807-84c7-a616ff78f918-2-0 |  1237000 |   387000 |   491202461 |  15822331199 |     37888 |      0 |  1445250854 |        0 |      0 |         0 
 151890 Thread 15 - PartitionProcessorThre...807-84c7-a616ff78f918-2-1 |  1184000 |   417000 |   481854187 |  15610088753 |         0 |      0 |  1455361837 |        0 |      0 |         0 
 151891 Thread 16 - PartitionProcessorThre...807-84c7-a616ff78f918-2-2 |  1129000 |   421000 |   467807570 |  15111061171 |      2048 |      0 |  1610792409 |        0 |      0 |         0 
 151892 Thread 17 - PartitionProcessorThre...807-84c7-a616ff78f918-2-3 |  1179000 |   402000 |   477605394 |  15409630816 |    118784 |      0 |  1411738348 |        0 |      0 |         0 
 151893 Thread 18 - PartitionProcessorThre...807-84c7-a616ff78f918-2-4 |  1152000 |   428000 |   476411398 |  15409094449 |         0 |      0 |  1679565516 |        0 |      0 |         0 
 151894 Thread 19 - PartitionProcessorThre...807-84c7-a616ff78f918-2-5 |  1162000 |   393000 |   470094684 |  15162113890 |         0 |      0 |  1242899711 |        0 |      0 |         0 
 151895 Thread 20 - PartitionProcessorThre...807-84c7-a616ff78f918-2-6 |  1191000 |   383000 |   477304504 |  15351598234 |         0 |      0 |  1379844266 |        0 |      0 |         0 
 151896 Thread 21 - PartitionProcessorThre...807-84c7-a616ff78f918-2-7 |  1200000 |   414000 |   487609836 |  15741312402 |         0 |      0 |  1400896844 |        0 |      0 |         0 
 151897 Thread 22 - PartitionProcessorThre...807-84c7-a616ff78f918-2-8 |  1256000 |   382000 |   495683101 |  15977015374 |         0 |      0 |  1674580182 |        0 |      0 |         0 
 151898 Thread 23 - PartitionProcessorThre...807-84c7-a616ff78f918-2-9 |  1261000 |   431000 |   512428086 |  16502166589 |         0 |      0 |  1564479964 |        0 |      0 |         0 
 151899 Thread 24 - PartitionProcessorThre...07-84c7-a616ff78f918-2-10 |  1286000 |   415000 |   515169691 |  16591907820 |         0 |      0 |  1656320894 |        0 |      0 |         0 
 151900 Thread 25 - PartitionProcessorThre...07-84c7-a616ff78f918-2-11 |  1246000 |   371000 |   489503644 |  15772822414 |         0 |      0 |  1568620579 |        0 |      0 |         0 
 151901 Thread 26 - PartitionProcessorThre...07-84c7-a616ff78f918-2-12 |  1218000 |   391000 |   486298031 |  15695244562 |         0 |      0 |  1612882300 |        0 |      0 |         0 
 151902 Thread 27 - PartitionProcessorThre...07-84c7-a616ff78f918-2-13 |  1287000 |   414000 |   515360601 |  16591993527 |         0 |      0 |  1572028573 |        0 |      0 |         0 
 151903 Thread 28 - PartitionProcessorThre...07-84c7-a616ff78f918-2-14 |  1269000 |   422000 |   508303718 |  16494059999 |         0 |      0 |  1555179411 |        0 |      0 |         0 
 151904 Thread 29 - PartitionProcessorThre...07-84c7-a616ff78f918-2-15 |  1287000 |   407000 |   511470832 |  16520140792 |     43008 |      0 |  1564161560 |        0 |      0 |         0 
 151905 Thread 30 - PartitionProcessorThre...07-84c7-a616ff78f918-2-16 |  1154000 |   402000 |   471645160 |  15178499812 |         0 |      0 |  1482439715 |        0 |      0 |         0 
 151906 Thread 31 - PartitionProcessorThre...07-84c7-a616ff78f918-2-17 |  1168000 |   437000 |   485335703 |  15656185355 |         0 |      0 |  1498347519 |        0 |      0 |         0 
 151907 Thread 32 - PartitionProcessorThre...07-84c7-a616ff78f918-2-18 |  1231000 |   438000 |   506467785 |  16279429312 |      3072 |      0 |  1556458056 |        0 |      0 |         0 
 151908 Thread 33 - PartitionProcessorThre...07-84c7-a616ff78f918-2-19 |  1232000 |   414000 |   497044363 |  16055622843 |         0 |      0 |  1445077729 |        0 |      0 |         0 
 151909 Thread 34 - PartitionProcessorThre...807-84c7-a616ff78f918-0-0 |  1190000 |   409000 |   487418230 |  15599106644 |         0 |      0 |  1418440078 |        0 |      0 |         0 
 151910 Thread 35 - PartitionProcessorThre...807-84c7-a616ff78f918-0-1 |  1127000 |   401000 |   464816535 |  14905337062 |         0 |      0 |  1436279042 |        0 |      0 |         0 
 151911 Thread 36 - PartitionProcessorThre...807-84c7-a616ff78f918-0-2 |  1285000 |   433000 |   524241003 |  16759481300 |         0 |      0 |  1465300697 |        0 |      0 |         0 
 151912 Thread 37 - PartitionProcessorThre...807-84c7-a616ff78f918-0-3 |  1228000 |   430000 |   505196175 |  16174048832 |         0 |      0 |  1592093395 |        0 |      0 |         0 
 151913 Thread 38 - PartitionProcessorThre...807-84c7-a616ff78f918-0-4 |  1184000 |   391000 |   479933180 |  15364626156 |         0 |      0 |  1510171782 |        0 |      0 |         0 
 151914 Thread 39 - PartitionProcessorThre...807-84c7-a616ff78f918-0-5 |  1201000 |   418000 |   493417148 |  15793972437 |         0 |      0 |  1547952840 |        0 |      0 |         0 
 151915 Thread 40 - PartitionProcessorThre...807-84c7-a616ff78f918-0-6 |  1145000 |   402000 |   471419195 |  15091529371 |         0 |      0 |  1660330179 |        0 |      0 |         0 
 151916 Thread 41 - PartitionProcessorThre...807-84c7-a616ff78f918-0-7 |  1162000 |   342000 |   459087391 |  14672380269 |         0 |      0 |  1389914909 |        0 |      0 |         0 
 151917 Thread 42 - PartitionProcessorThre...807-84c7-a616ff78f918-0-8 |  1272000 |   420000 |   516313445 |  16506132152 |         0 |      0 |  1403270366 |        0 |      0 |         0 
 151918 Thread 43 - PartitionProcessorThre...807-84c7-a616ff78f918-0-9 |  1210000 |   447000 |   506430824 |  16164916625 |         0 |      0 |  1569843384 |        0 |      0 |         0 
 151919 Thread 44 - PartitionProcessorThre...07-84c7-a616ff78f918-0-10 |  1250000 |   458000 |   521290687 |  16662492871 |  10831872 |      0 |  1520490297 |        0 |      0 |         0 
 151920 Thread 45 - PartitionProcessorThre...07-84c7-a616ff78f918-0-11 |  1214000 |   431000 |   502517742 |  16047921503 |         0 |      0 |  1634310261 |        0 |      0 |         0 
 151921 Thread 46 - PartitionProcessorThre...07-84c7-a616ff78f918-0-12 |  1240000 |   365000 |   490259367 |  15657568925 |         0 |      0 |  1521920783 |        0 |      0 |         0 
 151922 Thread 47 - PartitionProcessorThre...07-84c7-a616ff78f918-0-13 |  1249000 |   423000 |   510914144 |  16310992421 |         0 |      0 |  1386471428 |        0 |      0 |         0 
 151923 Thread 48 - PartitionProcessorThre...07-84c7-a616ff78f918-0-14 |  1219000 |   402000 |   495209320 |  15813915644 |         0 |      0 |  1552557882 |        0 |      0 |         0 
 151924 Thread 49 - PartitionProcessorThre...07-84c7-a616ff78f918-0-15 |  1188000 |   415000 |   488782969 |  15637809867 |         0 |      0 |  1586605082 |        0 |      0 |         0 
 151925 Thread 50 - PartitionProcessorThre...07-84c7-a616ff78f918-0-16 |  1237000 |   419000 |   505812308 |  16155369234 |         0 |      0 |  1469128397 |        0 |      0 |         0 
 151926 Thread 51 - PartitionProcessorThre...07-84c7-a616ff78f918-0-17 |  1168000 |   404000 |   479334226 |  15335718488 |         0 |      0 |  1557996750 |        0 |      0 |         0 
 151927 Thread 52 - PartitionProcessorThre...07-84c7-a616ff78f918-0-18 |  1162000 |   404000 |   476909730 |  15277197832 |         0 |      0 |  1378651600 |        0 |      0 |         0 
 151928 Thread 53 - PartitionProcessorThre...07-84c7-a616ff78f918-0-19 |  1175000 |   428000 |   489049859 |  15638117230 |         0 |      0 |  1439196600 |        0 |      0 |         0 
 151929 Thread 54 - PartitionProcessorThre...807-84c7-a616ff78f918-1-0 |  1103000 |   391000 |   456721145 |  14574395906 |         0 |      0 |  1231964613 |        0 |      0 |         0 
 151930 Thread 55 - PartitionProcessorThre...807-84c7-a616ff78f918-1-1 |  1089000 |   399000 |   454775363 |  14515958769 |         0 |      0 |  1425730359 |        0 |      0 |         0 
 151931 Thread 56 - PartitionProcessorThre...807-84c7-a616ff78f918-1-2 |  1125000 |   403000 |   467650445 |  14906278312 |      1024 |      0 |  1305509503 |        0 |      0 |         0 
 151932 Thread 57 - PartitionProcessorThre...807-84c7-a616ff78f918-1-3 |  1198000 |   400000 |   488654047 |  15589245351 |         0 |      0 |  1381221947 |        0 |      0 |         0 
 151933 Thread 58 - PartitionProcessorThre...807-84c7-a616ff78f918-1-4 |  1163000 |   426000 |   486270039 |  15501570789 |         0 |      0 |  1440673124 |        0 |      0 |         0 
 151934 Thread 59 - PartitionProcessorThre...807-84c7-a616ff78f918-1-5 |  1190000 |   402000 |   486915098 |  15530842945 |         0 |      0 |  1351603321 |        0 |      0 |         0 
 151935 Thread 60 - PartitionProcessorThre...807-84c7-a616ff78f918-1-6 |  1164000 |   411000 |   481465934 |  15364916273 |         0 |      0 |  1394572104 |        0 |      0 |         0 
 151936 Thread 61 - PartitionProcessorThre...807-84c7-a616ff78f918-1-7 |  1197000 |   382000 |   483420406 |  15404289628 |         0 |      0 |  1588539833 |        0 |      0 |         0 
 151937 Thread 62 - PartitionProcessorThre...807-84c7-a616ff78f918-1-8 |  1206000 |   418000 |   496690172 |  15842899437 |         0 |      0 |  1607094207 |        0 |      0 |         0 
 151938 Thread 63 - PartitionProcessorThre...807-84c7-a616ff78f918-1-9 |  1240000 |   385000 |   496196808 |  15852586839 |         0 |      0 |  1323396189 |        0 |      0 |         0 
 151939 Thread 64 - PartitionProcessorThre...07-84c7-a616ff78f918-1-10 |  1199000 |   357000 |   475655687 |  15179853355 |         0 |      0 |  1333526260 |        0 |      0 |         0 
 151940 Thread 65 - PartitionProcessorThre...07-84c7-a616ff78f918-1-11 |  1206000 |   404000 |   492523094 |  15706219289 |         0 |      0 |  1540160125 |        0 |      0 |         0 
 151941 Thread 66 - PartitionProcessorThre...07-84c7-a616ff78f918-1-12 |  1186000 |   374000 |   477326191 |  15218556226 |         0 |      0 |  1381666599 |        0 |      0 |         0 
 151942 Thread 67 - PartitionProcessorThre...07-84c7-a616ff78f918-1-13 |  1257000 |   435000 |   517541390 |  16506331960 |         0 |      0 |  1622896791 |        0 |      0 |         0 
 151943 Thread 68 - PartitionProcessorThre...07-84c7-a616ff78f918-1-14 |  1229000 |   431000 |   508008933 |  16194001125 |         0 |      0 |  1458512892 |        0 |      0 |         0 
 151944 Thread 69 - PartitionProcessorThre...07-84c7-a616ff78f918-1-15 |  1214000 |   402000 |   493958004 |  15764943019 |         0 |      0 |  1239117389 |        0 |      0 |         0 
 151945 Thread 70 - PartitionProcessorThre...07-84c7-a616ff78f918-1-16 |  1197000 |   404000 |   489810383 |  15618454886 |         0 |      0 |  1199993478 |        0 |      0 |         0 
 151946 Thread 71 - PartitionProcessorThre...07-84c7-a616ff78f918-1-17 |  1324000 |   419000 |   533131382 |  17003647980 |         0 |      0 |  1559040352 |        0 |      0 |         0 
 151947 Thread 72 - PartitionProcessorThre...07-84c7-a616ff78f918-1-18 |  1177000 |   414000 |   487008574 |  15520883273 |         0 |      0 |  1529749087 |        0 |      0 |         0 
 151948 Thread 73 - PartitionProcessorThre...07-84c7-a616ff78f918-1-19 |  1122000 |   398000 |   464284051 |  14828206023 |         0 |      0 |  1210728028 |        0 |      0 |         0 
 152360 Thread 74 - process reaper                                     |     1000 |     3000 |     1362886 |     39141726 |      2048 |      0 |       26619 |        0 |      0 |         0 
 152366 Thread 75 - Attach Listener                                    |   375000 |   113000 |   153379831 |   4769238311 |   5304320 | 138240 |    25557516 |        0 |      0 |         0 
