                                 Task                                 |  utime   |  stime   |     rss     |     vmem     |   read    | write  |    d:cpu    | d:bio  | d:swap | d:reclaim 
 99720 Thread 1 - main                                                |   577000 |    88000 |    41760584 |   5043936986 |  21055488 |   1024 |     4604970 |      0 |      0 |         0 
 99742 Thread 2 - Reference Handler                                   |     4000 |     1000 |      444210 |     38066394 |         0 |      0 |      798309 |      0 |      0 |         0 
 99743 Thread 3 - Finalizer                                           |     5000 |        0 |      720214 |     40718269 |      5120 |      0 |     1663516 |      0 |      0 |         0 
 99744 Thread 4 - Surrogate Locker Thread (Concurrent GC)             |        0 |     1000 |      118625 |      7836574 |         0 |      0 |           0 |      0 |      0 |         0 
 99745 Thread 5 - Signal Dispatcher                                   |        0 |        0 |           0 |            0 |         0 |      0 |           0 |      0 |      0 |         0 
 99754 Thread 11 - DecatonSubscriptionThread-decaton-benchmark        | 26488000 | 29409000 | 17359207375 | 544067196215 | 585846784 | 129024 | 17538499018 | 153176 |      0 |         0 
 99756 Thread 13 - kafka-coordinator-hear...hread | decaton-benchmark |   178000 |    50000 |    71408108 |   2224853788 |   5992448 |   5120 |    34202328 | 337763 |      0 |         0 
 99759 Thread 14 - PartitionProcessorThre...f77-8b17-822b97f38792-0-0 |  1199000 |   421000 |   501023758 |  15780674922 |     33792 |      0 |  1442470904 |      0 |      0 |         0 
 99760 Thread 15 - PartitionProcessorThre...f77-8b17-822b97f38792-0-1 |  1270000 |   445000 |   530703958 |  16705135254 |    122880 |      0 |  1605289521 |      0 |      0 |         0 
 99761 Thread 16 - PartitionProcessorThre...f77-8b17-822b97f38792-0-2 |  1175000 |   385000 |   483126544 |  15202958137 |      3072 |      0 |  1478683990 |      0 |      0 |         0 
 99762 Thread 17 - PartitionProcessorThre...f77-8b17-822b97f38792-0-3 |  1160000 |   389000 |   481765883 |  15105295079 |         0 |      0 |  1541942594 |      0 |      0 |         0 
 99763 Thread 18 - PartitionProcessorThre...f77-8b17-822b97f38792-0-4 |  1258000 |   418000 |   519975598 |  16345552711 |         0 |      0 |  1419464994 |      0 |      0 |         0 
 99764 Thread 19 - PartitionProcessorThre...f77-8b17-822b97f38792-0-5 |  1168000 |   380000 |   482212278 |  15100616204 |         0 |      0 |  1476271712 |      0 |      0 |         0 
 99765 Thread 20 - PartitionProcessorThre...f77-8b17-822b97f38792-0-6 |  1187000 |   386000 |   485814360 |  15344129540 |         0 |      0 |  1414121469 |      0 |      0 |         0 
 99766 Thread 21 - PartitionProcessorThre...f77-8b17-822b97f38792-0-7 |  1176000 |   453000 |   504699399 |  15887922372 |     16384 |      0 |  1381123579 |      0 |      0 |         0 
 99767 Thread 22 - PartitionProcessorThre...f77-8b17-822b97f38792-0-8 |  1184000 |   398000 |   489918731 |  15428723040 |         0 |      0 |  1574464340 |      0 |      0 |         0 
 99768 Thread 23 - PartitionProcessorThre...f77-8b17-822b97f38792-0-9 |  1249000 |   432000 |   520565665 |  16396279215 |      1024 |      0 |  1474513101 |      0 |      0 |         0 
 99769 Thread 24 - PartitionProcessorThre...77-8b17-822b97f38792-0-10 |  1167000 |   395000 |   483852958 |  15234281294 |         0 |      0 |  1444953418 |      0 |      0 |         0 
 99770 Thread 25 - PartitionProcessorThre...77-8b17-822b97f38792-0-11 |  1180000 |   390000 |   486235262 |  15313475700 |         0 |      0 |  1257367220 |      0 |      0 |         0 
 99771 Thread 26 - PartitionProcessorThre...77-8b17-822b97f38792-0-12 |  1183000 |   364000 |   480322630 |  15088835985 |      1024 |      0 |  1467504166 |      0 |      0 |         0 
 99772 Thread 27 - PartitionProcessorThre...77-8b17-822b97f38792-0-13 |  1239000 |   393000 |   505386899 |  15918341501 |         0 |      0 |  1464277256 |      0 |      0 |         0 
 99773 Thread 28 - PartitionProcessorThre...77-8b17-822b97f38792-0-14 |  1229000 |   393000 |   501452149 |  15820199899 |         0 |      0 |  1472662043 |      0 |      0 |         0 
 99775 Thread 29 - PartitionProcessorThre...77-8b17-822b97f38792-0-15 |  1203000 |   390000 |   491383907 |  15538977813 |     23552 |      0 |  1419659784 |      0 |      0 |         0 
 99776 Thread 30 - PartitionProcessorThre...77-8b17-822b97f38792-0-16 |  1121000 |   411000 |   475748700 |  14944882606 |      3072 |      0 |  1303645436 |      0 |      0 |         0 
 99777 Thread 31 - PartitionProcessorThre...77-8b17-822b97f38792-0-17 |  1237000 |   425000 |   514163528 |  16210651645 |         0 |      0 |  1488577385 |      0 |      0 |         0 
 99778 Thread 32 - PartitionProcessorThre...77-8b17-822b97f38792-0-18 |  1244000 |   380000 |   504550219 |  15842404762 |         0 |      0 |  1458562828 |      0 |      0 |         0 
 99779 Thread 33 - PartitionProcessorThre...77-8b17-822b97f38792-0-19 |  1211000 |   384000 |   493496364 |  15559002493 |         0 |      0 |  1431905442 |      0 |      0 |         0 
 99782 Thread 34 - PartitionProcessorThre...f77-8b17-822b97f38792-1-0 |  1149000 |   385000 |   478593259 |  14964393235 |         0 |      0 |  1360714313 |      0 |      0 |         0 
 99783 Thread 35 - PartitionProcessorThre...f77-8b17-822b97f38792-1-1 |  1121000 |   420000 |   481121837 |  15033415173 |         0 |      0 |  1186355313 |      0 |      0 |         0 
 99784 Thread 36 - PartitionProcessorThre...f77-8b17-822b97f38792-1-2 |  1071000 |   414000 |   465143286 |  14486674145 |         0 |      0 |  1407561212 |      0 |      0 |         0 
 99785 Thread 37 - PartitionProcessorThre...f77-8b17-822b97f38792-1-3 |  1143000 |   411000 |   485934985 |  15159670087 |         0 |      0 |  1453105097 |      0 |      0 |         0 
 99786 Thread 38 - PartitionProcessorThre...f77-8b17-822b97f38792-1-4 |  1140000 |   365000 |   470095169 |  14681889743 |         0 |      0 |  1461909484 |      0 |      0 |         0 
 99788 Thread 39 - PartitionProcessorThre...f77-8b17-822b97f38792-1-5 |  1246000 |   444000 |   529061090 |  16487449125 |  10831872 |      0 |  1373192224 |      0 |      0 |         0 
 99789 Thread 40 - PartitionProcessorThre...f77-8b17-822b97f38792-1-6 |  1169000 |   416000 |   494970071 |  15462660141 |         0 |      0 |  1493190400 |      0 |      0 |         0 
 99790 Thread 41 - PartitionProcessorThre...f77-8b17-822b97f38792-1-7 |  1159000 |   383000 |   481309091 |  15042953430 |         0 |      0 |  1369912468 |      0 |      0 |         0 
 99791 Thread 42 - PartitionProcessorThre...f77-8b17-822b97f38792-1-8 |  1249000 |   414000 |   519463290 |  16223251907 |         0 |      0 |  1528158192 |      0 |      0 |         0 
 99792 Thread 43 - PartitionProcessorThre...f77-8b17-822b97f38792-1-9 |  1160000 |   414000 |   493431825 |  15355196059 |         0 |      0 |  1436253939 |      0 |      0 |         0 
 99793 Thread 44 - PartitionProcessorThre...77-8b17-822b97f38792-1-10 |  1131000 |   427000 |   487107212 |  15199184231 |         0 |      0 |  1496612816 |      0 |      0 |         0 
 99794 Thread 45 - PartitionProcessorThre...77-8b17-822b97f38792-1-11 |  1218000 |   426000 |   514637774 |  16037917536 |         0 |      0 |  1343522957 |      0 |      0 |         0 
 99795 Thread 46 - PartitionProcessorThre...77-8b17-822b97f38792-1-12 |  1211000 |   411000 |   507905997 |  15823227540 |         0 |      0 |  1462731963 |      0 |      0 |         0 
 99796 Thread 47 - PartitionProcessorThre...77-8b17-822b97f38792-1-13 |  1141000 |   412000 |   484486282 |  15150169055 |         0 |      0 |  1411295961 |      0 |      0 |         0 
 99797 Thread 48 - PartitionProcessorThre...77-8b17-822b97f38792-1-14 |  1212000 |   415000 |   508167559 |  15872381087 |         0 |      0 |  1349131066 |      0 |      0 |         0 
 99798 Thread 49 - PartitionProcessorThre...77-8b17-822b97f38792-1-15 |  1136000 |   390000 |   476999739 |  14886703458 |         0 |      0 |  1342347282 |      0 |      0 |         0 
 99799 Thread 50 - PartitionProcessorThre...77-8b17-822b97f38792-1-16 |  1200000 |   410000 |   502561762 |  15706194840 |         0 |      0 |  1424774487 |      0 |      0 |         0 
 99800 Thread 51 - PartitionProcessorThre...77-8b17-822b97f38792-1-17 |  1227000 |   380000 |   503690942 |  15677137462 |         0 |      0 |  1432592118 |      0 |      0 |         0 
 99801 Thread 52 - PartitionProcessorThre...77-8b17-822b97f38792-1-18 |  1141000 |   379000 |   475742540 |  14828576895 |         0 |      0 |  1364587263 |      0 |      0 |         0 
 99802 Thread 53 - PartitionProcessorThre...77-8b17-822b97f38792-1-19 |  1193000 |   397000 |   496116595 |  15511256669 |         0 |      0 |  1420874770 |      0 |      0 |         0 
 99803 Thread 54 - PartitionProcessorThre...f77-8b17-822b97f38792-2-0 |  1184000 |   403000 |   497302387 |  15481920798 |         0 |      0 |  1491886389 |      0 |      0 |         0 
 99804 Thread 55 - PartitionProcessorThre...f77-8b17-822b97f38792-2-1 |  1144000 |   463000 |   504230641 |  15676719094 |         0 |      0 |  1666347887 |      0 |      0 |         0 
 99805 Thread 56 - PartitionProcessorThre...f77-8b17-822b97f38792-2-2 |  1203000 |   410000 |   505683485 |  15735462032 |      1024 |      0 |  1529250167 |      0 |      0 |         0 
 99806 Thread 57 - PartitionProcessorThre...f77-8b17-822b97f38792-2-3 |  1150000 |   412000 |   489692923 |  15237764466 |         0 |      0 |  1416892306 |      0 |      0 |         0 
 99807 Thread 58 - PartitionProcessorThre...f77-8b17-822b97f38792-2-4 |  1154000 |   372000 |   479058016 |  14886568766 |         0 |      0 |  1424835984 |      0 |      0 |         0 
 99808 Thread 59 - PartitionProcessorThre...f77-8b17-822b97f38792-2-5 |  1204000 |   456000 |   521105840 |  16194039825 |         0 |      0 |  1581925927 |      0 |      0 |         0 
 99809 Thread 60 - PartitionProcessorThre...f77-8b17-822b97f38792-2-6 |  1160000 |   399000 |   489008509 |  15208661360 |         0 |      0 |  1446476445 |      0 |      0 |         0 
 99810 Thread 61 - PartitionProcessorThre...f77-8b17-822b97f38792-2-7 |  1231000 |   398000 |   510956883 |  15891617442 |         0 |      0 |  1329934373 |      0 |      0 |         0 
 99811 Thread 62 - PartitionProcessorThre...f77-8b17-822b97f38792-2-8 |  1177000 |   427000 |   503430692 |  15647717934 |         0 |      0 |  1428524347 |      0 |      0 |         0 
 99812 Thread 63 - PartitionProcessorThre...f77-8b17-822b97f38792-2-9 |  1161000 |   396000 |   489058950 |  15189362575 |         0 |      0 |  1349843214 |      0 |      0 |         0 
 99813 Thread 64 - PartitionProcessorThre...77-8b17-822b97f38792-2-10 |  1191000 |   407000 |   499575137 |  15589390786 |         0 |      0 |  1532286100 |      0 |      0 |         0 
 99814 Thread 65 - PartitionProcessorThre...77-8b17-822b97f38792-2-11 |  1168000 |   412000 |   495866548 |  15413533895 |         0 |      0 |  1439272210 |      0 |      0 |         0 
 99815 Thread 66 - PartitionProcessorThre...77-8b17-822b97f38792-2-12 |  1270000 |   408000 |   525080399 |  16369891911 |         0 |      0 |  1478017844 |      0 |      0 |         0 
 99816 Thread 67 - PartitionProcessorThre...77-8b17-822b97f38792-2-13 |  1210000 |   403000 |   504955215 |  15735249833 |         0 |      0 |  1470898658 |      0 |      0 |         0 
 99817 Thread 68 - PartitionProcessorThre...77-8b17-822b97f38792-2-14 |  1197000 |   434000 |   511708040 |  15911081297 |         0 |      0 |  1492905419 |      0 |      0 |         0 
 99818 Thread 69 - PartitionProcessorThre...77-8b17-822b97f38792-2-15 |  1126000 |   397000 |   477686665 |  14857526110 |         0 |      0 |  1396203907 |      0 |      0 |         0 
 99819 Thread 70 - PartitionProcessorThre...77-8b17-822b97f38792-2-16 |  1154000 |   378000 |   479823598 |  14945334407 |         0 |      0 |  1457403095 |      0 |      0 |         0 
 99820 Thread 71 - PartitionProcessorThre...77-8b17-822b97f38792-2-17 |  1151000 |   403000 |   487620255 |  15159963739 |         0 |      0 |  1436153500 |      0 |      0 |         0 
 99821 Thread 72 - PartitionProcessorThre...77-8b17-822b97f38792-2-18 |  1174000 |   414000 |   496835942 |  15491737270 |         0 |      0 |  1525237025 |      0 |      0 |         0 
 99822 Thread 73 - PartitionProcessorThre...77-8b17-822b97f38792-2-19 |  1143000 |   391000 |   480886536 |  14964771649 |         0 |      0 |  1498191619 |      0 |      0 |         0 
 100223 Thread 74 - process reaper                                    |     1000 |     1000 |      686140 |     19571234 |      2048 |      0 |       61237 |      0 |      0 |         0 
 100229 Thread 75 - Attach Listener                                   |   366000 |    91000 |   147502006 |   4465974308 |   5304320 | 119808 |     3816482 |      0 |      0 |         0 
