                                 Task                                 |  utime   |  stime   |     rss     |     vmem     |   read    | write  |    d:cpu    | d:bio  | d:swap | d:reclaim 
 62683 Thread 1 - main                                                |   816000 |   148000 |    62202205 |   7373199862 |  34140160 |      0 |    10958928 |      0 |      0 |         0 
 62705 Thread 2 - Reference Handler                                   |     6000 |        0 |      554812 |     48399660 |         0 |      0 |      383131 |      0 |      0 |         0 
 62706 Thread 3 - Finalizer                                           |     7000 |        0 |      657816 |     56430949 |      5120 |      0 |      282731 |      0 |      0 |         0 
 62707 Thread 4 - Surrogate Locker Thread (Concurrent GC)             |        0 |        0 |           0 |            0 |         0 |      0 |           0 |      0 |      0 |         0 
 62708 Thread 5 - Signal Dispatcher                                   |        0 |        0 |           0 |            0 |         0 |      0 |        8199 |      0 |      0 |         0 
 62717 Thread 12 - RMI Scheduler(0)                                   |     4000 |        0 |     1005843 |     37065019 |      4096 |      0 |       13192 |      0 |      0 |         0 
 62718 Thread 13 - RMI RenewClean-[10.231.182.152:35346]              |     1000 |        0 |       82128 |      7893246 |      1024 |      0 |           0 |      0 |      0 |         0 
 62719 Thread 14 - GC Daemon                                          |        0 |        0 |           0 |            0 |         0 |      0 |           0 |      0 |      0 |         0 
 62721 Thread 15 - DecatonSubscriptionThread-decaton-benchmark        | 29468000 | 30837000 | 17975384656 | 587457106936 | 572901376 | 130048 | 18568072575 | 185567 |      0 |         0 
 62723 Thread 16 - kafka-coordinator-hear...hread | decaton-benchmark |   222000 |    47000 |    79811886 |   2620360483 |   6722560 |   4096 |    50439852 | 264183 |      0 |         0 
 62727 Thread 17 - PartitionProcessorThre...b85-b749-cfe55d71f22c-0-0 |  1317000 |   409000 |   510851899 |  16820259426 |     33792 |      0 |  1741332167 |      0 |      0 |         0 
 62728 Thread 18 - PartitionProcessorThre...b85-b749-cfe55d71f22c-0-1 |  1343000 |   420000 |   521965606 |  17190095079 |         0 |      0 |  1680530327 |      0 |      0 |         0 
 62729 Thread 19 - PartitionProcessorThre...b85-b749-cfe55d71f22c-0-2 |  1350000 |   451000 |   533852555 |  17558130215 |         0 |      0 |  1760499505 |      0 |      0 |         0 
 62730 Thread 20 - PartitionProcessorThre...b85-b749-cfe55d71f22c-0-3 |  1350000 |   411000 |   518876774 |  17166196993 |         0 |      0 |  1501708532 |      0 |      0 |         0 
 62731 Thread 21 - PartitionProcessorThre...b85-b749-cfe55d71f22c-0-4 |  1281000 |   418000 |   501840204 |  16564394141 |         0 |      0 |  1662897684 |      0 |      0 |         0 
 62732 Thread 22 - PartitionProcessorThre...b85-b749-cfe55d71f22c-0-5 |  1187000 |   416000 |   474384399 |  15626799220 |         0 |      0 |  1840017905 |      0 |      0 |         0 
 62733 Thread 23 - PartitionProcessorThre...b85-b749-cfe55d71f22c-0-6 |  1272000 |   414000 |   499272071 |  16436869716 |         0 |      0 |  1686865531 |      0 |      0 |         0 
 62734 Thread 24 - PartitionProcessorThre...b85-b749-cfe55d71f22c-0-7 |  1285000 |   405000 |   502150340 |  16479681954 |         0 |      0 |  1722296240 |      0 |      0 |         0 
 62735 Thread 25 - PartitionProcessorThre...b85-b749-cfe55d71f22c-0-8 |  1300000 |   420000 |   508585458 |  16768258337 |         0 |      0 |  1484130883 |      0 |      0 |         0 
 62736 Thread 26 - PartitionProcessorThre...b85-b749-cfe55d71f22c-0-9 |  1426000 |   444000 |   553332000 |  18230177645 |         0 |      0 |  1576246374 |      0 |      0 |         0 
 62737 Thread 27 - PartitionProcessorThre...85-b749-cfe55d71f22c-0-10 |  1296000 |   424000 |   509319598 |  16769807005 |         0 |      0 |  1711378385 |      0 |      0 |         0 
 62738 Thread 28 - PartitionProcessorThre...85-b749-cfe55d71f22c-0-11 |  1274000 |   492000 |   523521653 |  17217733989 |         0 |      0 |  1620483535 |      0 |      0 |         0 
 62739 Thread 29 - PartitionProcessorThre...85-b749-cfe55d71f22c-0-12 |  1272000 |   434000 |   505299938 |  16632747661 |         0 |      0 |  1568907902 |  57786 |      0 |         0 
 62740 Thread 30 - PartitionProcessorThre...85-b749-cfe55d71f22c-0-13 |  1271000 |   433000 |   506194501 |  16617360868 |         0 |      0 |  1660074319 |      0 |      0 |         0 
 62741 Thread 31 - PartitionProcessorThre...85-b749-cfe55d71f22c-0-14 |  1263000 |   412000 |   497071473 |  16334089192 |         0 |      0 |  1726495403 |      0 |      0 |         0 
 62742 Thread 32 - PartitionProcessorThre...85-b749-cfe55d71f22c-0-15 |  1235000 |   417000 |   490252653 |  16112803770 |         0 |      0 |  1616533697 |      0 |      0 |         0 
 62743 Thread 33 - PartitionProcessorThre...85-b749-cfe55d71f22c-0-16 |  1352000 |   408000 |   523373754 |  17162605442 |    118784 |      0 |  1664749483 |      0 |      0 |         0 
 62744 Thread 34 - PartitionProcessorThre...85-b749-cfe55d71f22c-0-17 |  1367000 |   447000 |   539266938 |  17688644485 |         0 |      0 |  1591600026 |      0 |      0 |         0 
 62745 Thread 35 - PartitionProcessorThre...85-b749-cfe55d71f22c-0-18 |  1324000 |   419000 |   516958598 |  16996018559 |         0 |      0 |  1628997168 |      0 |      0 |         0 
 62746 Thread 36 - PartitionProcessorThre...85-b749-cfe55d71f22c-0-19 |  1271000 |   409000 |   495050754 |  16379081821 |      7168 |      0 |  1459613718 |      0 |      0 |         0 
 62747 Thread 37 - PartitionProcessorThre...b85-b749-cfe55d71f22c-2-0 |  1352000 |   433000 |   532870137 |  17418053450 |         0 |      0 |  1785244880 |      0 |      0 |         0 
 62748 Thread 38 - PartitionProcessorThre...b85-b749-cfe55d71f22c-2-1 |  1311000 |   424000 |   518828333 |  16930743161 |         0 |      0 |  1749935937 |      0 |      0 |         0 
 62749 Thread 39 - PartitionProcessorThre...b85-b749-cfe55d71f22c-2-2 |  1246000 |   421000 |   499815598 |  16267392075 |         0 |      0 |  1476748489 |      0 |      0 |         0 
 62750 Thread 40 - PartitionProcessorThre...b85-b749-cfe55d71f22c-2-3 |  1266000 |   414000 |   502875028 |  16393745997 |         0 |      0 |  1536357389 |      0 |      0 |         0 
 62751 Thread 41 - PartitionProcessorThre...b85-b749-cfe55d71f22c-2-4 |  1235000 |   441000 |   501456973 |  16355043384 |         0 |      0 |  1570899142 |      0 |      0 |         0 
 62752 Thread 42 - PartitionProcessorThre...b85-b749-cfe55d71f22c-2-5 |  1204000 |   393000 |   477565887 |  15583530771 |         0 |      0 |  1393868928 |      0 |      0 |         0 
 62753 Thread 43 - PartitionProcessorThre...b85-b749-cfe55d71f22c-2-6 |  1279000 |   408000 |   505565391 |  16462626180 |         0 |      0 |  1449084348 |      0 |      0 |         0 
 62754 Thread 44 - PartitionProcessorThre...b85-b749-cfe55d71f22c-2-7 |  1327000 |   410000 |   520087993 |  16949853950 |         0 |      0 |  1619051115 |      0 |      0 |         0 
 62755 Thread 45 - PartitionProcessorThre...b85-b749-cfe55d71f22c-2-8 |  1304000 |   375000 |   503023782 |  16384142962 |         0 |      0 |  1455015424 |      0 |      0 |         0 
 62756 Thread 46 - PartitionProcessorThre...b85-b749-cfe55d71f22c-2-9 |  1290000 |   428000 |   513648282 |  16764398720 |         0 |      0 |  1564961498 |      0 |      0 |         0 
 62757 Thread 47 - PartitionProcessorThre...85-b749-cfe55d71f22c-2-10 |  1213000 |   446000 |   496198856 |  16188820645 |         0 |      0 |  1341027045 |      0 |      0 |         0 
 62758 Thread 48 - PartitionProcessorThre...85-b749-cfe55d71f22c-2-11 |  1326000 |   430000 |   524941496 |  17135371919 |         0 |      0 |  1503889796 |      0 |      0 |         0 
 62759 Thread 49 - PartitionProcessorThre...85-b749-cfe55d71f22c-2-12 |  1287000 |   403000 |   504281286 |  16491402747 |         0 |      0 |  1537654203 |      0 |      0 |         0 
 62760 Thread 50 - PartitionProcessorThre...85-b749-cfe55d71f22c-2-13 |  1357000 |   438000 |   536669922 |  17516082458 |         0 |      0 |  1593872994 |      0 |      0 |         0 
 62761 Thread 51 - PartitionProcessorThre...85-b749-cfe55d71f22c-2-14 |  1294000 |   411000 |   510104180 |  16637859079 |      3072 |      0 |  1213909451 |      0 |      0 |         0 
 62762 Thread 52 - PartitionProcessorThre...85-b749-cfe55d71f22c-2-15 |  1318000 |   415000 |   518884485 |  16911069028 |         0 |      0 |  1522329190 |      0 |      0 |         0 
 62763 Thread 53 - PartitionProcessorThre...85-b749-cfe55d71f22c-2-16 |  1222000 |   410000 |   487106696 |  15925225419 |         0 |      0 |  1423585416 |      0 |      0 |         0 
 62764 Thread 54 - PartitionProcessorThre...85-b749-cfe55d71f22c-2-17 |  1243000 |   413000 |   496557591 |  16159787481 |         0 |      0 |  1663815344 |      0 |      0 |         0 
 62765 Thread 55 - PartitionProcessorThre...85-b749-cfe55d71f22c-2-18 |  1261000 |   423000 |   504974637 |  16432868704 |      1024 |      0 |  1478630054 |      0 |      0 |         0 
 62766 Thread 56 - PartitionProcessorThre...85-b749-cfe55d71f22c-2-19 |  1243000 |   412000 |   494103204 |  16149628474 |         0 |      0 |  1577875106 |      0 |      0 |         0 
 62767 Thread 57 - PartitionProcessorThre...b85-b749-cfe55d71f22c-1-0 |  1257000 |   410000 |   502241114 |  16267058270 |         0 |      0 |  1400062487 |      0 |      0 |         0 
 62768 Thread 58 - PartitionProcessorThre...b85-b749-cfe55d71f22c-1-1 |  1330000 |   447000 |   535231907 |  17340764442 |         0 |      0 |  1464316244 |      0 |      0 |         0 
 62769 Thread 59 - PartitionProcessorThre...b85-b749-cfe55d71f22c-1-2 |  1258000 |   426000 |   506763809 |  16433452610 |         0 |      0 |  1248458954 |      0 |      0 |         0 
 62770 Thread 60 - PartitionProcessorThre...b85-b749-cfe55d71f22c-1-3 |  1246000 |   436000 |   506610883 |  16413594196 |         0 |      0 |  1503083806 |      0 |      0 |         0 
 62771 Thread 61 - PartitionProcessorThre...b85-b749-cfe55d71f22c-1-4 |  1328000 |   423000 |   527694477 |  17086988364 |         0 |      0 |  1475209894 |      0 |      0 |         0 
 62772 Thread 62 - PartitionProcessorThre...b85-b749-cfe55d71f22c-1-5 |  1298000 |   396000 |   509981661 |  16530936317 |         0 |      0 |  1444933047 |      0 |      0 |         0 
 62773 Thread 63 - PartitionProcessorThre...b85-b749-cfe55d71f22c-1-6 |  1308000 |   419000 |   518404180 |  16852484282 |         0 |      0 |  1540051990 |      0 |      0 |         0 
 62774 Thread 64 - PartitionProcessorThre...b85-b749-cfe55d71f22c-1-7 |  1320000 |   386000 |   513577110 |  16647598466 |         0 |      0 |  1429928323 |      0 |      0 |         0 
 62775 Thread 65 - PartitionProcessorThre...b85-b749-cfe55d71f22c-1-8 |  1257000 |   417000 |   502421629 |  16335344786 |         0 |      0 |  1568477561 |      0 |      0 |         0 
 62776 Thread 66 - PartitionProcessorThre...b85-b749-cfe55d71f22c-1-9 |  1308000 |   418000 |   518353020 |  16842886938 |         0 |      0 |  1728758890 |      0 |      0 |         0 
 62777 Thread 67 - PartitionProcessorThre...85-b749-cfe55d71f22c-1-10 |  1209000 |   421000 |   490411758 |  15906699388 |         0 |      0 |  1499822722 |      0 |      0 |         0 
 62778 Thread 68 - PartitionProcessorThre...85-b749-cfe55d71f22c-1-11 |  1329000 |   455000 |   536763258 |  17408767954 |         0 |      0 |  1474022770 |      0 |      0 |         0 
 62779 Thread 69 - PartitionProcessorThre...85-b749-cfe55d71f22c-1-12 |  1372000 |   414000 |   535197871 |  17428193567 |         0 |      0 |  1364108312 |      0 |      0 |         0 
 62780 Thread 70 - PartitionProcessorThre...85-b749-cfe55d71f22c-1-13 |  1221000 |   430000 |   496171126 |  16110798907 |         0 |      0 |  1464158863 |      0 |      0 |         0 
 62781 Thread 71 - PartitionProcessorThre...85-b749-cfe55d71f22c-1-14 |  1278000 |   421000 |   511610153 |  16579502399 |         0 |      0 |  1623389271 |      0 |      0 |         0 
 62782 Thread 72 - PartitionProcessorThre...85-b749-cfe55d71f22c-1-15 |  1223000 |   408000 |   490776012 |  15915683860 |         0 |      0 |  1412327620 |      0 |      0 |         0 
 62783 Thread 73 - PartitionProcessorThre...85-b749-cfe55d71f22c-1-16 |  1240000 |   399000 |   493918204 |  15994203903 |  10831872 |      0 |  1483085184 |      0 |      0 |         0 
 62784 Thread 74 - PartitionProcessorThre...85-b749-cfe55d71f22c-1-17 |  1269000 |   436000 |   512754036 |  16637894641 |         0 |      0 |  1426171067 |      0 |      0 |         0 
 62785 Thread 75 - PartitionProcessorThre...85-b749-cfe55d71f22c-1-18 |  1280000 |   370000 |   496622305 |  16101413751 |         0 |      0 |  1510143417 |      0 |      0 |         0 
 62786 Thread 76 - PartitionProcessorThre...85-b749-cfe55d71f22c-1-19 |  1302000 |   422000 |   519471891 |  16823880555 |         0 |      0 |  1551195721 |      0 |      0 |         0 
 63221 Thread 77 - process reaper                                     |     2000 |     1000 |      939714 |     29365421 |         0 |      0 |      479551 |      0 |      0 |         0 
 63226 Thread 78 - Attach Listener                                    |   435000 |    89000 |   160387858 |   5122030702 |   5144576 | 117760 |     2639399 |      0 |      0 |         0 
