                                 Task                                 |  utime   |  stime   |     rss     |     vmem     |   read    | write  |    d:cpu    | d:bio  | d:swap | d:reclaim 
 20425 Thread 1 - main                                                |   632000 |    85000 |    44098662 |   5437806677 |  21194752 |   1024 |     3337432 |      0 |      0 |         0 
 20447 Thread 2 - Reference Handler                                   |     4000 |        0 |      374183 |     30932304 |         0 |      0 |      614746 |      0 |      0 |         0 
 20448 Thread 3 - Finalizer                                           |     7000 |        0 |      807999 |     55477999 |     13312 |      0 |     2334748 |      0 |      0 |         0 
 20449 Thread 4 - Surrogate Locker Thread (Concurrent GC)             |        0 |        0 |           0 |            0 |         0 |      0 |       15787 |      0 |      0 |         0 
 20450 Thread 5 - Signal Dispatcher                                   |     1000 |        0 |      300804 |      9755039 |         0 |      0 |           0 |      0 |      0 |         0 
 20458 Thread 11 - DecatonSubscriptionThread-decaton-benchmark        | 26728000 | 29438000 | 16698417715 | 546691683319 | 585609216 | 132096 | 17580276621 | 148364 |      0 |         0 
 20460 Thread 13 - kafka-coordinator-hear...hread | decaton-benchmark |   189000 |    48000 |    70715148 |   2308631561 |   6173696 |   5120 |    26038156 | 387305 |      0 |         0 
 20463 Thread 14 - PartitionProcessorThre...1b9-bbdd-92204f61274d-1-0 |  1132000 |   360000 |   444397337 |  14553134699 |         0 |      0 |  1412319701 |      0 |      0 |         0 
 20464 Thread 15 - PartitionProcessorThre...1b9-bbdd-92204f61274d-1-1 |  1168000 |   398000 |   466754536 |  15259379449 |     40960 |      0 |  1339933324 |      0 |      0 |         0 
 20465 Thread 16 - PartitionProcessorThre...1b9-bbdd-92204f61274d-1-2 |  1220000 |   424000 |   490564454 |  16036738340 |         0 |      0 |  1458070404 |      0 |      0 |         0 
 20466 Thread 17 - PartitionProcessorThre...1b9-bbdd-92204f61274d-1-3 |  1204000 |   388000 |   475249321 |  15528004062 |         0 |      0 |  1467038659 |      0 |      0 |         0 
 20467 Thread 18 - PartitionProcessorThre...1b9-bbdd-92204f61274d-1-4 |  1222000 |   394000 |   482548067 |  15764548269 |         0 |      0 |  1508852050 |      0 |      0 |         0 
 20468 Thread 19 - PartitionProcessorThre...1b9-bbdd-92204f61274d-1-5 |  1168000 |   406000 |   469431098 |  15352554789 |      3072 |      0 |  1421230296 |      0 |      0 |         0 
 20469 Thread 20 - PartitionProcessorThre...1b9-bbdd-92204f61274d-1-6 |  1238000 |   370000 |   479099040 |  15681657449 |    117760 |      0 |  1423407222 |      0 |      0 |         0 
 20470 Thread 21 - PartitionProcessorThre...1b9-bbdd-92204f61274d-1-7 |  1254000 |   407000 |   496372282 |  16203491875 |         0 |      0 |  1408678116 |      0 |      0 |         0 
 20471 Thread 22 - PartitionProcessorThre...1b9-bbdd-92204f61274d-1-8 |  1209000 |   479000 |   502955903 |  16464623195 |         0 |      0 |  1457117274 |      0 |      0 |         0 
 20472 Thread 23 - PartitionProcessorThre...1b9-bbdd-92204f61274d-1-9 |  1182000 |   376000 |   464348368 |  15197868422 |         0 |      0 |  1473750919 |      0 |      0 |         0 
 20473 Thread 24 - PartitionProcessorThre...b9-bbdd-92204f61274d-1-10 |  1188000 |   386000 |   466984282 |  15352162094 |         0 |      0 |  1518545167 |      0 |      0 |         0 
 20474 Thread 25 - PartitionProcessorThre...b9-bbdd-92204f61274d-1-11 |  1126000 |   414000 |   458279950 |  15020957559 |         0 |      0 |  1452232002 |      0 |      0 |         0 
 20475 Thread 26 - PartitionProcessorThre...b9-bbdd-92204f61274d-1-12 |  1197000 |   377000 |   469474868 |  15353752648 |         0 |      0 |  1574318298 |      0 |      0 |         0 
 20476 Thread 27 - PartitionProcessorThre...b9-bbdd-92204f61274d-1-13 |  1093000 |   389000 |   442773364 |  14456339598 |         0 |      0 |  1547590946 |      0 |      0 |         0 
 20477 Thread 28 - PartitionProcessorThre...b9-bbdd-92204f61274d-1-14 |  1231000 |   387000 |   481852809 |  15780257844 |     34816 |      0 |  1412356214 |      0 |      0 |         0 
 20478 Thread 29 - PartitionProcessorThre...b9-bbdd-92204f61274d-1-15 |  1180000 |   383000 |   464529247 |  15244140613 |         0 |      0 |  1357863699 |      0 |      0 |         0 
 20479 Thread 30 - PartitionProcessorThre...b9-bbdd-92204f61274d-1-16 |  1203000 |   387000 |   472083845 |  15506818933 |      7168 |      0 |  1567581470 |      0 |      0 |         0 
 20480 Thread 31 - PartitionProcessorThre...b9-bbdd-92204f61274d-1-17 |  1240000 |   420000 |   494903516 |  16191848289 |  10831872 |      0 |  1285998551 |      0 |      0 |         0 
 20481 Thread 32 - PartitionProcessorThre...b9-bbdd-92204f61274d-1-18 |  1134000 |   417000 |   463330169 |  15129519125 |         0 |      0 |  1451611984 |      0 |      0 |         0 
 20482 Thread 33 - PartitionProcessorThre...b9-bbdd-92204f61274d-1-19 |  1225000 |   415000 |   488528048 |  15998167722 |         0 |      0 |  1563835171 |      0 |      0 |         0 
 20483 Thread 34 - PartitionProcessorThre...1b9-bbdd-92204f61274d-0-0 |  1230000 |   400000 |   486243075 |  15900868730 |         0 |      0 |  1515730811 |      0 |      0 |         0 
 20484 Thread 35 - PartitionProcessorThre...1b9-bbdd-92204f61274d-0-1 |  1230000 |   375000 |   481136294 |  15657547836 |         0 |      0 |  1377343100 |      0 |      0 |         0 
 20485 Thread 36 - PartitionProcessorThre...1b9-bbdd-92204f61274d-0-2 |  1183000 |   409000 |   476325305 |  15530816328 |      1024 |      0 |  1308852488 |      0 |      0 |         0 
 20486 Thread 37 - PartitionProcessorThre...1b9-bbdd-92204f61274d-0-3 |  1141000 |   400000 |   459563017 |  15032801973 |         0 |      0 |  1611056482 |      0 |      0 |         0 
 20487 Thread 38 - PartitionProcessorThre...1b9-bbdd-92204f61274d-0-4 |  1189000 |   394000 |   474198883 |  15442882605 |         0 |      0 |  1379083666 |      0 |      0 |         0 
 20488 Thread 39 - PartitionProcessorThre...1b9-bbdd-92204f61274d-0-5 |  1121000 |   360000 |   443841243 |  14448132316 |         0 |      0 |  1396802078 |      0 |      0 |         0 
 20489 Thread 40 - PartitionProcessorThre...1b9-bbdd-92204f61274d-0-6 |  1118000 |   408000 |   456661911 |  14887055332 |         0 |      0 |  1442154733 |      0 |      0 |         0 
 20490 Thread 41 - PartitionProcessorThre...1b9-bbdd-92204f61274d-0-7 |  1132000 |   391000 |   455696778 |  14857330289 |         0 |      0 |  1537257075 |      0 |      0 |         0 
 20491 Thread 42 - PartitionProcessorThre...1b9-bbdd-92204f61274d-0-8 |  1194000 |   417000 |   481213172 |  15715947965 |         0 |      0 |  1448921082 |      0 |      0 |         0 
 20492 Thread 43 - PartitionProcessorThre...1b9-bbdd-92204f61274d-0-9 |  1137000 |   411000 |   463082204 |  15101880340 |         0 |      0 |  1341703583 |      0 |      0 |         0 
 20493 Thread 44 - PartitionProcessorThre...b9-bbdd-92204f61274d-0-10 |  1133000 |   368000 |   449647329 |  14643515484 |         0 |      0 |  1426342615 |      0 |      0 |         0 
 20494 Thread 45 - PartitionProcessorThre...b9-bbdd-92204f61274d-0-11 |  1103000 |   399000 |   450239333 |  14652733754 |         0 |      0 |  1392959424 |      0 |      0 |         0 
 20495 Thread 46 - PartitionProcessorThre...b9-bbdd-92204f61274d-0-12 |  1199000 |   391000 |   475277020 |  15511154836 |         0 |      0 |  1546808106 |      0 |      0 |         0 
 20496 Thread 47 - PartitionProcessorThre...b9-bbdd-92204f61274d-0-13 |  1230000 |   406000 |   489590348 |  15959853140 |         0 |      0 |  1292628370 |      0 |      0 |         0 
 20497 Thread 48 - PartitionProcessorThre...b9-bbdd-92204f61274d-0-14 |  1206000 |   382000 |   473589341 |  15491339308 |         0 |      0 |  1396825987 |      0 |      0 |         0 
 20498 Thread 49 - PartitionProcessorThre...b9-bbdd-92204f61274d-0-15 |  1149000 |   434000 |   474076360 |  15442761578 |         0 |      0 |  1581618498 |      0 |      0 |         0 
 20499 Thread 50 - PartitionProcessorThre...b9-bbdd-92204f61274d-0-16 |  1195000 |   394000 |   475943372 |  15501189859 |         0 |      0 |  1490369442 |      0 |      0 |         0 
 20500 Thread 51 - PartitionProcessorThre...b9-bbdd-92204f61274d-0-17 |  1141000 |   401000 |   461980313 |  15043178434 |         0 |      0 |  1324019317 |      0 |      0 |         0 
 20501 Thread 52 - PartitionProcessorThre...b9-bbdd-92204f61274d-0-18 |  1181000 |   400000 |   473201719 |  15423368656 |         0 |      0 |  1537626631 |      0 |      0 |         0 
 20502 Thread 53 - PartitionProcessorThre...b9-bbdd-92204f61274d-0-19 |  1143000 |   352000 |   447025794 |  14584426742 |         0 |      0 |  1392337178 |      0 |      0 |         0 
 20503 Thread 54 - PartitionProcessorThre...1b9-bbdd-92204f61274d-2-0 |  1168000 |   400000 |   470514153 |  15296615199 |         0 |      0 |  1550543632 |      0 |      0 |         0 
 20504 Thread 55 - PartitionProcessorThre...1b9-bbdd-92204f61274d-2-1 |  1115000 |   418000 |   460025591 |  14955192879 |         0 |      0 |  1261331230 |      0 |      0 |         0 
 20505 Thread 56 - PartitionProcessorThre...1b9-bbdd-92204f61274d-2-2 |  1180000 |   434000 |   484670700 |  15745483629 |         0 |      0 |  1349272157 |      0 |      0 |         0 
 20506 Thread 57 - PartitionProcessorThre...1b9-bbdd-92204f61274d-2-3 |  1229000 |   398000 |   488129516 |  15871823976 |         0 |      0 |  1269678782 |      0 |      0 |         0 
 20507 Thread 58 - PartitionProcessorThre...1b9-bbdd-92204f61274d-2-4 |  1142000 |   376000 |   456024200 |  14808706926 |         0 |      0 |  1278396284 |      0 |      0 |         0 
 20508 Thread 59 - PartitionProcessorThre...1b9-bbdd-92204f61274d-2-5 |  1149000 |   412000 |   467963501 |  15228503094 |         0 |      0 |  1335349540 |      0 |      0 |         0 
 20509 Thread 60 - PartitionProcessorThre...1b9-bbdd-92204f61274d-2-6 |  1131000 |   396000 |   458396103 |  14896389523 |         0 |      0 |  1422608390 |      0 |      0 |         0 
 20510 Thread 61 - PartitionProcessorThre...1b9-bbdd-92204f61274d-2-7 |  1138000 |   406000 |   462881419 |  15062429484 |         0 |      0 |  1391974190 |      0 |      0 |         0 
 20511 Thread 62 - PartitionProcessorThre...1b9-bbdd-92204f61274d-2-8 |  1280000 |   390000 |   500580282 |  16291656449 |         0 |      0 |  1487936312 |      0 |      0 |         0 
 20512 Thread 63 - PartitionProcessorThre...1b9-bbdd-92204f61274d-2-9 |  1160000 |   432000 |   478231946 |  15530700090 |         0 |      0 |  1192115677 |      0 |      0 |         0 
 20513 Thread 64 - PartitionProcessorThre...b9-bbdd-92204f61274d-2-10 |  1163000 |   409000 |   471177520 |  15335675453 |         0 |      0 |  1305464882 |      0 |      0 |         0 
 20514 Thread 65 - PartitionProcessorThre...b9-bbdd-92204f61274d-2-11 |  1115000 |   387000 |   451376165 |  14653171457 |         0 |      0 |  1182691714 |      0 |      0 |         0 
 20515 Thread 66 - PartitionProcessorThre...b9-bbdd-92204f61274d-2-12 |  1157000 |   414000 |   471552630 |  15325899062 |         0 |      0 |  1312712483 |      0 |      0 |         0 
 20516 Thread 67 - PartitionProcessorThre...b9-bbdd-92204f61274d-2-13 |  1232000 |   405000 |   490793966 |  15969381289 |         0 |      0 |  1669545729 |      0 |      0 |         0 
 20517 Thread 68 - PartitionProcessorThre...b9-bbdd-92204f61274d-2-14 |  1115000 |   401000 |   454690774 |  14789230230 |         0 |      0 |  1484337084 |      0 |      0 |         0 
 20518 Thread 69 - PartitionProcessorThre...b9-bbdd-92204f61274d-2-15 |  1162000 |   360000 |   456932325 |  14847895418 |         0 |      0 |  1506721209 |      0 |      0 |         0 
 20519 Thread 70 - PartitionProcessorThre...b9-bbdd-92204f61274d-2-16 |  1198000 |   400000 |   479572692 |  15589077051 |         0 |      0 |  1477380608 |      0 |      0 |         0 
 20520 Thread 71 - PartitionProcessorThre...b9-bbdd-92204f61274d-2-17 |  1191000 |   423000 |   484330411 |  15745522125 |         0 |      0 |  1294127188 |      0 |      0 |         0 
 20521 Thread 72 - PartitionProcessorThre...b9-bbdd-92204f61274d-2-18 |  1159000 |   374000 |   460906974 |  14955602855 |         0 |      0 |  1263462316 |      0 |      0 |         0 
 20522 Thread 73 - PartitionProcessorThre...b9-bbdd-92204f61274d-2-19 |  1184000 |   426000 |   484332966 |  15706820414 |         0 |      0 |  1511954175 |      0 |      0 |         0 
 20883 Thread 74 - process reaper                                     |     1000 |     1000 |      662871 |     19571249 |      2048 |      0 |       91746 |      0 |      0 |         0 
 20889 Thread 75 - Attach Listener                                    |   359000 |    96000 |   138693932 |   4446482112 |   5304320 | 133120 |     1521371 |      0 |      0 |         0 
