                                 Task                                 |  utime   |  stime   |     rss     |     vmem     |   read    | write  |    d:cpu    | d:bio  | d:swap | d:reclaim 
 48735 Thread 1 - main                                                |   851000 |   140000 |    67797931 |   7632498133 |  34258944 |   2048 |     7152464 |      0 |      0 |         0 
 48757 Thread 2 - Reference Handler                                   |     8000 |        0 |     1108062 |     67987691 |         0 |      0 |     1433873 |      0 |      0 |         0 
 48758 Thread 3 - Finalizer                                           |     5000 |        0 |      616351 |     43267785 |      5120 |      0 |     6273507 |      0 |      0 |         0 
 48760 Thread 4 - Surrogate Locker Thread (Concurrent GC)             |        0 |     1000 |       26703 |      7163285 |         0 |      0 |           0 |      0 |      0 |         0 
 48761 Thread 5 - Signal Dispatcher                                   |        0 |     1000 |      307597 |      9757738 |         0 |      0 |        3121 |      0 |      0 |         0 
 48770 Thread 12 - RMI Scheduler(0)                                   |     2000 |     2000 |     1181382 |     39030062 |      4096 |      0 |       36192 |      0 |      0 |         0 
 48771 Thread 13 - RMI RenewClean-[10.231.182.152:33021]              |        0 |        0 |           0 |            0 |      1024 |      0 |           0 |      0 |      0 |         0 
 48772 Thread 14 - GC Daemon                                          |        0 |        0 |           0 |            0 |         0 |      0 |           0 |      0 |      0 |         0 
 48774 Thread 15 - DecatonSubscriptionThread-decaton-benchmark        | 29737000 | 31472000 | 18249168090 | 596326808035 | 573161472 | 144384 | 19032904546 | 345121 |      0 |         0 
 48777 Thread 16 - kafka-coordinator-hear...hread | decaton-benchmark |   289000 |    48000 |    99817089 |   3278205144 |   6565888 |   6144 |    38100453 | 505501 |      0 |         0 
 48780 Thread 17 - PartitionProcessorThre...9a7-b8ce-42c23bf5d124-2-0 |  1294000 |   423000 |   508556797 |  16732361127 |     35840 |      0 |  1567757114 |      0 |      0 |         0 
 48781 Thread 18 - PartitionProcessorThre...9a7-b8ce-42c23bf5d124-2-1 |  1222000 |   407000 |   486980680 |  15889518924 |         0 |      0 |  1498209507 |      0 |      0 |         0 
 48782 Thread 19 - PartitionProcessorThre...9a7-b8ce-42c23bf5d124-2-2 |  1282000 |   393000 |   499803489 |  16334372674 |         0 |      0 |  1673763865 |      0 |      0 |         0 
 48783 Thread 20 - PartitionProcessorThre...9a7-b8ce-42c23bf5d124-2-3 |  1337000 |   378000 |   510969297 |  16721525756 |      5120 |      0 |  1604629778 |      0 |      0 |         0 
 48784 Thread 21 - PartitionProcessorThre...9a7-b8ce-42c23bf5d124-2-4 |  1376000 |   408000 |   530499840 |  17395709048 |         0 |      0 |  1621640593 |      0 |      0 |         0 
 48785 Thread 22 - PartitionProcessorThre...9a7-b8ce-42c23bf5d124-2-5 |  1248000 |   440000 |   502526375 |  16464964189 |         0 |      0 |  1453124256 |      0 |      0 |         0 
 48786 Thread 23 - PartitionProcessorThre...9a7-b8ce-42c23bf5d124-2-6 |  1286000 |   422000 |   511419325 |  16663997779 |         0 |      0 |  1550956979 |      0 |      0 |         0 
 48787 Thread 24 - PartitionProcessorThre...9a7-b8ce-42c23bf5d124-2-7 |  1290000 |   404000 |   505404250 |  16523324771 |         0 |      0 |  1553656029 |      0 |      0 |         0 
 48788 Thread 25 - PartitionProcessorThre...9a7-b8ce-42c23bf5d124-2-8 |  1298000 |   456000 |   521898657 |  17110448931 |         0 |      0 |  1615593814 |      0 |      0 |         0 
 48789 Thread 26 - PartitionProcessorThre...9a7-b8ce-42c23bf5d124-2-9 |  1259000 |   426000 |   501809465 |  16436040810 |         0 |      0 |  1492996501 |      0 |      0 |         0 
 48790 Thread 27 - PartitionProcessorThre...a7-b8ce-42c23bf5d124-2-10 |  1256000 |   405000 |   497162176 |  16205283736 |         0 |      0 |  1445417623 |      0 |      0 |         0 
 48791 Thread 28 - PartitionProcessorThre...a7-b8ce-42c23bf5d124-2-11 |  1308000 |   349000 |   496107575 |  16166249197 |         0 |      0 |  1371813061 |      0 |      0 |         0 
 48792 Thread 29 - PartitionProcessorThre...a7-b8ce-42c23bf5d124-2-12 |  1350000 |   444000 |   535964633 |  17501242384 |         0 |      0 |  1611146159 |      0 |      0 |         0 
 48793 Thread 30 - PartitionProcessorThre...a7-b8ce-42c23bf5d124-2-13 |  1290000 |   374000 |   497893957 |  16235062635 |         0 |      0 |  1539780638 |      0 |      0 |         0 
 48794 Thread 31 - PartitionProcessorThre...a7-b8ce-42c23bf5d124-2-14 |  1260000 |   437000 |   505055610 |  16554479830 |         0 |      0 |  1583625996 |      0 |      0 |         0 
 48795 Thread 32 - PartitionProcessorThre...a7-b8ce-42c23bf5d124-2-15 |  1346000 |   443000 |   532975707 |  17449159244 |         0 |      0 |  1486412286 |      0 |      0 |         0 
 48796 Thread 33 - PartitionProcessorThre...a7-b8ce-42c23bf5d124-2-16 |  1324000 |   396000 |   512115825 |  16780442275 |         0 |      0 |  1507638560 |      0 |      0 |         0 
 48797 Thread 34 - PartitionProcessorThre...a7-b8ce-42c23bf5d124-2-17 |  1309000 |   433000 |   520157317 |  16993123529 |         0 |      0 |  1488141571 |      0 |      0 |         0 
 48798 Thread 35 - PartitionProcessorThre...a7-b8ce-42c23bf5d124-2-18 |  1274000 |   410000 |   501802860 |  16426554107 |         0 |      0 |  1529640031 |      0 |      0 |         0 
 48799 Thread 36 - PartitionProcessorThre...a7-b8ce-42c23bf5d124-2-19 |  1322000 |   418000 |   519547516 |  16974738201 |         0 |      0 |  1657123964 |      0 |      0 |         0 
 48800 Thread 37 - PartitionProcessorThre...9a7-b8ce-42c23bf5d124-0-0 |  1308000 |   418000 |   512990864 |  16842268779 |         0 |      0 |  1572611843 |      0 |      0 |         0 
 48801 Thread 38 - PartitionProcessorThre...9a7-b8ce-42c23bf5d124-0-1 |  1321000 |   413000 |   516871543 |  16920524865 |         0 |      0 |  1562678315 |      0 |      0 |         0 
 48802 Thread 39 - PartitionProcessorThre...9a7-b8ce-42c23bf5d124-0-2 |  1284000 |   422000 |   506643825 |  16647022392 |         0 |      0 |  1553569048 |      0 |      0 |         0 
 48803 Thread 40 - PartitionProcessorThre...9a7-b8ce-42c23bf5d124-0-3 |  1236000 |   431000 |   496357813 |  16266749713 |         0 |      0 |  1534211636 |      0 |      0 |         0 
 48804 Thread 41 - PartitionProcessorThre...9a7-b8ce-42c23bf5d124-0-4 |  1357000 |   403000 |   524903922 |  17174320826 |         0 |      0 |  1567958965 |      0 |      0 |         0 
 48805 Thread 42 - PartitionProcessorThre...9a7-b8ce-42c23bf5d124-0-5 |  1337000 |   419000 |   522681453 |  17135157681 |         0 |      0 |  1372101517 |      0 |      0 |         0 
 48806 Thread 43 - PartitionProcessorThre...9a7-b8ce-42c23bf5d124-0-6 |  1337000 |   412000 |   520619180 |  17066818103 |         0 |      0 |  1616564663 |      0 |      0 |         0 
 48807 Thread 44 - PartitionProcessorThre...9a7-b8ce-42c23bf5d124-0-7 |  1383000 |   386000 |   527895125 |  17262400775 |         0 |      0 |  1613238418 |      0 |      0 |         0 
 48808 Thread 45 - PartitionProcessorThre...9a7-b8ce-42c23bf5d124-0-8 |  1290000 |   368000 |   494719547 |  16179291572 |         0 |      0 |  1553271942 |      0 |      0 |         0 
 48809 Thread 46 - PartitionProcessorThre...9a7-b8ce-42c23bf5d124-0-9 |  1319000 |   430000 |   521019055 |  17066961404 |  10831872 |      0 |  1670256158 |      0 |      0 |         0 
 48810 Thread 47 - PartitionProcessorThre...a7-b8ce-42c23bf5d124-0-10 |  1304000 |   440000 |   518270629 |  17018154314 |         0 |      0 |  1669482385 |      0 |      0 |         0 
 48811 Thread 48 - PartitionProcessorThre...a7-b8ce-42c23bf5d124-0-11 |  1334000 |   417000 |   520810446 |  17086376908 |         0 |      0 |  1526482794 |      0 |      0 |         0 
 48812 Thread 49 - PartitionProcessorThre...a7-b8ce-42c23bf5d124-0-12 |  1258000 |   397000 |   493824606 |  16149701615 |         0 |      0 |  1449488513 |      0 |      0 |         0 
 48813 Thread 50 - PartitionProcessorThre...a7-b8ce-42c23bf5d124-0-13 |  1295000 |   384000 |   499936981 |  16383841877 |         0 |      0 |  1387333464 |      0 |      0 |         0 
 48814 Thread 51 - PartitionProcessorThre...a7-b8ce-42c23bf5d124-0-14 |  1258000 |   415000 |   498809754 |  16325252314 |         0 |      0 |  1582870272 |      0 |      0 |         0 
 48815 Thread 52 - PartitionProcessorThre...a7-b8ce-42c23bf5d124-0-15 |  1304000 |   442000 |   519544317 |  17037421322 |         0 |      0 |  1679599553 |      0 |      0 |         0 
 48816 Thread 53 - PartitionProcessorThre...a7-b8ce-42c23bf5d124-0-16 |  1351000 |   426000 |   529991172 |  17340189396 |         0 |      0 |  1850323968 |      0 |      0 |         0 
 48817 Thread 54 - PartitionProcessorThre...a7-b8ce-42c23bf5d124-0-17 |  1368000 |   456000 |   542332617 |  17798109443 |      1024 |      0 |  1852714681 |      0 |      0 |         0 
 48818 Thread 55 - PartitionProcessorThre...a7-b8ce-42c23bf5d124-0-18 |  1307000 |   414000 |   512664164 |  16793640959 |         0 |      0 |  1554491115 |      0 |      0 |         0 
 48819 Thread 56 - PartitionProcessorThre...a7-b8ce-42c23bf5d124-0-19 |  1326000 |   401000 |   513353848 |  16851946627 |         0 |      0 |  1492419449 |      0 |      0 |         0 
 48820 Thread 57 - PartitionProcessorThre...9a7-b8ce-42c23bf5d124-1-0 |  1315000 |   458000 |   531212622 |  17301556006 |         0 |      0 |  1507028755 |      0 |      0 |         0 
 48821 Thread 58 - PartitionProcessorThre...9a7-b8ce-42c23bf5d124-1-1 |  1305000 |   421000 |   518830477 |  16843180420 |         0 |      0 |  1266444685 |      0 |      0 |         0 
 48822 Thread 59 - PartitionProcessorThre...9a7-b8ce-42c23bf5d124-1-2 |  1404000 |   424000 |   547187379 |  17838004252 |         0 |      0 |  1403968270 |      0 |      0 |         0 
 48823 Thread 60 - PartitionProcessorThre...9a7-b8ce-42c23bf5d124-1-3 |  1321000 |   405000 |   518598001 |  16843142826 |         0 |      0 |  1519247213 |      0 |      0 |         0 
 48824 Thread 61 - PartitionProcessorThre...9a7-b8ce-42c23bf5d124-1-4 |  1291000 |   421000 |   513629821 |  16706957846 |         0 |      0 |  1511468646 |      0 |      0 |         0 
 48825 Thread 62 - PartitionProcessorThre...9a7-b8ce-42c23bf5d124-1-5 |  1340000 |   384000 |   516614934 |  16823078494 |         0 |      0 |  1670734811 |      0 |      0 |         0 
 48826 Thread 63 - PartitionProcessorThre...9a7-b8ce-42c23bf5d124-1-6 |  1309000 |   436000 |   524032559 |  17028013049 |         0 |      0 |  1641179432 |      0 |      0 |         0 
 48827 Thread 64 - PartitionProcessorThre...9a7-b8ce-42c23bf5d124-1-7 |  1339000 |   467000 |   542796782 |  17623656072 |         0 |      0 |  1676124553 |      0 |      0 |         0 
 48828 Thread 65 - PartitionProcessorThre...9a7-b8ce-42c23bf5d124-1-8 |  1390000 |   499000 |   567442617 |  18433083310 |         0 |      0 |  1722882132 |      0 |      0 |         0 
 48829 Thread 66 - PartitionProcessorThre...9a7-b8ce-42c23bf5d124-1-9 |  1354000 |   451000 |   542437696 |  17613874052 |         0 |      0 |  1488059564 |      0 |      0 |         0 
 48830 Thread 67 - PartitionProcessorThre...a7-b8ce-42c23bf5d124-1-10 |  1262000 |   426000 |   505152379 |  16472060396 |         0 |      0 |  1455349400 |      0 |      0 |         0 
 48831 Thread 68 - PartitionProcessorThre...a7-b8ce-42c23bf5d124-1-11 |  1276000 |   422000 |   508956704 |  16569353541 |         0 |      0 |  1511471917 |      0 |      0 |         0 
 48832 Thread 69 - PartitionProcessorThre...a7-b8ce-42c23bf5d124-1-12 |  1312000 |   422000 |   521620481 |  16921172275 |         0 |      0 |  1408531620 |      0 |      0 |         0 
 48833 Thread 70 - PartitionProcessorThre...a7-b8ce-42c23bf5d124-1-13 |  1352000 |   438000 |   537766387 |  17467706080 |         0 |      0 |  1542965222 |      0 |      0 |         0 
 48834 Thread 71 - PartitionProcessorThre...a7-b8ce-42c23bf5d124-1-14 |  1372000 |   460000 |   549352340 |  17877205166 |         0 |      0 |  1528573335 |      0 |      0 |         0 
 48835 Thread 72 - PartitionProcessorThre...a7-b8ce-42c23bf5d124-1-15 |  1300000 |   412000 |   513919047 |  16706391162 |         0 |      0 |  1555290498 |      0 |      0 |         0 
 48836 Thread 73 - PartitionProcessorThre...a7-b8ce-42c23bf5d124-1-16 |  1332000 |   398000 |   519859512 |  16881884170 |      1024 |      0 |  1451364443 |      0 |      0 |         0 
 48837 Thread 74 - PartitionProcessorThre...a7-b8ce-42c23bf5d124-1-17 |  1311000 |   454000 |   530825395 |  17223538533 |         0 |      0 |  1433000883 |      0 |      0 |         0 
 48838 Thread 75 - PartitionProcessorThre...a7-b8ce-42c23bf5d124-1-18 |  1301000 |   412000 |   514624661 |  16715893459 |         0 |      0 |  1601960845 |      0 |      0 |         0 
 48839 Thread 76 - PartitionProcessorThre...a7-b8ce-42c23bf5d124-1-19 |  1271000 |   442000 |   514591793 |  16715803236 |         0 |      0 |  1620366854 |      0 |      0 |         0 
 49317 Thread 77 - process reaper                                     |     1000 |        0 |      312511 |      9786222 |         0 |      0 |       46301 |      0 |      0 |         0 
 49322 Thread 78 - Attach Listener                                    |   435000 |    97000 |   164936315 |   5200286713 |   5144576 | 158720 |     2544765 |      0 |      0 |         0 
