                                 Task                                  |  utime   |  stime   |     rss     |     vmem     |   read    | write  |    d:cpu    | d:bio  | d:swap | d:reclaim 
 141162 Thread 1 - main                                                |   830000 |   123000 |    61694787 |   7308397392 |  34258944 |   1024 |    18049462 |      0 |      0 |         0 
 141184 Thread 2 - Reference Handler                                   |     6000 |        0 |      600765 |     49296769 |         0 |      0 |      694635 |      0 |      0 |         0 
 141185 Thread 3 - Finalizer                                           |     6000 |        0 |      601074 |     49296769 |      5120 |      0 |     2581274 |      0 |      0 |         0 
 141186 Thread 4 - Surrogate Locker Thread (Concurrent GC)             |        0 |     1000 |       26699 |      7227285 |         0 |      0 |       29054 |      0 |      0 |         0 
 141187 Thread 5 - Signal Dispatcher                                   |        0 |        0 |           0 |            0 |         0 |      0 |       33401 |      0 |      0 |         0 
 141195 Thread 12 - RMI Scheduler(0)                                   |     5000 |        0 |     1285859 |     46822523 |      4096 |      0 |       28360 |      0 |      0 |         0 
 141196 Thread 13 - RMI RenewClean-[10.231.182.152:35736]              |     1000 |     1000 |      156644 |     15655480 |      1024 |      0 |           0 |      0 |      0 |         0 
 141197 Thread 14 - GC Daemon                                          |        0 |        0 |           0 |            0 |         0 |      0 |           0 |      0 |      0 |         0 
 141199 Thread 15 - DecatonSubscriptionThread-decaton-benchmark        | 28328000 | 30407000 | 17048730225 | 572193018252 | 573692928 | 130048 | 16906101039 |  64509 |      0 |         0 
 141201 Thread 16 - kafka-coordinator-hear...hread | decaton-benchmark |   249000 |    54000 |    87559999 |   2944852010 |   6001664 |   5120 |    50324989 | 286408 |      0 |         0 
 141206 Thread 17 - PartitionProcessorThre...76c-92b4-965d0fbf6616-2-0 |  1256000 |   414000 |   484995125 |  16283676799 |     33792 |      0 |  1526668446 |      0 |      0 |         0 
 141207 Thread 18 - PartitionProcessorThre...76c-92b4-965d0fbf6616-2-1 |  1344000 |   438000 |   518245417 |  17380562834 |         0 |      0 |  1707321077 |      0 |      0 |         0 
 141208 Thread 19 - PartitionProcessorThre...76c-92b4-965d0fbf6616-2-2 |  1218000 |   425000 |   478909574 |  16027052475 |         0 |      0 |  1543494640 |      0 |      0 |         0 
 141209 Thread 20 - PartitionProcessorThre...76c-92b4-965d0fbf6616-2-3 |  1257000 |   434000 |   494484878 |  16498020772 |         0 |      0 |  1486191032 |      0 |      0 |         0 
 141210 Thread 21 - PartitionProcessorThre...76c-92b4-965d0fbf6616-2-4 |  1236000 |   467000 |   495664957 |  16611043912 |         0 |      0 |  1589856883 |      0 |      0 |         0 
 141211 Thread 22 - PartitionProcessorThre...76c-92b4-965d0fbf6616-2-5 |  1228000 |   423000 |   480629246 |  16103260631 |         0 |      0 |  1589778998 |      0 |      0 |         0 
 141212 Thread 23 - PartitionProcessorThre...76c-92b4-965d0fbf6616-2-6 |  1307000 |   406000 |   498551761 |  16708400631 |         0 |      0 |  1526813412 |      0 |      0 |         0 
 141213 Thread 24 - PartitionProcessorThre...76c-92b4-965d0fbf6616-2-7 |  1309000 |   409000 |   498228687 |  16753888611 |      4096 |      0 |  1385111252 |      0 |      0 |         0 
 141214 Thread 25 - PartitionProcessorThre...76c-92b4-965d0fbf6616-2-8 |  1343000 |   468000 |   527273152 |  17666189248 |         0 |      0 |  1479816186 |      0 |      0 |         0 
 141215 Thread 26 - PartitionProcessorThre...76c-92b4-965d0fbf6616-2-9 |  1228000 |   430000 |   482761668 |  16172410901 |         0 |      0 |  1545176711 |      0 |      0 |         0 
 141216 Thread 27 - PartitionProcessorThre...6c-92b4-965d0fbf6616-2-10 |  1214000 |   401000 |   470613472 |  15756654967 |         0 |      0 |  1383629509 |      0 |      0 |         0 
 141217 Thread 28 - PartitionProcessorThre...6c-92b4-965d0fbf6616-2-11 |  1310000 |   421000 |   504846285 |  16885339662 |         0 |      0 |  1611629149 |      0 |      0 |         0 
 141218 Thread 29 - PartitionProcessorThre...6c-92b4-965d0fbf6616-2-12 |  1215000 |   422000 |   474550644 |  15962069795 |         0 |      0 |  1569689276 |      0 |      0 |         0 
 141219 Thread 30 - PartitionProcessorThre...6c-92b4-965d0fbf6616-2-13 |  1276000 |   427000 |   495040308 |  16610370068 |         0 |      0 |  1790141376 |      0 |      0 |         0 
 141220 Thread 31 - PartitionProcessorThre...6c-92b4-965d0fbf6616-2-14 |  1219000 |   425000 |   478334941 |  16035980096 |         0 |      0 |  1425389070 |      0 |      0 |         0 
 141221 Thread 32 - PartitionProcessorThre...6c-92b4-965d0fbf6616-2-15 |  1229000 |   400000 |   471606211 |  15884269994 |         0 |      0 |  1527073792 |      0 |      0 |         0 
 141222 Thread 33 - PartitionProcessorThre...6c-92b4-965d0fbf6616-2-16 |  1256000 |   391000 |   478456425 |  16064105029 |         0 |      0 |  1409928516 |      0 |      0 |         0 
 141223 Thread 34 - PartitionProcessorThre...6c-92b4-965d0fbf6616-2-17 |  1289000 |   413000 |   495228484 |  16600076283 |      3072 |      0 |  1647312622 |      0 |      0 |         0 
 141224 Thread 35 - PartitionProcessorThre...6c-92b4-965d0fbf6616-2-18 |  1268000 |   409000 |   488571355 |  16359406764 |         0 |      0 |  1781649348 |      0 |      0 |         0 
 141225 Thread 36 - PartitionProcessorThre...6c-92b4-965d0fbf6616-2-19 |  1225000 |   384000 |   467847621 |  15691809928 |         0 |      0 |  1582641595 |      0 |      0 |         0 
 141226 Thread 37 - PartitionProcessorThre...76c-92b4-965d0fbf6616-0-0 |  1315000 |   434000 |   506026281 |  17066656889 |         0 |      0 |  1447521501 |      0 |      0 |         0 
 141227 Thread 38 - PartitionProcessorThre...76c-92b4-965d0fbf6616-0-1 |  1277000 |   417000 |   489100265 |  16529329424 |         0 |      0 |  1746433099 |      0 |      0 |         0 
 141228 Thread 39 - PartitionProcessorThre...76c-92b4-965d0fbf6616-0-2 |  1287000 |   409000 |   487854347 |  16548576975 |         0 |      0 |  1487377865 |      0 |      0 |         0 
 141229 Thread 40 - PartitionProcessorThre...76c-92b4-965d0fbf6616-0-3 |  1319000 |   482000 |   521784284 |  17573998568 |         0 |      0 |  1586965900 |      0 |      0 |         0 
 141230 Thread 41 - PartitionProcessorThre...76c-92b4-965d0fbf6616-0-4 |  1344000 |   423000 |   511290562 |  17242325638 |         0 |      0 |  1654680848 |      0 |      0 |         0 
 141231 Thread 42 - PartitionProcessorThre...76c-92b4-965d0fbf6616-0-5 |  1290000 |   482000 |   513925531 |  17291215814 |         0 |      0 |  1553806970 |      0 |      0 |         0 
 141232 Thread 43 - PartitionProcessorThre...76c-92b4-965d0fbf6616-0-6 |  1227000 |   451000 |   485214109 |  16373730268 |         0 |      0 |  1419636845 |      0 |      0 |         0 
 141233 Thread 44 - PartitionProcessorThre...76c-92b4-965d0fbf6616-0-7 |  1320000 |   402000 |   498107738 |  16802695631 |         0 |      0 |  1584391917 |      0 |      0 |         0 
 141234 Thread 45 - PartitionProcessorThre...76c-92b4-965d0fbf6616-0-8 |  1252000 |   438000 |   489732503 |  16491177338 |         0 |      0 |  1554272551 |      0 |      0 |         0 
 141235 Thread 46 - PartitionProcessorThre...76c-92b4-965d0fbf6616-0-9 |  1272000 |   435000 |   493971464 |  16656838881 |         0 |      0 |  1705550152 |      0 |      0 |         0 
 141236 Thread 47 - PartitionProcessorThre...6c-92b4-965d0fbf6616-0-10 |  1277000 |   435000 |   495803820 |  16705595447 |         0 |      0 |  1688621535 |      0 |      0 |         0 
 141237 Thread 48 - PartitionProcessorThre...6c-92b4-965d0fbf6616-0-11 |  1267000 |   445000 |   495019773 |  16705560131 |         0 |      0 |  1598581049 |      0 |      0 |         0 
 141238 Thread 49 - PartitionProcessorThre...6c-92b4-965d0fbf6616-0-12 |  1217000 |   450000 |   482441269 |  16266261307 |         0 |      0 |  1549446965 |      0 |      0 |         0 
 141239 Thread 50 - PartitionProcessorThre...6c-92b4-965d0fbf6616-0-13 |  1242000 |   444000 |   489255261 |  16452129369 |         0 |      0 |  1632656872 |      0 |      0 |         0 
 141240 Thread 51 - PartitionProcessorThre...6c-92b4-965d0fbf6616-0-14 |  1316000 |   417000 |   501939187 |  16910358256 |         0 |      0 |  1702778362 |      0 |      0 |         0 
 141241 Thread 52 - PartitionProcessorThre...6c-92b4-965d0fbf6616-0-15 |  1272000 |   408000 |   487374617 |  16393602143 |         0 |      0 |  1619567583 |      0 |      0 |         0 
 141242 Thread 53 - PartitionProcessorThre...6c-92b4-965d0fbf6616-0-16 |  1194000 |   413000 |   465806383 |  15680937811 |         0 |      0 |  1710197286 |      0 |      0 |         0 
 141243 Thread 54 - PartitionProcessorThre...6c-92b4-965d0fbf6616-0-17 |  1262000 |   431000 |   490118746 |  16519945951 |         0 |      0 |  1466111165 |      0 |      0 |         0 
 141244 Thread 55 - PartitionProcessorThre...6c-92b4-965d0fbf6616-0-18 |  1301000 |   398000 |   494030648 |  16579128803 |         0 |      0 |  1553325405 |      0 |      0 |         0 
 141245 Thread 56 - PartitionProcessorThre...6c-92b4-965d0fbf6616-0-19 |  1277000 |   429000 |   495153496 |  16646952143 |         0 |      0 |  1780975351 |      0 |      0 |         0 
 141246 Thread 57 - PartitionProcessorThre...76c-92b4-965d0fbf6616-1-0 |  1260000 |   456000 |   502865390 |  16745526478 |      1024 |      0 |  1632639956 |      0 |      0 |         0 
 141247 Thread 58 - PartitionProcessorThre...76c-92b4-965d0fbf6616-1-1 |  1249000 |   455000 |   499242929 |  16628436244 |         0 |      0 |  1422346462 |      0 |      0 |         0 
 141248 Thread 59 - PartitionProcessorThre...76c-92b4-965d0fbf6616-1-2 |  1235000 |   389000 |   475365324 |  15847335307 |         0 |      0 |  1680775721 |      0 |      0 |         0 
 141249 Thread 60 - PartitionProcessorThre...76c-92b4-965d0fbf6616-1-3 |  1256000 |   462000 |   502780878 |  16764666986 |         0 |      0 |  1608483056 |      0 |      0 |         0 
 141250 Thread 61 - PartitionProcessorThre...76c-92b4-965d0fbf6616-1-4 |  1286000 |   406000 |   494398363 |  16510909057 |         0 |      0 |  1314556895 |      0 |      0 |         0 
 141251 Thread 62 - PartitionProcessorThre...76c-92b4-965d0fbf6616-1-5 |  1154000 |   418000 |   460476449 |  15340599721 |         0 |      0 |  1359596167 |      0 |      0 |         0 
 141252 Thread 63 - PartitionProcessorThre...76c-92b4-965d0fbf6616-1-6 |  1246000 |   397000 |   481688156 |  16033121873 |         0 |      0 |  1601034054 |      0 |      0 |         0 
 141253 Thread 64 - PartitionProcessorThre...76c-92b4-965d0fbf6616-1-7 |  1242000 |   460000 |   498224398 |  16608733939 |         0 |      0 |  1461902698 |      0 |      0 |         0 
 141254 Thread 65 - PartitionProcessorThre...76c-92b4-965d0fbf6616-1-8 |  1238000 |   416000 |   484736894 |  16140404213 |      1024 |      0 |  1658939195 |      0 |      0 |         0 
 141255 Thread 66 - PartitionProcessorThre...76c-92b4-965d0fbf6616-1-9 |  1219000 |   438000 |   484509222 |  16170051326 |  10831872 |      0 |  1638336390 |      0 |      0 |         0 
 141256 Thread 67 - PartitionProcessorThre...6c-92b4-965d0fbf6616-1-10 |  1249000 |   402000 |   483660386 |  16111131654 |         0 |      0 |  1489937646 |      0 |      0 |         0 
 141257 Thread 68 - PartitionProcessorThre...6c-92b4-965d0fbf6616-1-11 |  1271000 |   434000 |   498432460 |  16638068139 |         0 |      0 |  1609183987 |      0 |      0 |         0 
 141258 Thread 69 - PartitionProcessorThre...6c-92b4-965d0fbf6616-1-12 |  1187000 |   409000 |   467403976 |  15574187182 |         0 |      0 |  1675375585 |      0 |      0 |         0 
 141259 Thread 70 - PartitionProcessorThre...6c-92b4-965d0fbf6616-1-13 |  1222000 |   388000 |   470869215 |  15710886088 |         0 |      0 |  1489313711 |      0 |      0 |         0 
 141260 Thread 71 - PartitionProcessorThre...6c-92b4-965d0fbf6616-1-14 |  1244000 |   406000 |   482746402 |  16101561401 |         0 |      0 |  1479180360 |      0 |      0 |         0 
 141261 Thread 72 - PartitionProcessorThre...6c-92b4-965d0fbf6616-1-15 |  1176000 |   436000 |   472466597 |  15730682026 |         0 |      0 |  1453838251 |      0 |      0 |         0 
 141262 Thread 73 - PartitionProcessorThre...6c-92b4-965d0fbf6616-1-16 |  1269000 |   407000 |   491468203 |  16354976010 |         0 |      0 |  1627583829 |      0 |      0 |         0 
 141263 Thread 74 - PartitionProcessorThre...6c-92b4-965d0fbf6616-1-17 |  1231000 |   391000 |   475461636 |  15828475697 |         0 |      0 |  1509878238 |      0 |      0 |         0 
 141264 Thread 75 - PartitionProcessorThre...6c-92b4-965d0fbf6616-1-18 |  1203000 |   400000 |   469268343 |  15642739506 |         0 |      0 |  1494687554 |      0 |      0 |         0 
 141265 Thread 76 - PartitionProcessorThre...6c-92b4-965d0fbf6616-1-19 |  1227000 |   456000 |   493526121 |  16423434701 |         0 |      0 |  1570250421 |      0 |      0 |         0 
 141701 Thread 77 - process reaper                                     |     1000 |        0 |      301718 |      9788730 |         0 |      0 |      300120 |      0 |      0 |         0 
 141707 Thread 78 - Attach Listener                                    |   441000 |   102000 |   162481459 |   5307750721 |   5144576 | 172032 |     3450903 |      0 |      0 |         0 
