                                 Task                                 |  utime   |  stime   |     rss     |     vmem     |   read    | write  |    d:cpu    | d:bio  | d:swap | d:reclaim 
 38346 Thread 1 - main                                                |   713000 |   118000 |    50727693 |   6313325030 |  22117376 |   2048 |    11308310 |      0 |      0 |         0 
 38368 Thread 2 - Reference Handler                                   |     9000 |        0 |     1176671 |     76733792 |         0 |      0 |      456937 |      0 |      0 |         0 
 38369 Thread 3 - Finalizer                                           |    10000 |        0 |      956242 |     81901925 |      5120 |      0 |     4691269 |      0 |      0 |         0 
 38370 Thread 4 - Surrogate Locker Thread (Concurrent GC)             |        0 |     1000 |       26707 |      7228289 |         0 |      0 |       18486 |      0 |      0 |         0 
 38371 Thread 5 - Signal Dispatcher                                   |        0 |        0 |           0 |            0 |         0 |      0 |       14028 |      0 |      0 |         0 
 38380 Thread 12 - RMI Scheduler(0)                                   |     4000 |     1000 |     1343945 |     46848746 |      4096 |      0 |      207442 |      0 |      0 |         0 
 38381 Thread 13 - RMI RenewClean-[10.231.182.152:33789]              |        0 |        0 |           0 |            0 |      1024 |      0 |       17252 |      0 |      0 |         0 
 38382 Thread 14 - GC Daemon                                          |        0 |        0 |           0 |            0 |         0 |      0 |           0 |      0 |      0 |         0 
 38385 Thread 15 - DecatonSubscriptionThread-decaton-benchmark        | 29716000 | 30903000 | 18326490487 | 590347066546 | 585915392 | 154624 | 18669017471 | 244744 |      0 |         0 
 38386 Thread 16 - kafka-coordinator-hear...hread | decaton-benchmark |   294000 |    63000 |   108628991 |   3480147132 |   5574656 |   7168 |    25588332 | 365173 |      0 |         0 
 38390 Thread 17 - PartitionProcessorThre...ce8-9ab2-606a66e41363-1-0 |  1238000 |   411000 |   495646790 |  16080793606 |     33792 |      0 |  1933650017 |      0 |      0 |         0 
 38391 Thread 18 - PartitionProcessorThre...ce8-9ab2-606a66e41363-1-1 |  1295000 |   418000 |   518217844 |  16712100938 |         0 |      0 |  2068407778 |      0 |      0 |         0 
 38392 Thread 19 - PartitionProcessorThre...ce8-9ab2-606a66e41363-1-2 |  1228000 |   392000 |   487643317 |  15807755853 |         0 |      0 |  1693567676 |      0 |      0 |         0 
 38393 Thread 20 - PartitionProcessorThre...ce8-9ab2-606a66e41363-1-3 |  1294000 |   409000 |   512914282 |  16612313950 |      7168 |      0 |  1925538880 |      0 |      0 |         0 
 38394 Thread 21 - PartitionProcessorThre...ce8-9ab2-606a66e41363-1-4 |  1311000 |   390000 |   512610426 |  16594945454 |         0 |      0 |  1480615430 |      0 |      0 |         0 
 38395 Thread 22 - PartitionProcessorThre...ce8-9ab2-606a66e41363-1-5 |  1243000 |   399000 |   495175754 |  16020368103 |         0 |      0 |  1759606160 |      0 |      0 |         0 
 38396 Thread 23 - PartitionProcessorThre...ce8-9ab2-606a66e41363-1-6 |  1326000 |   405000 |   522283094 |  16886851645 |    117760 |      0 |  1728368874 |      0 |      0 |         0 
 38397 Thread 24 - PartitionProcessorThre...ce8-9ab2-606a66e41363-1-7 |  1304000 |   428000 |   523257997 |  16899933716 |         0 |      0 |  1834346470 |      0 |      0 |         0 
 38398 Thread 25 - PartitionProcessorThre...ce8-9ab2-606a66e41363-1-8 |  1351000 |   469000 |   548509239 |  17758055841 |         0 |      0 |  1880315975 |      0 |      0 |         0 
 38399 Thread 26 - PartitionProcessorThre...ce8-9ab2-606a66e41363-1-9 |  1338000 |   494000 |   552897203 |  17873984923 |         0 |      0 |  1909517050 |      0 |      0 |         0 
 38400 Thread 27 - PartitionProcessorThre...e8-9ab2-606a66e41363-1-10 |  1245000 |   404000 |   495795778 |  16090753618 |         0 |      0 |  1648010100 |      0 |      0 |         0 
 38401 Thread 28 - PartitionProcessorThre...e8-9ab2-606a66e41363-1-11 |  1354000 |   402000 |   530320602 |  17133543231 |         0 |      0 |  1838954958 |      0 |      0 |         0 
 38402 Thread 29 - PartitionProcessorThre...e8-9ab2-606a66e41363-1-12 |  1429000 |   445000 |   564390922 |  18284831844 |         0 |      0 |  1759298915 |      0 |      0 |         0 
 38403 Thread 30 - PartitionProcessorThre...e8-9ab2-606a66e41363-1-13 |  1292000 |   499000 |   540707071 |  17474799118 |         0 |      0 |  1792610256 |      0 |      0 |         0 
 38404 Thread 31 - PartitionProcessorThre...e8-9ab2-606a66e41363-1-14 |  1358000 |   438000 |   539463231 |  17525069930 |         0 |      0 |  1801496521 |      0 |      0 |         0 
 38405 Thread 32 - PartitionProcessorThre...e8-9ab2-606a66e41363-1-15 |  1267000 |   454000 |   520308997 |  16792015552 |         0 |      0 |  1825450661 |      0 |      0 |         0 
 38406 Thread 33 - PartitionProcessorThre...e8-9ab2-606a66e41363-1-16 |  1294000 |   415000 |   513675672 |  16674727458 |         0 |      0 |  1813879824 |      0 |      0 |         0 
 38407 Thread 34 - PartitionProcessorThre...e8-9ab2-606a66e41363-1-17 |  1332000 |   379000 |   517168579 |  16695472739 |         0 |      0 |  1911635824 |      0 |      0 |         0 
 38408 Thread 35 - PartitionProcessorThre...e8-9ab2-606a66e41363-1-18 |  1293000 |   428000 |   519768332 |  16791582044 |         0 |      0 |  1903635830 |      0 |      0 |         0 
 38409 Thread 36 - PartitionProcessorThre...e8-9ab2-606a66e41363-1-19 |  1238000 |   403000 |   493952598 |  16012971825 |      3072 |      0 |  1923263076 |      0 |      0 |         0 
 38410 Thread 37 - PartitionProcessorThre...ce8-9ab2-606a66e41363-0-0 |  1319000 |   390000 |   521498547 |  16677232731 |         0 |      0 |  1631547913 |      0 |      0 |         0 
 38411 Thread 38 - PartitionProcessorThre...ce8-9ab2-606a66e41363-0-1 |  1281000 |   413000 |   516364969 |  16531053466 |         0 |      0 |  1652824163 |      0 |      0 |         0 
 38412 Thread 39 - PartitionProcessorThre...ce8-9ab2-606a66e41363-0-2 |  1251000 |   396000 |   501222411 |  16072037599 |         0 |      0 |  1643629959 |      0 |      0 |         0 
 38413 Thread 40 - PartitionProcessorThre...ce8-9ab2-606a66e41363-0-3 |  1256000 |   378000 |   498986950 |  15945021536 |         0 |      0 |  1638038983 |      0 |      0 |         0 
 38414 Thread 41 - PartitionProcessorThre...ce8-9ab2-606a66e41363-0-4 |  1286000 |   400000 |   515059950 |  16453012532 |      1024 |      0 |  1712822772 |      0 |      0 |         0 
 38415 Thread 42 - PartitionProcessorThre...ce8-9ab2-606a66e41363-0-5 |  1283000 |   434000 |   523885915 |  16754949817 |         0 |      0 |  1855870826 |      0 |      0 |         0 
 38416 Thread 43 - PartitionProcessorThre...ce8-9ab2-606a66e41363-0-6 |  1239000 |   414000 |   504073005 |  16130464036 |         0 |      0 |  1668941420 |      0 |      0 |         0 
 38417 Thread 44 - PartitionProcessorThre...ce8-9ab2-606a66e41363-0-7 |  1218000 |   381000 |   488350403 |  15603858899 |         0 |      0 |  1846778346 |      0 |      0 |         0 
 38418 Thread 45 - PartitionProcessorThre...ce8-9ab2-606a66e41363-0-8 |  1286000 |   432000 |   522406340 |  16764480188 |         0 |      0 |  1943056760 |      0 |      0 |         0 
 38419 Thread 46 - PartitionProcessorThre...ce8-9ab2-606a66e41363-0-9 |  1331000 |   437000 |   539190239 |  17252615020 |         0 |      0 |  1922462361 |      0 |      0 |         0 
 38420 Thread 47 - PartitionProcessorThre...e8-9ab2-606a66e41363-0-10 |  1280000 |   390000 |   510232286 |  16296353743 |         0 |      0 |  1884768466 |      0 |      0 |         0 
 38421 Thread 48 - PartitionProcessorThre...e8-9ab2-606a66e41363-0-11 |  1144000 |   417000 |   476035114 |  15233088181 |  10831872 |      0 |  1628174977 |      0 |      0 |         0 
 38422 Thread 49 - PartitionProcessorThre...e8-9ab2-606a66e41363-0-12 |  1206000 |   432000 |   499695649 |  15984049060 |         0 |      0 |  1898452173 |      0 |      0 |         0 
 38423 Thread 50 - PartitionProcessorThre...e8-9ab2-606a66e41363-0-13 |  1263000 |   425000 |   514163559 |  16472099645 |         0 |      0 |  1845668103 |      0 |      0 |         0 
 38424 Thread 51 - PartitionProcessorThre...e8-9ab2-606a66e41363-0-14 |  1319000 |   415000 |   526764454 |  16920745739 |         0 |      0 |  1680910880 |      0 |      0 |         0 
 38425 Thread 52 - PartitionProcessorThre...e8-9ab2-606a66e41363-0-15 |  1240000 |   413000 |   504011024 |  16130647501 |         0 |      0 |  1629184590 |      0 |      0 |         0 
 38426 Thread 53 - PartitionProcessorThre...e8-9ab2-606a66e41363-0-16 |  1303000 |   426000 |   526393290 |  16872100692 |         0 |      0 |  1888083994 |      0 |      0 |         0 
 38427 Thread 54 - PartitionProcessorThre...e8-9ab2-606a66e41363-0-17 |  1326000 |   431000 |   535881922 |  17145418598 |         0 |      0 |  1715544861 |      0 |      0 |         0 
 38428 Thread 55 - PartitionProcessorThre...e8-9ab2-606a66e41363-0-18 |  1272000 |   398000 |   507771407 |  16296375825 |         0 |      0 |  1774256120 |      0 |      0 |         0 
 38429 Thread 56 - PartitionProcessorThre...e8-9ab2-606a66e41363-0-19 |  1294000 |   433000 |   525315176 |  16852514766 |         0 |      0 |  1785995029 |      0 |      0 |         0 
 38430 Thread 57 - PartitionProcessorThre...ce8-9ab2-606a66e41363-2-0 |  1242000 |   433000 |   509767532 |  16345020364 |         0 |      0 |  1658263733 |      0 |      0 |         0 
 38431 Thread 58 - PartitionProcessorThre...ce8-9ab2-606a66e41363-2-1 |  1262000 |   402000 |   507102071 |  16237624681 |         0 |      0 |  1599401426 |      0 |      0 |         0 
 38432 Thread 59 - PartitionProcessorThre...ce8-9ab2-606a66e41363-2-2 |  1271000 |   422000 |   517436032 |  16521110782 |         0 |      0 |  1726494523 |      0 |      0 |         0 
 38433 Thread 60 - PartitionProcessorThre...ce8-9ab2-606a66e41363-2-3 |  1271000 |   430000 |   520761461 |  16599072962 |         0 |      0 |  1624063472 |      0 |      0 |         0 
 38434 Thread 61 - PartitionProcessorThre...ce8-9ab2-606a66e41363-2-4 |  1291000 |   407000 |   517947071 |  16569489520 |         0 |      0 |  1760943425 |      0 |      0 |         0 
 38436 Thread 62 - PartitionProcessorThre...ce8-9ab2-606a66e41363-2-5 |  1240000 |   418000 |   506770801 |  16179683298 |         0 |      0 |  1719978879 |      0 |      0 |         0 
 38437 Thread 63 - PartitionProcessorThre...ce8-9ab2-606a66e41363-2-6 |  1229000 |   431000 |   505522422 |  16198915157 |         0 |      0 |  1730357725 |      0 |      0 |         0 
 38438 Thread 64 - PartitionProcessorThre...ce8-9ab2-606a66e41363-2-7 |  1307000 |   392000 |   518215594 |  16579617669 |         0 |      0 |  1763242490 |      0 |      0 |         0 
 38439 Thread 65 - PartitionProcessorThre...ce8-9ab2-606a66e41363-2-8 |  1236000 |   453000 |   515676669 |  16482101724 |         0 |      0 |  1726857451 |      0 |      0 |         0 
 38440 Thread 66 - PartitionProcessorThre...ce8-9ab2-606a66e41363-2-9 |  1267000 |   426000 |   516157161 |  16521127575 |         0 |      0 |  1618407501 |      0 |      0 |         0 
 38441 Thread 67 - PartitionProcessorThre...e8-9ab2-606a66e41363-2-10 |  1264000 |   417000 |   512911754 |  16403927317 |         0 |      0 |  1758960610 |      0 |      0 |         0 
 38442 Thread 68 - PartitionProcessorThre...e8-9ab2-606a66e41363-2-11 |  1303000 |   419000 |   525107325 |  16803834759 |         0 |      0 |  1855820702 |      0 |      0 |         0 
 38443 Thread 69 - PartitionProcessorThre...e8-9ab2-606a66e41363-2-12 |  1231000 |   417000 |   502941196 |  16081915044 |         0 |      0 |  1712593775 |      0 |      0 |         0 
 38444 Thread 70 - PartitionProcessorThre...e8-9ab2-606a66e41363-2-13 |  1308000 |   388000 |   516110540 |  16550265759 |         0 |      0 |  1634264856 |      0 |      0 |         0 
 38445 Thread 71 - PartitionProcessorThre...e8-9ab2-606a66e41363-2-14 |  1269000 |   396000 |   508843079 |  16247601575 |         0 |      0 |  1745145926 |      0 |      0 |         0 
 38446 Thread 72 - PartitionProcessorThre...e8-9ab2-606a66e41363-2-15 |  1225000 |   373000 |   486538641 |  15593902610 |         0 |      0 |  1745309085 |      0 |      0 |         0 
 38447 Thread 73 - PartitionProcessorThre...e8-9ab2-606a66e41363-2-16 |  1250000 |   413000 |   506446118 |  16228262950 |         0 |      0 |  1523135970 |      0 |      0 |         0 
 38448 Thread 74 - PartitionProcessorThre...e8-9ab2-606a66e41363-2-17 |  1263000 |   445000 |   524557782 |  16667579118 |         0 |      0 |  1536008200 |      0 |      0 |         0 
 38449 Thread 75 - PartitionProcessorThre...e8-9ab2-606a66e41363-2-18 |  1171000 |   424000 |   485902309 |  15564635552 |         0 |      0 |  1677783426 |      0 |      0 |         0 
 38450 Thread 76 - PartitionProcessorThre...e8-9ab2-606a66e41363-2-19 |  1250000 |   436000 |   515715727 |  16452765825 |         0 |      0 |  1964588159 |      0 |      0 |         0 
 39012 Thread 77 - process reaper                                     |     1000 |        0 |      314507 |      9786230 |         0 |      0 |     1954649 |      0 |      0 |         0 
 39017 Thread 78 - Attach Listener                                    |   419000 |   103000 |   162908323 |   5102518741 |   5304320 | 157696 |     8507650 |      0 |      0 |         0 
