                                 Task                                 |  utime   |  stime   |     rss     |     vmem     |   read    | write  |    d:cpu    | d:bio  | d:swap | d:reclaim 
 36196 Thread 1 - main                                                |   598000 |    86000 |    42629041 |   5200960724 |  21203968 |   1024 |     9244570 |      0 |      0 |         0 
 36218 Thread 2 - Reference Handler                                   |     7000 |     2000 |     1015507 |     71190980 |         0 |      0 |      274492 |      0 |      0 |         0 
 36219 Thread 3 - Finalizer                                           |     8000 |        0 |     1113812 |     65368824 |      5120 |      0 |      413395 |      0 |      0 |         0 
 36220 Thread 4 - Surrogate Locker Thread (Concurrent GC)             |        0 |     1000 |       30015 |      7228289 |         0 |      0 |      367705 |      0 |      0 |         0 
 36221 Thread 5 - Signal Dispatcher                                   |        0 |        0 |           0 |            0 |         0 |      0 |       11030 |      0 |      0 |         0 
 36230 Thread 11 - DecatonSubscriptionThread-decaton-benchmark        | 27431000 | 30100000 | 17189190966 | 560058611953 | 585590784 | 136192 | 17928371030 | 102236 |      0 |         0 
 36231 Thread 13 - kafka-coordinator-hear...hread | decaton-benchmark |   179000 |    37000 |    64625913 |   2105707784 |   6119424 |   5120 |    19521783 | 379926 |      0 |         0 
 36234 Thread 14 - PartitionProcessorThre...1be-8849-44517ae080a2-1-0 |  1244000 |   461000 |   507617347 |  16609844500 |     33792 |      0 |  1381183820 |      0 |      0 |         0 
 36235 Thread 15 - PartitionProcessorThre...1be-8849-44517ae080a2-1-1 |  1192000 |   387000 |   470152984 |  15391086238 |      3072 |      0 |  1395715811 |      0 |      0 |         0 
 36236 Thread 16 - PartitionProcessorThre...1be-8849-44517ae080a2-1-2 |  1283000 |   417000 |   507118285 |  16575808785 |     64512 |      0 |  1304927618 |      0 |      0 |         0 
 36237 Thread 17 - PartitionProcessorThre...1be-8849-44517ae080a2-1-3 |  1153000 |   407000 |   466895160 |  15216241223 |      2048 |      0 |  1447572971 |      0 |      0 |         0 
 36238 Thread 18 - PartitionProcessorThre...1be-8849-44517ae080a2-1-4 |  1208000 |   396000 |   476389531 |  15636700914 |     56320 |      0 |  1416652678 |      0 |      0 |         0 
 36239 Thread 19 - PartitionProcessorThre...1be-8849-44517ae080a2-1-5 |  1172000 |   460000 |   488803109 |  15914997664 |         0 |      0 |  1330573907 |      0 |      0 |         0 
 36240 Thread 20 - PartitionProcessorThre...1be-8849-44517ae080a2-1-6 |  1194000 |   439000 |   488790254 |  15928214476 |         0 |      0 |  1304209780 |      0 |      0 |         0 
 36241 Thread 21 - PartitionProcessorThre...1be-8849-44517ae080a2-1-7 |  1159000 |   413000 |   468874145 |  15330495441 |         0 |      0 |  1364594381 |      0 |      0 |         0 
 36242 Thread 22 - PartitionProcessorThre...1be-8849-44517ae080a2-1-8 |  1240000 |   378000 |   482560180 |  15779558461 |         0 |      0 |  1439016268 |      0 |      0 |         0 
 36243 Thread 23 - PartitionProcessorThre...1be-8849-44517ae080a2-1-9 |  1237000 |   444000 |   503060793 |  16395642054 |         0 |      0 |  1310127420 |      0 |      0 |         0 
 36244 Thread 24 - PartitionProcessorThre...be-8849-44517ae080a2-1-10 |  1190000 |   373000 |   466897067 |  15244905941 |         0 |      0 |  1501352139 |      0 |      0 |         0 
 36245 Thread 25 - PartitionProcessorThre...be-8849-44517ae080a2-1-11 |  1121000 |   413000 |   456829336 |  14961373789 |         0 |      0 |  1196899170 |      0 |      0 |         0 
 36246 Thread 26 - PartitionProcessorThre...be-8849-44517ae080a2-1-12 |  1180000 |   368000 |   462950563 |  15099793648 |         0 |      0 |  1367672455 |      0 |      0 |         0 
 36247 Thread 27 - PartitionProcessorThre...be-8849-44517ae080a2-1-13 |  1184000 |   412000 |   476226699 |  15566384680 |         0 |      0 |  1363424618 |      0 |      0 |         0 
 36248 Thread 28 - PartitionProcessorThre...be-8849-44517ae080a2-1-14 |  1261000 |   395000 |   494068390 |  16152636203 |         0 |      0 |  1207307293 |      0 |      0 |         0 
 36249 Thread 29 - PartitionProcessorThre...be-8849-44517ae080a2-1-15 |  1171000 |   412000 |   473469172 |  15439697640 |         0 |      0 |  1278941561 |      0 |      0 |         0 
 36250 Thread 30 - PartitionProcessorThre...be-8849-44517ae080a2-1-16 |  1194000 |   406000 |   477278574 |  15602882824 |     32768 |      0 |  1316430187 |      0 |      0 |         0 
 36251 Thread 31 - PartitionProcessorThre...be-8849-44517ae080a2-1-17 |  1242000 |   424000 |   496170637 |  16248689113 |     10240 |      0 |  1393950009 |      0 |      0 |         0 
 36252 Thread 32 - PartitionProcessorThre...be-8849-44517ae080a2-1-18 |  1174000 |   397000 |   468152785 |  15323455766 |         0 |      0 |  1349522305 |      0 |      0 |         0 
 36253 Thread 33 - PartitionProcessorThre...be-8849-44517ae080a2-1-19 |  1175000 |   402000 |   469832191 |  15383546965 |         0 |      0 |  1267343788 |      0 |      0 |         0 
 36254 Thread 34 - PartitionProcessorThre...1be-8849-44517ae080a2-2-0 |  1219000 |   419000 |   493508140 |  15979296894 |         0 |      0 |  1407062571 |      0 |      0 |         0 
 36255 Thread 35 - PartitionProcessorThre...1be-8849-44517ae080a2-2-1 |  1154000 |   376000 |   460463504 |  14926000144 |         0 |      0 |  1419718759 |      0 |      0 |         0 
 36256 Thread 36 - PartitionProcessorThre...1be-8849-44517ae080a2-2-2 |  1209000 |   389000 |   482025906 |  15589519644 |         0 |      0 |  1133716956 |      0 |      0 |         0 
 36257 Thread 37 - PartitionProcessorThre...1be-8849-44517ae080a2-2-3 |  1158000 |   444000 |   481471539 |  15628125535 |         0 |      0 |  1310419281 |      0 |      0 |         0 
 36258 Thread 38 - PartitionProcessorThre...1be-8849-44517ae080a2-2-4 |  1154000 |   404000 |   469243594 |  15199264183 |         0 |      0 |  1369852805 |      0 |      0 |         0 
 36259 Thread 39 - PartitionProcessorThre...1be-8849-44517ae080a2-2-5 |  1232000 |   370000 |   482023680 |  15628310660 |         0 |      0 |  1264992449 |      0 |      0 |         0 
 36260 Thread 40 - PartitionProcessorThre...1be-8849-44517ae080a2-2-6 |  1187000 |   384000 |   473312211 |  15325712117 |         0 |      0 |  1326019984 |      0 |      0 |         0 
 36261 Thread 41 - PartitionProcessorThre...1be-8849-44517ae080a2-2-7 |  1215000 |   423000 |   492836945 |  15979179394 |         0 |      0 |  1283361722 |      0 |      0 |         0 
 36262 Thread 42 - PartitionProcessorThre...1be-8849-44517ae080a2-2-8 |  1166000 |   413000 |   475617449 |  15403811023 |         0 |      0 |  1454977755 |      0 |      0 |         0 
 36263 Thread 43 - PartitionProcessorThre...1be-8849-44517ae080a2-2-9 |  1203000 |   382000 |   477159301 |  15462911515 |         0 |      0 |  1363297411 |      0 |      0 |         0 
 36264 Thread 44 - PartitionProcessorThre...be-8849-44517ae080a2-2-10 |  1198000 |   409000 |   484326219 |  15677388476 |         0 |      0 |  1229714087 |      0 |      0 |         0 
 36265 Thread 45 - PartitionProcessorThre...be-8849-44517ae080a2-2-11 |  1135000 |   403000 |   464567688 |  15004087863 |         0 |      0 |  1325636417 |      0 |      0 |         0 
 36266 Thread 46 - PartitionProcessorThre...be-8849-44517ae080a2-2-12 |  1216000 |   428000 |   495178703 |  16038254640 |         0 |      0 |  1314612418 |      0 |      0 |         0 
 36267 Thread 47 - PartitionProcessorThre...be-8849-44517ae080a2-2-13 |  1263000 |   392000 |   498535984 |  16145765711 |      1024 |      0 |  1176886740 |      0 |      0 |         0 
 36268 Thread 48 - PartitionProcessorThre...be-8849-44517ae080a2-2-14 |  1237000 |   407000 |   493818019 |  16037837121 |         0 |      0 |  1386083590 |      0 |      0 |         0 
 36269 Thread 49 - PartitionProcessorThre...be-8849-44517ae080a2-2-15 |  1245000 |   411000 |   497191195 |  16154941277 |         0 |      0 |  1185882454 |      0 |      0 |         0 
 36270 Thread 50 - PartitionProcessorThre...be-8849-44517ae080a2-2-16 |  1206000 |   410000 |   485893402 |  15765116668 |         0 |      0 |  1276964709 |      0 |      0 |         0 
 36271 Thread 51 - PartitionProcessorThre...be-8849-44517ae080a2-2-17 |  1217000 |   423000 |   493805586 |  15998967574 |         0 |      0 |  1469136535 |      0 |      0 |         0 
 36272 Thread 52 - PartitionProcessorThre...be-8849-44517ae080a2-2-18 |  1251000 |   379000 |   490071289 |  15901008121 |         0 |      0 |  1406981619 |      0 |      0 |         0 
 36273 Thread 53 - PartitionProcessorThre...be-8849-44517ae080a2-2-19 |  1153000 |   438000 |   479663543 |  15521148617 |         0 |      0 |  1137475914 |      0 |      0 |         0 
 36274 Thread 54 - PartitionProcessorThre...1be-8849-44517ae080a2-0-0 |  1139000 |   381000 |   458104086 |  14828371613 |         0 |      0 |  1456765054 |      0 |      0 |         0 
 36275 Thread 55 - PartitionProcessorThre...1be-8849-44517ae080a2-0-1 |  1155000 |   394000 |   467674715 |  15111650422 |         0 |      0 |  1272518270 |      0 |      0 |         0 
 36276 Thread 56 - PartitionProcessorThre...1be-8849-44517ae080a2-0-2 |  1202000 |   412000 |   486931625 |  15745720883 |         0 |      0 |  1270701905 |      0 |      0 |         0 
 36277 Thread 57 - PartitionProcessorThre...1be-8849-44517ae080a2-0-3 |  1207000 |   389000 |   481572012 |  15570027359 |         0 |      0 |  1263599063 |      0 |      0 |         0 
 36278 Thread 58 - PartitionProcessorThre...1be-8849-44517ae080a2-0-4 |  1172000 |   413000 |   477846719 |  15462423562 |         0 |      0 |  1276503564 |      0 |      0 |         0 
 36279 Thread 59 - PartitionProcessorThre...1be-8849-44517ae080a2-0-5 |  1111000 |   438000 |   467166586 |  15111287285 |         0 |      0 |  1367928475 |      0 |      0 |         0 
 36280 Thread 60 - PartitionProcessorThre...1be-8849-44517ae080a2-0-6 |  1192000 |   339000 |   461762211 |  14935702324 |         0 |      0 |  1206401388 |      0 |      0 |         0 
 36281 Thread 61 - PartitionProcessorThre...1be-8849-44517ae080a2-0-7 |  1150000 |   404000 |   468916586 |  15160159559 |         0 |      0 |  1338004759 |      0 |      0 |         0 
 36282 Thread 62 - PartitionProcessorThre...1be-8849-44517ae080a2-0-8 |  1179000 |   395000 |   473882555 |  15355060902 |         0 |      0 |  1464622576 |      0 |      0 |         0 
 36283 Thread 63 - PartitionProcessorThre...1be-8849-44517ae080a2-0-9 |  1164000 |   365000 |   461666180 |  14916754422 |  10831872 |      0 |  1416502214 |      0 |      0 |         0 
 36284 Thread 64 - PartitionProcessorThre...be-8849-44517ae080a2-0-10 |  1184000 |   409000 |   479842519 |  15540447742 |         0 |      0 |  1312154890 |      0 |      0 |         0 
 36285 Thread 65 - PartitionProcessorThre...be-8849-44517ae080a2-0-11 |  1184000 |   426000 |   485596562 |  15706348777 |         0 |      0 |  1189391887 |      0 |      0 |         0 
 36286 Thread 66 - PartitionProcessorThre...be-8849-44517ae080a2-0-12 |  1187000 |   382000 |   473353617 |  15306287773 |         0 |      0 |  1281155046 |      0 |      0 |         0 
 36287 Thread 67 - PartitionProcessorThre...be-8849-44517ae080a2-0-13 |  1186000 |   437000 |   489038246 |  15833342500 |         0 |      0 |  1146954021 |      0 |      0 |         0 
 36288 Thread 68 - PartitionProcessorThre...be-8849-44517ae080a2-0-14 |  1187000 |   380000 |   472142473 |  15287105547 |         0 |      0 |  1118862196 |      0 |      0 |         0 
 36289 Thread 69 - PartitionProcessorThre...be-8849-44517ae080a2-0-15 |  1196000 |   391000 |   478608500 |  15482297582 |         0 |      0 |  1440128648 |      0 |      0 |         0 
 36290 Thread 70 - PartitionProcessorThre...be-8849-44517ae080a2-0-16 |  1154000 |   379000 |   461364617 |  14955129574 |         0 |      0 |  1361758485 |      0 |      0 |         0 
 36291 Thread 71 - PartitionProcessorThre...be-8849-44517ae080a2-0-17 |  1155000 |   408000 |   470715516 |  15248223101 |         0 |      0 |  1352022317 |      0 |      0 |         0 
 36292 Thread 72 - PartitionProcessorThre...be-8849-44517ae080a2-0-18 |  1144000 |   411000 |   468616477 |  15169893820 |         0 |      0 |  1362147662 |      0 |      0 |         0 
 36293 Thread 73 - PartitionProcessorThre...be-8849-44517ae080a2-0-19 |  1203000 |   368000 |   473386379 |  15326058445 |         0 |      0 |  1309289127 |      0 |      0 |         0 
 36668 Thread 74 - process reaper                                     |     2000 |        0 |      635265 |     19572007 |      2048 |      0 |           0 |      0 |      0 |         0 
 36674 Thread 75 - Attach Listener                                    |   354000 |    92000 |   137555584 |   4358454862 |   5304320 | 144384 |     4480294 |      0 |      0 |         0 
