                                 Task                                 |  utime   |  stime   |     rss     |     vmem     |   read    | write  |    d:cpu    | d:bio  | d:swap | d:reclaim 
 38810 Thread 1 - main                                                |   604000 |    68000 |    40415647 |   5080249904 |  21203968 |   2048 |     5099454 |      0 |      0 |         0 
 38832 Thread 2 - Reference Handler                                   |     5000 |        0 |      490394 |     38768886 |         0 |      0 |       46649 |      0 |      0 |         0 
 38833 Thread 3 - Finalizer                                           |     6000 |        0 |      758156 |     48385695 |      5120 |      0 |     4017163 |      0 |      0 |         0 
 38834 Thread 4 - Surrogate Locker Thread (Concurrent GC)             |        0 |     1000 |      335894 |      9785246 |         0 |      0 |        6152 |      0 |      0 |         0 
 38835 Thread 5 - Signal Dispatcher                                   |        0 |     1000 |      335894 |      9785246 |         0 |      0 |       96396 |      0 |      0 |         0 
 38845 Thread 11 - DecatonSubscriptionThread-decaton-benchmark        | 28025000 | 32122000 | 18659902942 | 585693140552 | 636223488 | 133120 | 18470263582 | 214665 |      0 |         0 
 38847 Thread 13 - kafka-coordinator-hear...hread | decaton-benchmark |   170000 |    57000 |    69691788 |   2210827128 |   6803456 |   5120 |    19071378 | 251953 |      0 |         0 
 38850 Thread 14 - PartitionProcessorThre...811-96b3-d65351835085-1-0 |  1229000 |   449000 |   521334704 |  16369497789 |     33792 |      0 |  1400836729 |      0 |      0 |         0 
 38851 Thread 15 - PartitionProcessorThre...811-96b3-d65351835085-1-1 |  1282000 |   436000 |   534218430 |  16763459375 |         0 |      0 |  1293060473 |      0 |      0 |         0 
 38852 Thread 16 - PartitionProcessorThre...811-96b3-d65351835085-1-2 |  1251000 |   430000 |   520652071 |  16400003140 |         0 |      0 |  1473367786 |      0 |      0 |         0 
 38853 Thread 17 - PartitionProcessorThre...811-96b3-d65351835085-1-3 |  1267000 |   426000 |   525859552 |  16516485211 |      2048 |      0 |  1372253849 |      0 |      0 |         0 
 38854 Thread 18 - PartitionProcessorThre...811-96b3-d65351835085-1-4 |  1299000 |   451000 |   542759583 |  17072876613 |      3072 |      0 |  1221430638 |      0 |      0 |         0 
 38855 Thread 19 - PartitionProcessorThre...811-96b3-d65351835085-1-5 |  1292000 |   464000 |   547926798 |  17136004535 |         0 |      0 |  1345391611 |      0 |      0 |         0 
 38856 Thread 20 - PartitionProcessorThre...811-96b3-d65351835085-1-6 |  1342000 |   486000 |   568610270 |  17837153152 |         0 |      0 |  1656689469 |      0 |      0 |         0 
 38857 Thread 21 - PartitionProcessorThre...811-96b3-d65351835085-1-7 |  1239000 |   477000 |   534948376 |  16743781070 |         0 |      0 |  1438932732 |      0 |      0 |         0 
 38858 Thread 22 - PartitionProcessorThre...811-96b3-d65351835085-1-8 |  1292000 |   455000 |   541984493 |  17045017726 |         0 |      0 |  1577813279 |      0 |      0 |         0 
 38859 Thread 23 - PartitionProcessorThre...811-96b3-d65351835085-1-9 |  1312000 |   441000 |   543108376 |  17104225363 |         0 |      0 |  1471075152 |      0 |      0 |         0 
 38860 Thread 24 - PartitionProcessorThre...11-96b3-d65351835085-1-10 |  1196000 |   445000 |   509237243 |  16010040484 |         0 |      0 |  1576521180 |      0 |      0 |         0 
 38861 Thread 25 - PartitionProcessorThre...11-96b3-d65351835085-1-11 |  1290000 |   464000 |   544947774 |  17113916929 |         0 |      0 |  1698323414 |      0 |      0 |         0 
 38862 Thread 26 - PartitionProcessorThre...11-96b3-d65351835085-1-12 |  1221000 |   428000 |   510232478 |  16088092730 |      2048 |      0 |  1404040957 |      0 |      0 |         0 
 38863 Thread 27 - PartitionProcessorThre...11-96b3-d65351835085-1-13 |  1314000 |   427000 |   538850657 |  16985421980 |         0 |      0 |  1508160326 |      0 |      0 |         0 
 38864 Thread 28 - PartitionProcessorThre...11-96b3-d65351835085-1-14 |  1337000 |   408000 |   541321708 |  17025537226 |     43008 |      0 |  1449196708 |      0 |      0 |         0 
 38865 Thread 29 - PartitionProcessorThre...11-96b3-d65351835085-1-15 |  1246000 |   477000 |   533795981 |  16809744277 |    117760 |      0 |  1521729079 |      0 |      0 |         0 
 38866 Thread 30 - PartitionProcessorThre...11-96b3-d65351835085-1-16 |  1312000 |   456000 |   548541817 |  17250983788 |         0 |      0 |  1283613522 |      0 |      0 |         0 
 38867 Thread 31 - PartitionProcessorThre...11-96b3-d65351835085-1-17 |  1228000 |   501000 |   535657387 |  16868793640 |         0 |      0 |  1366888360 |      0 |      0 |         0 
 38868 Thread 32 - PartitionProcessorThre...11-96b3-d65351835085-1-18 |  1266000 |   438000 |   530269583 |  16623885027 |         0 |      0 |  1486433603 |      0 |      0 |         0 
 38869 Thread 33 - PartitionProcessorThre...11-96b3-d65351835085-1-19 |  1257000 |   432000 |   523828548 |  16477837785 |         0 |      0 |  1501942117 |      0 |      0 |         0 
 38870 Thread 34 - PartitionProcessorThre...811-96b3-d65351835085-0-0 |  1201000 |   454000 |   516029333 |  16149465593 |         0 |      0 |  1307003574 |      0 |      0 |         0 
 38871 Thread 35 - PartitionProcessorThre...811-96b3-d65351835085-0-1 |  1222000 |   452000 |   521147438 |  16334582699 |         0 |      0 |  1214839019 |      0 |      0 |         0 
 38872 Thread 36 - PartitionProcessorThre...811-96b3-d65351835085-0-2 |  1251000 |   431000 |   524580180 |  16412355929 |         0 |      0 |  1266985889 |      0 |      0 |         0 
 38873 Thread 37 - PartitionProcessorThre...811-96b3-d65351835085-0-3 |  1261000 |   446000 |   532999782 |  16656914222 |         0 |      0 |  1411501032 |      0 |      0 |         0 
 38874 Thread 38 - PartitionProcessorThre...811-96b3-d65351835085-0-4 |  1257000 |   417000 |   522500477 |  16335228027 |      3072 |      0 |  1293362389 |      0 |      0 |         0 
 38875 Thread 39 - PartitionProcessorThre...811-96b3-d65351835085-0-5 |  1261000 |   441000 |   532074946 |  16609305461 |         0 |      0 |  1463761656 |      0 |      0 |         0 
 38876 Thread 40 - PartitionProcessorThre...811-96b3-d65351835085-0-6 |  1276000 |   487000 |   550561684 |  17204007480 |         0 |      0 |  1473478914 |      0 |      0 |         0 
 38877 Thread 41 - PartitionProcessorThre...811-96b3-d65351835085-0-7 |  1265000 |   439000 |   531074524 |  16627763511 |         0 |      0 |  1531961218 |      0 |      0 |         0 
 38878 Thread 42 - PartitionProcessorThre...811-96b3-d65351835085-0-8 |  1225000 |   447000 |   521686040 |  16315326566 |      1024 |      0 |  1448378830 |      0 |      0 |         0 
 38879 Thread 43 - PartitionProcessorThre...811-96b3-d65351835085-0-9 |  1331000 |   450000 |   555653520 |  17378762437 |         0 |      0 |  1362464806 |      0 |      0 |         0 
 38880 Thread 44 - PartitionProcessorThre...11-96b3-d65351835085-0-10 |  1248000 |   493000 |   542233122 |  16988164503 |         0 |      0 |  1348978434 |      0 |      0 |         0 
 38881 Thread 45 - PartitionProcessorThre...11-96b3-d65351835085-0-11 |  1315000 |   438000 |   546418442 |  17105683578 |         0 |      0 |  1395787509 |      0 |      0 |         0 
 38882 Thread 46 - PartitionProcessorThre...11-96b3-d65351835085-0-12 |  1279000 |   476000 |   547409989 |  17125517617 |         0 |      0 |  1330881994 |      0 |      0 |         0 
 38883 Thread 47 - PartitionProcessorThre...11-96b3-d65351835085-0-13 |  1285000 |   464000 |   544218716 |  17066646265 |         0 |      0 |  1498563043 |      0 |      0 |         0 
 38884 Thread 48 - PartitionProcessorThre...11-96b3-d65351835085-0-14 |  1287000 |   466000 |   544855407 |  17105589113 |         0 |      0 |  1348399233 |      0 |      0 |         0 
 38885 Thread 49 - PartitionProcessorThre...11-96b3-d65351835085-0-15 |  1316000 |   435000 |   545851337 |  17085917601 |         0 |      0 |  1363506423 |      0 |      0 |         0 
 38886 Thread 50 - PartitionProcessorThre...11-96b3-d65351835085-0-16 |  1239000 |   401000 |   511043427 |  16003544484 |         0 |      0 |  1383275096 |      0 |      0 |         0 
 38887 Thread 51 - PartitionProcessorThre...11-96b3-d65351835085-0-17 |  1191000 |   454000 |   511701466 |  16051398984 |         0 |      0 |  1342261565 |      0 |      0 |         0 
 38888 Thread 52 - PartitionProcessorThre...11-96b3-d65351835085-0-18 |  1195000 |   440000 |   510068419 |  15954051660 |         0 |      0 |  1461850624 |      0 |      0 |         0 
 38889 Thread 53 - PartitionProcessorThre...11-96b3-d65351835085-0-19 |  1205000 |   430000 |   510212036 |  15954754234 |         0 |      0 |  1464870656 |      0 |      0 |         0 
 38890 Thread 54 - PartitionProcessorThre...811-96b3-d65351835085-2-0 |  1245000 |   448000 |   528816516 |  16520742968 |         0 |      0 |  1360374683 |      0 |      0 |         0 
 38891 Thread 55 - PartitionProcessorThre...811-96b3-d65351835085-2-1 |  1315000 |   441000 |   549101368 |  17134927003 |         0 |      0 |  1397597279 |      0 |      0 |         0 
 38892 Thread 56 - PartitionProcessorThre...811-96b3-d65351835085-2-2 |  1224000 |   496000 |   539400849 |  16784546468 |         0 |      0 |  1290217600 |      0 |      0 |         0 
 38893 Thread 57 - PartitionProcessorThre...811-96b3-d65351835085-2-3 |  1224000 |   455000 |   525440227 |  16383442382 |         0 |      0 |  1297638895 |      0 |      0 |         0 
 38894 Thread 58 - PartitionProcessorThre...811-96b3-d65351835085-2-4 |  1262000 |   438000 |   531613626 |  16588744582 |         0 |      0 |  1396503825 |      0 |      0 |         0 
 38895 Thread 59 - PartitionProcessorThre...811-96b3-d65351835085-2-5 |  1262000 |   427000 |   527383376 |  16481283582 |         0 |      0 |  1558236296 |      0 |      0 |         0 
 38896 Thread 60 - PartitionProcessorThre...811-96b3-d65351835085-2-6 |  1232000 |   471000 |   532023720 |  16617903703 |         0 |      0 |  1459569345 |      0 |      0 |         0 
 38897 Thread 61 - PartitionProcessorThre...811-96b3-d65351835085-2-7 |  1261000 |   413000 |   522612341 |  16334756242 |         0 |      0 |  1477436597 |      0 |      0 |         0 
 38898 Thread 62 - PartitionProcessorThre...811-96b3-d65351835085-2-8 |  1283000 |   427000 |   535077352 |  16686489644 |         0 |      0 |  1520782980 |      0 |      0 |         0 
 38899 Thread 63 - PartitionProcessorThre...811-96b3-d65351835085-2-9 |  1241000 |   447000 |   529212270 |  16472532386 |         0 |      0 |  1386389693 |      0 |      0 |         0 
 38900 Thread 64 - PartitionProcessorThre...11-96b3-d65351835085-2-10 |  1306000 |   435000 |   544610337 |  16988994976 |         0 |      0 |  1329877119 |      0 |      0 |         0 
 38901 Thread 65 - PartitionProcessorThre...11-96b3-d65351835085-2-11 |  1255000 |   439000 |   529313149 |  16529802511 |         0 |      0 |  1564112198 |      0 |      0 |         0 
 38902 Thread 66 - PartitionProcessorThre...11-96b3-d65351835085-2-12 |  1226000 |   486000 |   535965872 |  16706132207 |         0 |      0 |  1338249953 |      0 |      0 |         0 
 38903 Thread 67 - PartitionProcessorThre...11-96b3-d65351835085-2-13 |  1317000 |   447000 |   551900719 |  17213822785 |         0 |      0 |  1526290533 |      0 |      0 |         0 
 38904 Thread 68 - PartitionProcessorThre...11-96b3-d65351835085-2-14 |  1227000 |   426000 |   517733997 |  16130120070 |         0 |      0 |  1640795377 |      0 |      0 |         0 
 38905 Thread 69 - PartitionProcessorThre...11-96b3-d65351835085-2-15 |  1198000 |   449000 |   515154942 |  16071269562 |         0 |      0 |  1369139075 |      0 |      0 |         0 
 38906 Thread 70 - PartitionProcessorThre...11-96b3-d65351835085-2-16 |  1238000 |   447000 |   525997161 |  16442217039 |         0 |      0 |  1280226445 |      0 |      0 |         0 
 38907 Thread 71 - PartitionProcessorThre...11-96b3-d65351835085-2-17 |  1235000 |   420000 |   516304263 |  16149527597 |         0 |      0 |  1340070847 |      0 |      0 |         0 
 38908 Thread 72 - PartitionProcessorThre...11-96b3-d65351835085-2-18 |  1185000 |   440000 |   507841891 |  15857530562 |         0 |      0 |  1467166414 |      0 |      0 |         0 
 38909 Thread 73 - PartitionProcessorThre...11-96b3-d65351835085-2-19 |  1190000 |   457000 |   515326544 |  16072261797 |         0 |      0 |  1507418388 |      0 |      0 |         0 
 39293 Thread 74 - process reaper                                     |     2000 |        0 |      639050 |     19541042 |      2048 |      0 |      347541 |      0 |      0 |         0 
 39299 Thread 75 - Attach Listener                                    |   368000 |    91000 |   145876335 |   4485490882 |   5304320 | 257024 |     1975837 |      0 |      0 |         0 
