                                 Task                                 |  utime   |  stime   |     rss     |     vmem     |   read    | write  |    d:cpu    |  d:bio  | d:swap | d:reclaim 
 14242 Thread 1 - main                                                |   613000 |   172000 |    46326279 |   5938274123 |  21206016 |   1024 |     7861415 |       0 |      0 |         0 
 14264 Thread 2 - Reference Handler                                   |     5000 |     1000 |      487839 |     45763359 |         0 |      0 |      958213 |       0 |      0 |         0 
 14265 Thread 3 - Finalizer                                           |     5000 |     2000 |      807753 |     55715203 |      5120 |      0 |     1060738 |       0 |      0 |         0 
 14266 Thread 4 - Surrogate Locker Thread (Concurrent GC)             |        0 |        0 |           0 |            0 |         0 |      0 |           0 |       0 |      0 |         0 
 14267 Thread 5 - Signal Dispatcher                                   |        0 |        0 |           0 |            0 |         0 |      0 |      119468 |       0 |      0 |         0 
 14276 Thread 11 - DecatonSubscriptionThread-decaton-benchmark        | 29303000 | 30255000 | 17346092161 | 579642432504 | 585984000 | 138240 | 16690093206 |   91663 |      0 |         0 
 14277 Thread 13 - kafka-coordinator-hear...hread | decaton-benchmark |   226000 |    58000 |    82549585 |   2769205737 |   5787648 |   5120 |    57923553 | 2612598 |      0 |         0 
 14283 Thread 14 - PartitionProcessorThre...e56-ad2b-c2249d19a1d3-2-0 |  1405000 |   449000 |   538899820 |  18076191337 |     34816 |      0 |  1693752204 |       0 |      0 |         0 
 14284 Thread 15 - PartitionProcessorThre...e56-ad2b-c2249d19a1d3-2-1 |  1287000 |   432000 |   500260023 |  16763425431 |         0 |      0 |  1798274767 |       0 |      0 |         0 
 14285 Thread 16 - PartitionProcessorThre...e56-ad2b-c2249d19a1d3-2-2 |  1322000 |   459000 |   518140484 |  17368315775 |         0 |      0 |  1933301301 |       0 |      0 |         0 
 14286 Thread 17 - PartitionProcessorThre...e56-ad2b-c2249d19a1d3-2-3 |  1365000 |   410000 |   517687105 |  17313456474 |         0 |      0 |  1857321962 |       0 |      0 |         0 
 14287 Thread 18 - PartitionProcessorThre...e56-ad2b-c2249d19a1d3-2-4 |  1295000 |   430000 |   502031336 |  16821996103 |    124928 |      0 |  1642505239 |       0 |      0 |         0 
 14288 Thread 19 - PartitionProcessorThre...e56-ad2b-c2249d19a1d3-2-5 |  1351000 |   425000 |   515268339 |  17321187880 |         0 |      0 |  1635504432 |       0 |      0 |         0 
 14289 Thread 20 - PartitionProcessorThre...e56-ad2b-c2249d19a1d3-2-6 |  1267000 |   411000 |   486674164 |  16358325001 |      2048 |      0 |  1571534162 |       0 |      0 |         0 
 14290 Thread 21 - PartitionProcessorThre...e56-ad2b-c2249d19a1d3-2-7 |  1365000 |   406000 |   513897253 |  17273486091 |         0 |      0 |  1527744848 |       0 |      0 |         0 
 14291 Thread 22 - PartitionProcessorThre...e56-ad2b-c2249d19a1d3-2-8 |  1382000 |   404000 |   520065707 |  17421521712 |         0 |      0 |  1811665186 |       0 |      0 |         0 
 14292 Thread 23 - PartitionProcessorThre...e56-ad2b-c2249d19a1d3-2-9 |  1439000 |   390000 |   530854488 |  17838661653 |         0 |      0 |  1700586447 |       0 |      0 |         0 
 14293 Thread 24 - PartitionProcessorThre...56-ad2b-c2249d19a1d3-2-10 |  1257000 |   421000 |   489585234 |  16368210997 |         0 |      0 |  1667017822 |       0 |      0 |         0 
 14294 Thread 25 - PartitionProcessorThre...56-ad2b-c2249d19a1d3-2-11 |  1319000 |   417000 |   503637593 |  16931977747 |         0 |      0 |  1715125251 |       0 |      0 |         0 
 14295 Thread 26 - PartitionProcessorThre...56-ad2b-c2249d19a1d3-2-12 |  1311000 |   412000 |   500862664 |  16801861837 |         0 |      0 |  1924336647 |       0 |      0 |         0 
 14296 Thread 27 - PartitionProcessorThre...56-ad2b-c2249d19a1d3-2-13 |  1326000 |   385000 |   499944414 |  16688062665 |      9216 |      0 |  1796368860 |       0 |      0 |         0 
 14297 Thread 28 - PartitionProcessorThre...56-ad2b-c2249d19a1d3-2-14 |  1271000 |   421000 |   493996265 |  16505387826 |         0 |      0 |  1505772992 |       0 |      0 |         0 
 14298 Thread 29 - PartitionProcessorThre...56-ad2b-c2249d19a1d3-2-15 |  1299000 |   432000 |   506020941 |  16883248407 |         0 |      0 |  1595496808 |       0 |      0 |         0 
 14299 Thread 30 - PartitionProcessorThre...56-ad2b-c2249d19a1d3-2-16 |  1381000 |   461000 |   535879359 |  17965116513 |     38912 |      0 |  1801324211 |       0 |      0 |         0 
 14300 Thread 31 - PartitionProcessorThre...56-ad2b-c2249d19a1d3-2-17 |  1413000 |   436000 |   538579980 |  18034656009 |      4096 |      0 |  1768869390 |       0 |      0 |         0 
 14301 Thread 32 - PartitionProcessorThre...56-ad2b-c2249d19a1d3-2-18 |  1287000 |   428000 |   501270281 |  16730762681 |  10831872 |      0 |  1716517713 |       0 |      0 |         0 
 14302 Thread 33 - PartitionProcessorThre...56-ad2b-c2249d19a1d3-2-19 |  1319000 |   436000 |   511750433 |  17119205325 |         0 |      0 |  1686862134 |       0 |      0 |         0 
 14303 Thread 34 - PartitionProcessorThre...e56-ad2b-c2249d19a1d3-0-0 |  1325000 |   424000 |   513045316 |  17060835943 |         0 |      0 |  1788573014 |       0 |      0 |         0 
 14304 Thread 35 - PartitionProcessorThre...e56-ad2b-c2249d19a1d3-0-1 |  1312000 |   420000 |   508224722 |  16895763997 |         0 |      0 |  1828554848 |       0 |      0 |         0 
 14305 Thread 36 - PartitionProcessorThre...e56-ad2b-c2249d19a1d3-0-2 |  1224000 |   408000 |   478415871 |  15919931326 |         0 |      0 |  1826043298 |       0 |      0 |         0 
 14306 Thread 37 - PartitionProcessorThre...e56-ad2b-c2249d19a1d3-0-3 |  1313000 |   387000 |   496813441 |  16583139333 |         0 |      0 |  1741468788 |       0 |      0 |         0 
 14307 Thread 38 - PartitionProcessorThre...e56-ad2b-c2249d19a1d3-0-4 |  1342000 |   392000 |   508851332 |  16915276638 |         0 |      0 |  1768353634 |       0 |      0 |         0 
 14308 Thread 39 - PartitionProcessorThre...e56-ad2b-c2249d19a1d3-0-5 |  1226000 |   478000 |   500142172 |  16622934122 |         0 |      0 |  1436038483 |       0 |      0 |         0 
 14309 Thread 40 - PartitionProcessorThre...e56-ad2b-c2249d19a1d3-0-6 |  1233000 |   369000 |   469556328 |  15627613724 |         0 |      0 |  1752703466 |       0 |      0 |         0 
 14310 Thread 41 - PartitionProcessorThre...e56-ad2b-c2249d19a1d3-0-7 |  1228000 |   403000 |   478401457 |  15910930997 |         0 |      0 |  1879977659 |       0 |      0 |         0 
 14311 Thread 42 - PartitionProcessorThre...e56-ad2b-c2249d19a1d3-0-8 |  1317000 |   472000 |   525742789 |  17452247708 |         0 |      0 |  1752444708 |       0 |      0 |         0 
 14312 Thread 43 - PartitionProcessorThre...e56-ad2b-c2249d19a1d3-0-9 |  1310000 |   451000 |   517254300 |  17178761798 |         0 |      0 |  1742510909 |       0 |      0 |         0 
 14313 Thread 44 - PartitionProcessorThre...56-ad2b-c2249d19a1d3-0-10 |  1228000 |   408000 |   480162101 |  15959450837 |         0 |      0 |  1963994724 |       0 |      0 |         0 
 14314 Thread 45 - PartitionProcessorThre...56-ad2b-c2249d19a1d3-0-11 |  1316000 |   412000 |   506814300 |  16857071029 |         0 |      0 |  1776133932 |       0 |      0 |         0 
 14315 Thread 46 - PartitionProcessorThre...56-ad2b-c2249d19a1d3-0-12 |  1377000 |   424000 |   529683667 |  17569015704 |         0 |      0 |  1754587908 |       0 |      0 |         0 
 14316 Thread 47 - PartitionProcessorThre...56-ad2b-c2249d19a1d3-0-13 |  1346000 |   443000 |   524917218 |  17451744739 |         0 |      0 |  1813302094 |       0 |      0 |         0 
 14317 Thread 48 - PartitionProcessorThre...56-ad2b-c2249d19a1d3-0-14 |  1346000 |   396000 |   510985566 |  16993626853 |         0 |      0 |  1828748133 |       0 |      0 |         0 
 14318 Thread 49 - PartitionProcessorThre...56-ad2b-c2249d19a1d3-0-15 |  1283000 |   454000 |   509020957 |  16944605923 |         0 |      0 |  1772003672 |       0 |      0 |         0 
 14319 Thread 50 - PartitionProcessorThre...56-ad2b-c2249d19a1d3-0-16 |  1347000 |   421000 |   518089871 |  17247540435 |         0 |      0 |  1649224669 |       0 |      0 |         0 
 14320 Thread 51 - PartitionProcessorThre...56-ad2b-c2249d19a1d3-0-17 |  1386000 |   411000 |   525672777 |  17529957892 |         0 |      0 |  1698859770 |       0 |      0 |         0 
 14321 Thread 52 - PartitionProcessorThre...56-ad2b-c2249d19a1d3-0-18 |  1276000 |   404000 |   492728648 |  16388847595 |         0 |      0 |  1878416486 |       0 |      0 |         0 
 14322 Thread 53 - PartitionProcessorThre...56-ad2b-c2249d19a1d3-0-19 |  1318000 |   396000 |   501178629 |  16720503380 |         0 |      0 |  1858955893 |       0 |      0 |         0 
 14323 Thread 54 - PartitionProcessorThre...e56-ad2b-c2249d19a1d3-1-0 |  1242000 |   410000 |   485464816 |  16115525693 |         0 |      0 |  1628789344 |       0 |      0 |         0 
 14324 Thread 55 - PartitionProcessorThre...e56-ad2b-c2249d19a1d3-1-1 |  1281000 |   401000 |   494447383 |  16407818161 |         0 |      0 |  1842817897 |       0 |      0 |         0 
 14325 Thread 56 - PartitionProcessorThre...e56-ad2b-c2249d19a1d3-1-2 |  1263000 |   395000 |   487459043 |  16174225693 |         0 |      0 |  1741103123 |       0 |      0 |         0 
 14326 Thread 57 - PartitionProcessorThre...e56-ad2b-c2249d19a1d3-1-3 |  1251000 |   433000 |   494712824 |  16427995263 |         0 |      0 |  1641249017 |       0 |      0 |         0 
 14327 Thread 58 - PartitionProcessorThre...e56-ad2b-c2249d19a1d3-1-4 |  1287000 |   407000 |   498591398 |  16525522958 |         0 |      0 |  1788527576 |       0 |      0 |         0 
 14328 Thread 59 - PartitionProcessorThre...e56-ad2b-c2249d19a1d3-1-5 |  1397000 |   403000 |   528314761 |  17559466622 |         0 |      0 |  1778544065 |       0 |      0 |         0 
 14329 Thread 60 - PartitionProcessorThre...e56-ad2b-c2249d19a1d3-1-6 |  1373000 |   444000 |   534559363 |  17725732458 |         0 |      0 |  1899583226 |       0 |      0 |         0 
 14330 Thread 61 - PartitionProcessorThre...e56-ad2b-c2249d19a1d3-1-7 |  1370000 |   401000 |   521197797 |  17276431431 |         0 |      0 |  1681586150 |       0 |      0 |         0 
 14331 Thread 62 - PartitionProcessorThre...e56-ad2b-c2249d19a1d3-1-8 |  1318000 |   417000 |   509951707 |  16925649220 |         0 |      0 |  2019695667 |       0 |      0 |         0 
 14332 Thread 63 - PartitionProcessorThre...e56-ad2b-c2249d19a1d3-1-9 |  1319000 |   424000 |   512625890 |  17003642782 |         0 |      0 |  1859290450 |       0 |      0 |         0 
 14333 Thread 64 - PartitionProcessorThre...56-ad2b-c2249d19a1d3-1-10 |  1305000 |   407000 |   503659808 |  16701363216 |         0 |      0 |  1866785694 |       0 |      0 |         0 
 14334 Thread 65 - PartitionProcessorThre...56-ad2b-c2249d19a1d3-1-11 |  1350000 |   426000 |   522800910 |  17325544904 |         0 |      0 |  1649288923 |       0 |      0 |         0 
 14335 Thread 66 - PartitionProcessorThre...56-ad2b-c2249d19a1d3-1-12 |  1300000 |   386000 |   495592406 |  16447356302 |         0 |      0 |  1795336877 |       0 |      0 |         0 
 14336 Thread 67 - PartitionProcessorThre...56-ad2b-c2249d19a1d3-1-13 |  1338000 |   464000 |   529567058 |  17579289528 |         0 |      0 |  1723478889 |       0 |      0 |         0 
 14337 Thread 68 - PartitionProcessorThre...56-ad2b-c2249d19a1d3-1-14 |  1388000 |   392000 |   523694507 |  17364968325 |         0 |      0 |  1847407242 |       0 |      0 |         0 
 14338 Thread 69 - PartitionProcessorThre...56-ad2b-c2249d19a1d3-1-15 |  1377000 |   417000 |   526942601 |  17500640900 |         0 |      0 |  1784800837 |       0 |      0 |         0 
 14339 Thread 70 - PartitionProcessorThre...56-ad2b-c2249d19a1d3-1-16 |  1310000 |   422000 |   509079976 |  16896795255 |         0 |      0 |  1638350355 |       0 |      0 |         0 
 14340 Thread 71 - PartitionProcessorThre...56-ad2b-c2249d19a1d3-1-17 |  1295000 |   453000 |   514296718 |  17052171763 |         0 |      0 |  1772217666 |       0 |      0 |         0 
 14341 Thread 72 - PartitionProcessorThre...56-ad2b-c2249d19a1d3-1-18 |  1222000 |   417000 |   482218340 |  15988905353 |         0 |      0 |  1670672593 |       0 |      0 |         0 
 14342 Thread 73 - PartitionProcessorThre...56-ad2b-c2249d19a1d3-1-19 |  1235000 |   402000 |   481198769 |  15969020126 |         0 |      0 |  1773267119 |       0 |      0 |         0 
 14740 Thread 74 - process reaper                                     |     1000 |        0 |      309437 |      9785675 |         0 |      0 |           0 |       0 |      0 |         0 
 14746 Thread 75 - Attach Listener                                    |   387000 |    94000 |   144970155 |   4700370896 |   5304320 | 116736 |     4514510 |       0 |      0 |         0 
