                                 Task                                 |  utime   |  stime   |     rss     |     vmem     |   read    | write  |    d:cpu    | d:bio  | d:swap | d:reclaim 
 91554 Thread 1 - main                                                |   594000 |    72000 |    41544588 |   5052049998 |  21203968 |   1024 |     6587405 |      0 |      0 |         0 
 91576 Thread 2 - Reference Handler                                   |     7000 |     1000 |      999910 |     64196867 |         0 |      0 |     2134106 |      0 |      0 |         0 
 91577 Thread 3 - Finalizer                                           |     5000 |     1000 |      577140 |     46467460 |      5120 |      0 |     1985819 |      0 |      0 |         0 
 91578 Thread 4 - Surrogate Locker Thread (Concurrent GC)             |        0 |        0 |           0 |            0 |         0 |      0 |       21540 |      0 |      0 |         0 
 91579 Thread 5 - Signal Dispatcher                                   |        0 |     1000 |       30343 |      7292289 |         0 |      0 |           0 |      0 |      0 |         0 
 91588 Thread 11 - DecatonSubscriptionThread-decaton-benchmark        | 28696000 | 32123000 | 18685494755 | 592313868644 | 636637184 | 125952 | 19025466818 | 107526 |      0 |         0 
 91590 Thread 13 - kafka-coordinator-hear...hread | decaton-benchmark |   172000 |    56000 |    68563675 |   2216810237 |   6370304 |   4096 |    49263193 | 295468 |      0 |         0 
 91593 Thread 14 - PartitionProcessorThre...9e8-9764-d3dab204530b-1-0 |  1250000 |   431000 |   516104069 |  16382038968 |    164864 |      0 |  1577223432 |      0 |      0 |         0 
 91594 Thread 15 - PartitionProcessorThre...9e8-9764-d3dab204530b-1-1 |  1290000 |   443000 |   532927913 |  16905806085 |         0 |      0 |  1524295668 |      0 |      0 |         0 
 91595 Thread 16 - PartitionProcessorThre...9e8-9764-d3dab204530b-1-2 |  1136000 |   480000 |   496955617 |  15764389179 |         0 |      0 |  1492558657 |      0 |      0 |         0 
 91596 Thread 17 - PartitionProcessorThre...9e8-9764-d3dab204530b-1-3 |  1315000 |   404000 |   528814577 |  16772144914 |      1024 |      0 |  1373072121 |      0 |      0 |         0 
 91597 Thread 18 - PartitionProcessorThre...9e8-9764-d3dab204530b-1-4 |  1297000 |   423000 |   529150034 |  16777777679 |         0 |      0 |  1534051888 |      0 |      0 |         0 
 91598 Thread 19 - PartitionProcessorThre...9e8-9764-d3dab204530b-1-5 |  1247000 |   468000 |   528594730 |  16733477320 |         0 |      0 |  1348404720 |      0 |      0 |         0 
 91599 Thread 20 - PartitionProcessorThre...9e8-9764-d3dab204530b-1-6 |  1319000 |   482000 |   553583265 |  17571935640 |         0 |      0 |  1527469539 |      0 |      0 |         0 
 91600 Thread 21 - PartitionProcessorThre...9e8-9764-d3dab204530b-1-7 |  1300000 |   442000 |   535837042 |  16996261121 |         0 |      0 |  1226404444 |      0 |      0 |         0 
 91601 Thread 22 - PartitionProcessorThre...9e8-9764-d3dab204530b-1-8 |  1286000 |   514000 |   553626804 |  17560936925 |         0 |      0 |  1383831713 |      0 |      0 |         0 
 91602 Thread 23 - PartitionProcessorThre...9e8-9764-d3dab204530b-1-9 |  1236000 |   475000 |   526926718 |  16694143773 |         0 |      0 |  1270369991 |      0 |      0 |         0 
 91603 Thread 24 - PartitionProcessorThre...e8-9764-d3dab204530b-1-10 |  1297000 |   454000 |   537941792 |  17083868046 |         0 |      0 |  1416815897 |      0 |      0 |         0 
 91604 Thread 25 - PartitionProcessorThre...e8-9764-d3dab204530b-1-11 |  1209000 |   473000 |   517482210 |  16412552867 |         0 |      0 |  1545155493 |      0 |      0 |         0 
 91605 Thread 26 - PartitionProcessorThre...e8-9764-d3dab204530b-1-12 |  1294000 |   420000 |   526871894 |  16723827398 |         0 |      0 |  1505105195 |      0 |      0 |         0 
 91606 Thread 27 - PartitionProcessorThre...e8-9764-d3dab204530b-1-13 |  1185000 |   420000 |   494150214 |  15660053062 |         0 |      0 |  1434119078 |      0 |      0 |         0 
 91607 Thread 28 - PartitionProcessorThre...e8-9764-d3dab204530b-1-14 |  1259000 |   437000 |   521297515 |  16549265019 |         0 |      0 |  1342477823 |      0 |      0 |         0 
 91608 Thread 29 - PartitionProcessorThre...e8-9764-d3dab204530b-1-15 |  1236000 |   432000 |   514440241 |  16274458531 |         0 |      0 |  1359493961 |      0 |      0 |         0 
 91609 Thread 30 - PartitionProcessorThre...e8-9764-d3dab204530b-1-16 |  1254000 |   431000 |   519493452 |  16439982941 |     11264 |      0 |  1176156071 |      0 |      0 |         0 
 91610 Thread 31 - PartitionProcessorThre...e8-9764-d3dab204530b-1-17 |  1255000 |   446000 |   522785800 |  16596214324 |     24576 |      0 |  1398285713 |      0 |      0 |         0 
 91611 Thread 32 - PartitionProcessorThre...e8-9764-d3dab204530b-1-18 |  1313000 |   401000 |   528713683 |  16724077730 |         0 |      0 |  1432739665 |      0 |      0 |         0 
 91612 Thread 33 - PartitionProcessorThre...e8-9764-d3dab204530b-1-19 |  1293000 |   466000 |   542122612 |  17162289480 |         0 |      0 |  1473546164 |      0 |      0 |         0 
 91613 Thread 34 - PartitionProcessorThre...9e8-9764-d3dab204530b-0-0 |  1429000 |   482000 |   589853503 |  18647122624 |         0 |      0 |  1496991806 |      0 |      0 |         0 
 91614 Thread 35 - PartitionProcessorThre...9e8-9764-d3dab204530b-0-1 |  1274000 |   482000 |   541248999 |  17135267308 |         0 |      0 |  1397532906 |      0 |      0 |         0 
 91615 Thread 36 - PartitionProcessorThre...9e8-9764-d3dab204530b-0-2 |  1262000 |   437000 |   523008906 |  16578940586 |         0 |      0 |  1262709717 |      0 |      0 |         0 
 91616 Thread 37 - PartitionProcessorThre...9e8-9764-d3dab204530b-0-3 |  1244000 |   423000 |   513082519 |  16266463476 |         0 |      0 |  1294987311 |      0 |      0 |         0 
 91617 Thread 38 - PartitionProcessorThre...9e8-9764-d3dab204530b-0-4 |  1238000 |   414000 |   508492913 |  16120010375 |         0 |      0 |  1324068455 |      0 |      0 |         0 
 91618 Thread 39 - PartitionProcessorThre...9e8-9764-d3dab204530b-0-5 |  1193000 |   435000 |   500069210 |  15886053992 |         0 |      0 |  1383431273 |      0 |      0 |         0 
 91619 Thread 40 - PartitionProcessorThre...9e8-9764-d3dab204530b-0-6 |  1248000 |   459000 |   526492839 |  16656448660 |         0 |      0 |  1308260007 |      0 |      0 |         0 
 91620 Thread 41 - PartitionProcessorThre...9e8-9764-d3dab204530b-0-7 |  1323000 |   434000 |   541632929 |  17143903531 |         0 |      0 |  1331438769 |      0 |      0 |         0 
 91621 Thread 42 - PartitionProcessorThre...9e8-9764-d3dab204530b-0-8 |  1264000 |   436000 |   523668398 |  16588160285 |      3072 |      0 |  1333057444 |      0 |      0 |         0 
 91622 Thread 43 - PartitionProcessorThre...9e8-9764-d3dab204530b-0-9 |  1304000 |   470000 |   546275659 |  17310593124 |         0 |      0 |  1547426829 |      0 |      0 |         0 
 91623 Thread 44 - PartitionProcessorThre...e8-9764-d3dab204530b-0-10 |  1248000 |   454000 |   523255906 |  16607782179 |         0 |      0 |  1245141439 |      0 |      0 |         0 
 91624 Thread 45 - PartitionProcessorThre...e8-9764-d3dab204530b-0-11 |  1289000 |   417000 |   525536038 |  16646969773 |         0 |      0 |  1535302353 |      0 |      0 |         0 
 91625 Thread 46 - PartitionProcessorThre...e8-9764-d3dab204530b-0-12 |  1326000 |   422000 |   539969667 |  17056489828 |         0 |      0 |  1405686351 |      0 |      0 |         0 
 91626 Thread 47 - PartitionProcessorThre...e8-9764-d3dab204530b-0-13 |  1261000 |   506000 |   545759929 |  17242694566 |         0 |      0 |  1579266889 |      0 |      0 |         0 
 91627 Thread 48 - PartitionProcessorThre...e8-9764-d3dab204530b-0-14 |  1242000 |   417000 |   511831718 |  16188405742 |         0 |      0 |  1662825591 |      0 |      0 |         0 
 91628 Thread 49 - PartitionProcessorThre...e8-9764-d3dab204530b-0-15 |  1239000 |   479000 |   530381831 |  16764847957 |         0 |      0 |  1451231814 |      0 |      0 |         0 
 91629 Thread 50 - PartitionProcessorThre...e8-9764-d3dab204530b-0-16 |  1260000 |   424000 |   518367402 |  16432420734 |         0 |      0 |  1340920618 |      0 |      0 |         0 
 91630 Thread 51 - PartitionProcessorThre...e8-9764-d3dab204530b-0-17 |  1248000 |   461000 |   526315081 |  16676084820 |      1024 |      0 |  1490106913 |      0 |      0 |         0 
 91631 Thread 52 - PartitionProcessorThre...e8-9764-d3dab204530b-0-18 |  1312000 |   414000 |   532206136 |  16842244035 |         0 |      0 |  1353916351 |      0 |      0 |         0 
 91632 Thread 53 - PartitionProcessorThre...e8-9764-d3dab204530b-0-19 |  1335000 |   432000 |   546194339 |  17242410710 |         0 |      0 |  1442607613 |      0 |      0 |         0 
 91633 Thread 54 - PartitionProcessorThre...9e8-9764-d3dab204530b-2-0 |  1268000 |   474000 |   539096140 |  16999195289 |         0 |      0 |  1333954861 |      0 |      0 |         0 
 91634 Thread 55 - PartitionProcessorThre...9e8-9764-d3dab204530b-2-1 |  1250000 |   446000 |   524702355 |  16550218183 |         0 |      0 |  1499040979 |      0 |      0 |         0 
 91635 Thread 56 - PartitionProcessorThre...9e8-9764-d3dab204530b-2-2 |  1310000 |   461000 |   548370350 |  17282626882 |         0 |      0 |  1282319578 |      0 |      0 |         0 
 91636 Thread 57 - PartitionProcessorThre...9e8-9764-d3dab204530b-2-3 |  1277000 |   468000 |   540311378 |  17027898312 |         0 |      0 |  1337520555 |      0 |      0 |         0 
 91637 Thread 58 - PartitionProcessorThre...9e8-9764-d3dab204530b-2-4 |  1214000 |   441000 |   511765605 |  16148896406 |         0 |      0 |  1424259076 |      0 |      0 |         0 
 91638 Thread 59 - PartitionProcessorThre...9e8-9764-d3dab204530b-2-5 |  1321000 |   456000 |   549887890 |  17339769749 |         0 |      0 |  1398783864 |      0 |      0 |         0 
 91639 Thread 60 - PartitionProcessorThre...9e8-9764-d3dab204530b-2-6 |  1227000 |   468000 |   524077952 |  16540729011 |         0 |      0 |  1165013388 |      0 |      0 |         0 
 91640 Thread 61 - PartitionProcessorThre...9e8-9764-d3dab204530b-2-7 |  1290000 |   446000 |   537819585 |  16940264902 |         0 |      0 |  1335240815 |      0 |      0 |         0 
 91641 Thread 62 - PartitionProcessorThre...9e8-9764-d3dab204530b-2-8 |  1275000 |   427000 |   525554257 |  16608103293 |         0 |      0 |  1347551989 |      0 |      0 |         0 
 91642 Thread 63 - PartitionProcessorThre...9e8-9764-d3dab204530b-2-9 |  1305000 |   461000 |   544715761 |  17232832175 |         0 |      0 |  1313855530 |      0 |      0 |         0 
 91643 Thread 64 - PartitionProcessorThre...e8-9764-d3dab204530b-2-10 |  1292000 |   479000 |   548026589 |  17282012515 |         0 |      0 |  1273415311 |      0 |      0 |         0 
 91644 Thread 65 - PartitionProcessorThre...e8-9764-d3dab204530b-2-11 |  1335000 |   427000 |   543192023 |  17192774542 |      1024 |      0 |  1390942913 |      0 |      0 |         0 
 91645 Thread 66 - PartitionProcessorThre...e8-9764-d3dab204530b-2-12 |  1224000 |   480000 |   526142218 |  16627526382 |         0 |      0 |  1217494701 |      0 |      0 |         0 
 91646 Thread 67 - PartitionProcessorThre...e8-9764-d3dab204530b-2-13 |  1263000 |   477000 |   536253081 |  16978424105 |         0 |      0 |  1389566573 |      0 |      0 |         0 
 91647 Thread 68 - PartitionProcessorThre...e8-9764-d3dab204530b-2-14 |  1294000 |   419000 |   529564273 |  16715212980 |         0 |      0 |  1238739395 |      0 |      0 |         0 
 91648 Thread 69 - PartitionProcessorThre...e8-9764-d3dab204530b-2-15 |  1284000 |   432000 |   531243077 |  16744238949 |         0 |      0 |  1303402314 |      0 |      0 |         0 
 91649 Thread 70 - PartitionProcessorThre...e8-9764-d3dab204530b-2-16 |  1218000 |   401000 |   500834839 |  15798200883 |         0 |      0 |  1342488249 |      0 |      0 |         0 
 91650 Thread 71 - PartitionProcessorThre...e8-9764-d3dab204530b-2-17 |  1185000 |   424000 |   496872562 |  15700395207 |         0 |      0 |  1265693642 |      0 |      0 |         0 
 91651 Thread 72 - PartitionProcessorThre...e8-9764-d3dab204530b-2-18 |  1213000 |   441000 |   511002382 |  16140135644 |         0 |      0 |  1507488831 |      0 |      0 |         0 
 91652 Thread 73 - PartitionProcessorThre...e8-9764-d3dab204530b-2-19 |  1261000 |   404000 |   515462663 |  16247243953 |         0 |      0 |  1268847741 |      0 |      0 |         0 
 91940 Thread 74 - process reaper                                     |     1000 |     1000 |      648691 |     19571249 |      2048 |      0 |       32042 |      0 |      0 |         0 
 91946 Thread 75 - Attach Listener                                    |   362000 |    94000 |   143156999 |   4456117249 |   5304320 | 202752 |     2285106 |      0 |      0 |         0 
