                                 Task                                  |  utime   |  stime   |     rss     |     vmem     |   read    | write  |    d:cpu    |  d:bio  | d:swap | d:reclaim 
 135116 Thread 1 - main                                                |   696000 |   104000 |    48922588 |   6098658233 |  22117376 |   1024 |     3740884 |       0 |      0 |         0 
 135138 Thread 2 - Reference Handler                                   |     8000 |     1000 |      852949 |     72298515 |         0 |      0 |      970483 |       0 |      0 |         0 
 135139 Thread 3 - Finalizer                                           |     7000 |        0 |     1037859 |     59158566 |      5120 |      0 |     5500491 |       0 |      0 |         0 
 135140 Thread 4 - Surrogate Locker Thread (Concurrent GC)             |        0 |        0 |           0 |            0 |         0 |      0 |           0 |       0 |      0 |         0 
 135141 Thread 5 - Signal Dispatcher                                   |        0 |        0 |           0 |            0 |         0 |      0 |       12342 |       0 |      0 |         0 
 135151 Thread 12 - RMI Scheduler(0)                                   |     2000 |        0 |      612304 |     19515046 |      4096 |      0 |       95404 |       0 |      0 |         0 
 135152 Thread 13 - RMI RenewClean-[10.231.182.152:33702]              |     1000 |        0 |       81472 |      7893246 |      1024 |      0 |           0 |       0 |      0 |         0 
 135153 Thread 14 - GC Daemon                                          |        0 |        0 |           0 |            0 |         0 |      0 |           0 |       0 |      0 |         0 
 135155 Thread 15 - DecatonSubscriptionThread-decaton-benchmark        | 29981000 | 30384000 | 18227710735 | 587904788417 | 585915392 | 148480 | 18467398697 |  236939 |      0 |         0 
 135156 Thread 16 - kafka-coordinator-hear...hread | decaton-benchmark |   265000 |    62000 |    98831124 |   3186318476 |   5646336 |   6144 |    53317809 | 1224475 |      0 |         0 
 135160 Thread 17 - PartitionProcessorThre...143-bd4d-2243e64eada2-2-0 |  1361000 |   430000 |   535775610 |  17459880415 |     33792 |      0 |  1853583613 |       0 |      0 |         0 
 135161 Thread 18 - PartitionProcessorThre...143-bd4d-2243e64eada2-2-1 |  1384000 |   414000 |   543232746 |  17543410880 |         0 |      0 |  1696436110 |       0 |      0 |         0 
 135162 Thread 19 - PartitionProcessorThre...143-bd4d-2243e64eada2-2-2 |  1363000 |   449000 |   547698852 |  17679613708 |         0 |      0 |  1887035839 |       0 |      0 |         0 
 135163 Thread 20 - PartitionProcessorThre...143-bd4d-2243e64eada2-2-3 |  1328000 |   402000 |   522639606 |  16881496649 |         0 |      0 |  1465351538 |       0 |      0 |         0 
 135164 Thread 21 - PartitionProcessorThre...143-bd4d-2243e64eada2-2-4 |  1328000 |   374000 |   513370219 |  16605585024 |         0 |      0 |  1825274231 |       0 |      0 |         0 
 135165 Thread 22 - PartitionProcessorThre...143-bd4d-2243e64eada2-2-5 |  1331000 |   440000 |   534333157 |  17278201930 |    117760 |      0 |  1793170082 |       0 |      0 |         0 
 135166 Thread 23 - PartitionProcessorThre...143-bd4d-2243e64eada2-2-6 |  1294000 |   423000 |   519307809 |  16753450829 |         0 |      0 |  1815402461 |       0 |      0 |         0 
 135167 Thread 24 - PartitionProcessorThre...143-bd4d-2243e64eada2-2-7 |  1387000 |   419000 |   543565453 |  17621955422 |         0 |      0 |  1687094637 |       0 |      0 |         0 
 135168 Thread 25 - PartitionProcessorThre...143-bd4d-2243e64eada2-2-8 |  1338000 |   408000 |   522825133 |  17029658407 |      7168 |      0 |  1795988378 |       0 |      0 |         0 
 135169 Thread 26 - PartitionProcessorThre...143-bd4d-2243e64eada2-2-9 |  1425000 |   429000 |   557016414 |  18090192547 |         0 |      0 |  1917338825 |       0 |      0 |         0 
 135170 Thread 27 - PartitionProcessorThre...43-bd4d-2243e64eada2-2-10 |  1298000 |   435000 |   519663965 |  16907612661 |      3072 |      0 |  1945744927 |       0 |      0 |         0 
 135171 Thread 28 - PartitionProcessorThre...43-bd4d-2243e64eada2-2-11 |  1334000 |   409000 |   522972961 |  17003882915 |         0 |      0 |  1901225125 |       0 |      0 |         0 
 135172 Thread 29 - PartitionProcessorThre...43-bd4d-2243e64eada2-2-12 |  1207000 |   406000 |   486229360 |  15738145743 |         0 |      0 |  1700428030 |       0 |      0 |         0 
 135173 Thread 30 - PartitionProcessorThre...43-bd4d-2243e64eada2-2-13 |  1278000 |   419000 |   511451305 |  16558478751 |         0 |      0 |  1875954660 |       0 |      0 |         0 
 135174 Thread 31 - PartitionProcessorThre...43-bd4d-2243e64eada2-2-14 |  1342000 |   402000 |   525046590 |  17016960645 |         0 |      0 |  1671754954 |       0 |      0 |         0 
 135175 Thread 32 - PartitionProcessorThre...43-bd4d-2243e64eada2-2-15 |  1329000 |   458000 |   537827196 |  17435671341 |         0 |      0 |  1584505172 |       0 |      0 |         0 
 135176 Thread 33 - PartitionProcessorThre...43-bd4d-2243e64eada2-2-16 |  1338000 |   388000 |   518583684 |  16840279427 |         0 |      0 |  1778981620 |       0 |      0 |         0 
 135177 Thread 34 - PartitionProcessorThre...43-bd4d-2243e64eada2-2-17 |  1321000 |   410000 |   521866379 |  16888118786 |         0 |      0 |  1634983234 |       0 |      0 |         0 
 135178 Thread 35 - PartitionProcessorThre...43-bd4d-2243e64eada2-2-18 |  1313000 |   422000 |   524831285 |  16929306950 |         0 |      0 |  1701568542 |       0 |      0 |         0 
 135179 Thread 36 - PartitionProcessorThre...43-bd4d-2243e64eada2-2-19 |  1331000 |   405000 |   522368383 |  16938910356 |         0 |      0 |  1509206317 |       0 |      0 |         0 
 135180 Thread 37 - PartitionProcessorThre...143-bd4d-2243e64eada2-1-0 |  1308000 |   403000 |   521029317 |  16696263083 |         0 |      0 |  1563546524 |       0 |      0 |         0 
 135181 Thread 38 - PartitionProcessorThre...143-bd4d-2243e64eada2-1-1 |  1246000 |   425000 |   508854508 |  16306336720 |         0 |      0 |  1606203865 |       0 |      0 |         0 
 135182 Thread 39 - PartitionProcessorThre...143-bd4d-2243e64eada2-1-2 |  1347000 |   437000 |   544396899 |  17408332087 |         0 |      0 |  1785957527 |       0 |      0 |         0 
 135183 Thread 40 - PartitionProcessorThre...143-bd4d-2243e64eada2-1-3 |  1259000 |   414000 |   510277297 |  16325493223 |         0 |      0 |  1749614555 |       0 |      0 |         0 
 135184 Thread 41 - PartitionProcessorThre...143-bd4d-2243e64eada2-1-4 |  1318000 |   387000 |   517456368 |  16637864481 |         0 |      0 |  1586338766 |       0 |      0 |         0 
 135185 Thread 42 - PartitionProcessorThre...143-bd4d-2243e64eada2-1-5 |  1297000 |   422000 |   524293836 |  16774623778 |         0 |      0 |  1812211927 |       0 |      0 |         0 
 135186 Thread 43 - PartitionProcessorThre...143-bd4d-2243e64eada2-1-6 |  1266000 |   403000 |   510577957 |  16286507110 |         0 |      0 |  1538988155 |       0 |      0 |         0 
 135187 Thread 44 - PartitionProcessorThre...143-bd4d-2243e64eada2-1-7 |  1359000 |   390000 |   532003008 |  17067215387 |         0 |      0 |  1779554581 |       0 |      0 |         0 
 135188 Thread 45 - PartitionProcessorThre...143-bd4d-2243e64eada2-1-8 |  1360000 |   433000 |   545215274 |  17496679383 |         0 |      0 |  1867670553 |       0 |      0 |         0 
 135189 Thread 46 - PartitionProcessorThre...143-bd4d-2243e64eada2-1-9 |  1273000 |   395000 |   508273129 |  16277044087 |         0 |      0 |  1734959600 |       0 |      0 |         0 
 135190 Thread 47 - PartitionProcessorThre...43-bd4d-2243e64eada2-1-10 |  1341000 |   397000 |   529978067 |  16959838649 |         0 |      0 |  1718987444 |       0 |      0 |         0 
 135191 Thread 48 - PartitionProcessorThre...43-bd4d-2243e64eada2-1-11 |  1363000 |   389000 |   532785184 |  17096372610 |         0 |      0 |  1763842154 |       0 |      0 |         0 
 135192 Thread 49 - PartitionProcessorThre...43-bd4d-2243e64eada2-1-12 |  1280000 |   417000 |   514794911 |  16559528009 |         0 |      0 |  1738464928 |       0 |      0 |         0 
 135193 Thread 50 - PartitionProcessorThre...43-bd4d-2243e64eada2-1-13 |  1322000 |   426000 |   532735106 |  17057639063 |         0 |      0 |  1963222082 |       0 |      0 |         0 
 135194 Thread 51 - PartitionProcessorThre...43-bd4d-2243e64eada2-1-14 |  1330000 |   404000 |   527025981 |  16920967208 |         0 |      0 |  1617738449 |       0 |      0 |         0 
 135195 Thread 52 - PartitionProcessorThre...43-bd4d-2243e64eada2-1-15 |  1288000 |   388000 |   510681813 |  16354751134 |  10831872 |      0 |  1658470592 |       0 |      0 |         0 
 135196 Thread 53 - PartitionProcessorThre...43-bd4d-2243e64eada2-1-16 |  1215000 |   405000 |   492938688 |  15808428868 |         0 |      0 |  1776807060 |       0 |      0 |         0 
 135197 Thread 54 - PartitionProcessorThre...43-bd4d-2243e64eada2-1-17 |  1258000 |   387000 |   499351965 |  16052619993 |         0 |      0 |  1815282353 |       0 |      0 |         0 
 135198 Thread 55 - PartitionProcessorThre...43-bd4d-2243e64eada2-1-18 |  1285000 |   387000 |   509724922 |  16315869966 |         0 |      0 |  1723656298 |       0 |      0 |         0 
 135199 Thread 56 - PartitionProcessorThre...43-bd4d-2243e64eada2-1-19 |  1264000 |   425000 |   515154125 |  16481773052 |         0 |      0 |  1779228574 |       0 |      0 |         0 
 135200 Thread 57 - PartitionProcessorThre...143-bd4d-2243e64eada2-0-0 |  1350000 |   420000 |   539957965 |  17272192110 |         0 |      0 |  1830820537 |       0 |      0 |         0 
 135201 Thread 58 - PartitionProcessorThre...143-bd4d-2243e64eada2-0-1 |  1330000 |   437000 |   537764121 |  17242901130 |      1024 |      0 |  1694547165 |       0 |      0 |         0 
 135202 Thread 59 - PartitionProcessorThre...143-bd4d-2243e64eada2-0-2 |  1332000 |   420000 |   534943649 |  17096897661 |         0 |      0 |  1634270592 |       0 |      0 |         0 
 135203 Thread 60 - PartitionProcessorThre...143-bd4d-2243e64eada2-0-3 |  1292000 |   430000 |   524888321 |  16803329263 |         0 |      0 |  1623157176 |       0 |      0 |         0 
 135204 Thread 61 - PartitionProcessorThre...143-bd4d-2243e64eada2-0-4 |  1250000 |   394000 |   501066161 |  16042712946 |         0 |      0 |  1605210101 |       0 |      0 |         0 
 135205 Thread 62 - PartitionProcessorThre...143-bd4d-2243e64eada2-0-5 |  1239000 |   386000 |   497179145 |  15857411286 |         0 |      0 |  1567009070 |       0 |      0 |         0 
 135206 Thread 63 - PartitionProcessorThre...143-bd4d-2243e64eada2-0-6 |  1271000 |   453000 |   527438555 |  16823374895 |         0 |      0 |  1685902552 |       0 |      0 |         0 
 135207 Thread 64 - PartitionProcessorThre...143-bd4d-2243e64eada2-0-7 |  1309000 |   415000 |   526643688 |  16823562161 |         0 |      0 |  1964251816 |       0 |      0 |         0 
 135208 Thread 65 - PartitionProcessorThre...143-bd4d-2243e64eada2-0-8 |  1218000 |   385000 |   488374442 |  15642528974 |         0 |      0 |  1814682800 |       0 |      0 |         0 
 135209 Thread 66 - PartitionProcessorThre...143-bd4d-2243e64eada2-0-9 |  1227000 |   387000 |   492390516 |  15749955364 |         0 |      0 |  1650512240 |       0 |      0 |         0 
 135210 Thread 67 - PartitionProcessorThre...43-bd4d-2243e64eada2-0-10 |  1317000 |   426000 |   531494055 |  17008977282 |         0 |      0 |  1766433424 |       0 |      0 |         0 
 135211 Thread 68 - PartitionProcessorThre...43-bd4d-2243e64eada2-0-11 |  1286000 |   421000 |   519669098 |  16657212087 |         0 |      0 |  1621195774 |       0 |      0 |         0 
 135212 Thread 69 - PartitionProcessorThre...43-bd4d-2243e64eada2-0-12 |  1338000 |   399000 |   530103473 |  16950253911 |         0 |      0 |  1694774706 |       0 |      0 |         0 
 135213 Thread 70 - PartitionProcessorThre...43-bd4d-2243e64eada2-0-13 |  1308000 |   421000 |   527038539 |  16872005454 |         0 |      0 |  1695840820 |       0 |      0 |         0 
 135214 Thread 71 - PartitionProcessorThre...43-bd4d-2243e64eada2-0-14 |  1295000 |   424000 |   524689094 |  16774458419 |         0 |      0 |  1853284097 |       0 |      0 |         0 
 135215 Thread 72 - PartitionProcessorThre...43-bd4d-2243e64eada2-0-15 |  1364000 |   421000 |   545172035 |  17418679137 |         0 |      0 |  1626096208 |       0 |      0 |         0 
 135216 Thread 73 - PartitionProcessorThre...43-bd4d-2243e64eada2-0-16 |  1285000 |   435000 |   525410196 |  16784407223 |         0 |      0 |  1799917892 |       0 |      0 |         0 
 135217 Thread 74 - PartitionProcessorThre...43-bd4d-2243e64eada2-0-17 |  1245000 |   404000 |   504051340 |  16091467966 |         0 |      0 |  1475245159 |       0 |      0 |         0 
 135218 Thread 75 - PartitionProcessorThre...43-bd4d-2243e64eada2-0-18 |  1239000 |   452000 |   515344887 |  16501253458 |         0 |      0 |  1628868206 |       0 |      0 |         0 
 135219 Thread 76 - PartitionProcessorThre...43-bd4d-2243e64eada2-0-19 |  1294000 |   424000 |   524804457 |  16765020380 |         0 |      0 |  1757658802 |       0 |      0 |         0 
 135749 Thread 77 - process reaper                                     |     3000 |        0 |      940574 |     29335214 |         0 |      0 |       29296 |       0 |      0 |         0 
 135754 Thread 78 - Attach Listener                                    |   418000 |    96000 |   160493702 |   5024305554 |   5304320 | 164864 |     2884717 |       0 |      0 |         0 
