                                 Task                                  |  utime   |  stime   |     rss     |     vmem     |   read    | write  |    d:cpu    | d:bio  | d:swap | d:reclaim 
 150156 Thread 1 - main                                                |   551000 |    75000 |    38101846 |   4733681193 |  21046272 |   1024 |     3495343 |      0 |      0 |         0 
 150178 Thread 2 - Reference Handler                                   |     8000 |        0 |      970648 |     64058796 |         0 |      0 |           0 |      0 |      0 |         0 
 150179 Thread 3 - Finalizer                                           |     3000 |     1000 |      288140 |     30156816 |     13312 |      0 |      856171 |      0 |      0 |         0 
 150180 Thread 4 - Surrogate Locker Thread (Concurrent GC)             |        0 |        0 |           0 |            0 |         0 |      0 |           0 |      0 |      0 |         0 
 150181 Thread 5 - Signal Dispatcher                                   |        0 |        0 |           0 |            0 |         0 |      0 |           0 |      0 |      0 |         0 
 150191 Thread 11 - DecatonSubscriptionThread-decaton-benchmark        | 29136000 | 32862000 | 18271699841 | 603670609415 | 636277760 | 126976 | 19542099021 | 117426 |      0 |         0 
 150192 Thread 13 - kafka-coordinator-hear...hread | decaton-benchmark |   189000 |    48000 |    69892581 |   2310317554 |   6875136 |   4096 |    59608485 | 257262 |      0 |         0 
 150195 Thread 14 - PartitionProcessorThre...5ca-882a-3036da7500de-1-0 |  1328000 |   462000 |   527582625 |  17463139453 |         0 |      0 |  1473859813 |      0 |      0 |         0 
 150196 Thread 15 - PartitionProcessorThre...5ca-882a-3036da7500de-1-1 |  1336000 |   446000 |   523478801 |  17378929043 |     36864 |      0 |  1228254216 |      0 |      0 |         0 
 150197 Thread 16 - PartitionProcessorThre...5ca-882a-3036da7500de-1-2 |  1269000 |   444000 |   502712578 |  16711261961 |         0 |      0 |  1208498874 |      0 |      0 |         0 
 150198 Thread 17 - PartitionProcessorThre...5ca-882a-3036da7500de-1-3 |  1263000 |   463000 |   507395598 |  16841304969 |         0 |      0 |  1298906925 |      0 |      0 |         0 
 150199 Thread 18 - PartitionProcessorThre...5ca-882a-3036da7500de-1-4 |  1354000 |   479000 |   536643774 |  17875832778 |         0 |      0 |  1430548002 |      0 |      0 |         0 
 150200 Thread 19 - PartitionProcessorThre...5ca-882a-3036da7500de-1-5 |  1374000 |   472000 |   542729278 |  18009232406 |      1024 |      0 |  1690776490 |      0 |      0 |         0 
 150201 Thread 20 - PartitionProcessorThre...5ca-882a-3036da7500de-1-6 |  1232000 |   424000 |   486615356 |  16157603762 |      3072 |      0 |  1452683109 | 191203 |      0 |         0 
 150202 Thread 21 - PartitionProcessorThre...5ca-882a-3036da7500de-1-7 |  1325000 |   452000 |   520768188 |  17336348801 |         0 |      0 |  1469438584 |      0 |      0 |         0 
 150203 Thread 22 - PartitionProcessorThre...5ca-882a-3036da7500de-1-8 |  1320000 |   441000 |   516316325 |  17176897094 |    122880 |      0 |  1305854406 |      0 |      0 |         0 
 150204 Thread 23 - PartitionProcessorThre...5ca-882a-3036da7500de-1-9 |  1301000 |   444000 |   513481879 |  17025213981 |      1024 |      0 |  1556488674 |      0 |      0 |         0 
 150205 Thread 24 - PartitionProcessorThre...ca-882a-3036da7500de-1-10 |  1299000 |   430000 |   508418801 |  16869992957 |      3072 |      0 |  1641221854 |      0 |      0 |         0 
 150206 Thread 25 - PartitionProcessorThre...ca-882a-3036da7500de-1-11 |  1434000 |   484000 |   566841949 |  18715037438 |      1024 |      0 |  1592962758 |      0 |      0 |         0 
 150207 Thread 26 - PartitionProcessorThre...ca-882a-3036da7500de-1-12 |  1353000 |   445000 |   528093430 |  17541018313 |         0 |      0 |  1484476154 |      0 |      0 |         0 
 150208 Thread 27 - PartitionProcessorThre...ca-882a-3036da7500de-1-13 |  1353000 |   450000 |   530728996 |  17590169379 |     35840 |      0 |  1536004697 |      0 |      0 |         0 
 150209 Thread 28 - PartitionProcessorThre...ca-882a-3036da7500de-1-14 |  1301000 |   460000 |   518464239 |  17181171692 |         0 |      0 |  1396537440 |      0 |      0 |         0 
 150210 Thread 29 - PartitionProcessorThre...ca-882a-3036da7500de-1-15 |  1279000 |   428000 |   500960739 |  16653216532 |         0 |      0 |  1436458636 |      0 |      0 |         0 
 150211 Thread 30 - PartitionProcessorThre...ca-882a-3036da7500de-1-16 |  1245000 |   457000 |   500250985 |  16605700059 |         0 |      0 |  1573312833 |      0 |      0 |         0 
 150212 Thread 31 - PartitionProcessorThre...ca-882a-3036da7500de-1-17 |  1273000 |   422000 |   498545844 |  16538394727 |         0 |      0 |  1277089391 |      0 |      0 |         0 
 150213 Thread 32 - PartitionProcessorThre...ca-882a-3036da7500de-1-18 |  1313000 |   516000 |   538628188 |  17845147821 |      1024 |      0 |  1390757794 |      0 |      0 |         0 
 150214 Thread 33 - PartitionProcessorThre...ca-882a-3036da7500de-1-19 |  1292000 |   462000 |   514546434 |  17111721895 |         0 |      0 |  1411654363 |      0 |      0 |         0 
 150215 Thread 34 - PartitionProcessorThre...5ca-882a-3036da7500de-0-0 |  1324000 |   461000 |   529527414 |  17417502012 |         0 |      0 |  1295387157 |      0 |      0 |         0 
 150216 Thread 35 - PartitionProcessorThre...5ca-882a-3036da7500de-0-1 |  1301000 |   489000 |   530243524 |  17466572598 |         0 |      0 |  1420028207 |      0 |      0 |         0 
 150217 Thread 36 - PartitionProcessorThre...5ca-882a-3036da7500de-0-2 |  1322000 |   459000 |   528666532 |  17377747555 |         0 |      0 |  1423848848 |      0 |      0 |         0 
 150218 Thread 37 - PartitionProcessorThre...5ca-882a-3036da7500de-0-3 |  1319000 |   456000 |   526115582 |  17320156621 |         0 |      0 |  1462261400 |      0 |      0 |         0 
 150219 Thread 38 - PartitionProcessorThre...5ca-882a-3036da7500de-0-4 |  1253000 |   401000 |   490675602 |  16139833192 |         0 |      0 |  1438381244 |      0 |      0 |         0 
 150220 Thread 39 - PartitionProcessorThre...5ca-882a-3036da7500de-0-5 |  1251000 |   461000 |   508509555 |  16706049098 |         0 |      0 |  1372622879 |      0 |      0 |         0 
 150221 Thread 40 - PartitionProcessorThre...5ca-882a-3036da7500de-0-6 |  1370000 |   443000 |   538126055 |  17690618344 |         0 |      0 |  1496134224 |      0 |      0 |         0 
 150222 Thread 41 - PartitionProcessorThre...5ca-882a-3036da7500de-0-7 |  1300000 |   435000 |   515406934 |  16930489942 |         0 |      0 |  1478197130 |      0 |      0 |         0 
 150223 Thread 42 - PartitionProcessorThre...5ca-882a-3036da7500de-0-8 |  1205000 |   432000 |   486369094 |  15974567176 |         0 |      0 |  1352577626 |      0 |      0 |         0 
 150224 Thread 43 - PartitionProcessorThre...5ca-882a-3036da7500de-0-9 |  1278000 |   440000 |   510033961 |  16764020957 |         0 |      0 |  1531401183 |      0 |      0 |         0 
 150225 Thread 44 - PartitionProcessorThre...ca-882a-3036da7500de-0-10 |  1278000 |   476000 |   520547375 |  17115355114 |         0 |      0 |  1526061615 |      0 |      0 |         0 
 150226 Thread 45 - PartitionProcessorThre...ca-882a-3036da7500de-0-11 |  1271000 |   482000 |   520549203 |  17106466528 |         0 |      0 |  1495771316 |      0 |      0 |         0 
 150227 Thread 46 - PartitionProcessorThre...ca-882a-3036da7500de-0-12 |  1228000 |   445000 |   496574727 |  16325437551 |         0 |      0 |  1604993009 |      0 |      0 |         0 
 150228 Thread 47 - PartitionProcessorThre...ca-882a-3036da7500de-0-13 |  1298000 |   474000 |   526551336 |  17290931071 |         0 |      0 |  1408873446 |      0 |      0 |         0 
 150229 Thread 48 - PartitionProcessorThre...ca-882a-3036da7500de-0-14 |  1283000 |   475000 |   522031215 |  17154552364 |         0 |      0 |  1397399780 |      0 |      0 |         0 
 150230 Thread 49 - PartitionProcessorThre...ca-882a-3036da7500de-0-15 |  1350000 |   447000 |   533929524 |  17534519711 |         0 |      0 |  1423798145 |      0 |      0 |         0 
 150231 Thread 50 - PartitionProcessorThre...ca-882a-3036da7500de-0-16 |  1332000 |   456000 |   531307536 |  17447355555 |         0 |      0 |  1504942574 |      0 |      0 |         0 
 150232 Thread 51 - PartitionProcessorThre...ca-882a-3036da7500de-0-17 |  1320000 |   413000 |   514299786 |  16910601317 |         0 |      0 |  1337240640 |      0 |      0 |         0 
 150233 Thread 52 - PartitionProcessorThre...ca-882a-3036da7500de-0-18 |  1273000 |   416000 |   501466575 |  16480657797 |         0 |      0 |  1471336307 |      0 |      0 |         0 
 150234 Thread 53 - PartitionProcessorThre...ca-882a-3036da7500de-0-19 |  1339000 |   445000 |   529020711 |  17407998582 |         0 |      0 |  1340569667 |      0 |      0 |         0 
 150235 Thread 54 - PartitionProcessorThre...5ca-882a-3036da7500de-2-0 |  1268000 |   460000 |   514398918 |  16862411637 |         0 |      0 |  1431763311 |      0 |      0 |         0 
 150236 Thread 55 - PartitionProcessorThre...5ca-882a-3036da7500de-2-1 |  1353000 |   476000 |   543519863 |  17847685977 |         0 |      0 |  1543140400 |      0 |      0 |         0 
 150237 Thread 56 - PartitionProcessorThre...5ca-882a-3036da7500de-2-2 |  1261000 |   475000 |   516037692 |  16939806653 |         0 |      0 |  1462379203 |      0 |      0 |         0 
 150238 Thread 57 - PartitionProcessorThre...5ca-882a-3036da7500de-2-3 |  1253000 |   478000 |   514807012 |  16890925922 |         0 |      0 |  1590983505 |      0 |      0 |         0 
 150239 Thread 58 - PartitionProcessorThre...5ca-882a-3036da7500de-2-4 |  1251000 |   448000 |   505081289 |  16578723801 |         0 |      0 |  1447644442 |      0 |      0 |         0 
 150240 Thread 59 - PartitionProcessorThre...5ca-882a-3036da7500de-2-5 |  1343000 |   470000 |   538943153 |  17691595008 |         0 |      0 |  1476338794 |      0 |      0 |         0 
 150241 Thread 60 - PartitionProcessorThre...5ca-882a-3036da7500de-2-6 |  1251000 |   422000 |   496679395 |  16324947500 |         0 |      0 |  1625590573 |      0 |      0 |         0 
 150242 Thread 61 - PartitionProcessorThre...5ca-882a-3036da7500de-2-7 |  1331000 |   445000 |   527294192 |  17330408078 |         0 |      0 |  1524382006 |      0 |      0 |         0 
 150243 Thread 62 - PartitionProcessorThre...5ca-882a-3036da7500de-2-8 |  1414000 |   480000 |   562174348 |  18481315563 |         0 |      0 |  1397581158 |      0 |      0 |         0 
 150244 Thread 63 - PartitionProcessorThre...5ca-882a-3036da7500de-2-9 |  1283000 |   479000 |   524017688 |  17193825989 |         0 |      0 |  1547141827 |      0 |      0 |         0 
 150245 Thread 64 - PartitionProcessorThre...ca-882a-3036da7500de-2-10 |  1302000 |   463000 |   524564524 |  17222705153 |         0 |      0 |  1476884953 |      0 |      0 |         0 
 150246 Thread 65 - PartitionProcessorThre...ca-882a-3036da7500de-2-11 |  1358000 |   445000 |   536101356 |  17593799946 |         0 |      0 |  1450650534 |      0 |      0 |         0 
 150247 Thread 66 - PartitionProcessorThre...ca-882a-3036da7500de-2-12 |  1287000 |   454000 |   517270000 |  16988373043 |         0 |      0 |  1496172698 |      0 |      0 |         0 
 150248 Thread 67 - PartitionProcessorThre...ca-882a-3036da7500de-2-13 |  1321000 |   486000 |   536541492 |  17632776000 |         0 |      0 |  1414717382 |      0 |      0 |         0 
 150249 Thread 68 - PartitionProcessorThre...ca-882a-3036da7500de-2-14 |  1239000 |   496000 |   515256454 |  16930063520 |         0 |      0 |  1452941999 |      0 |      0 |         0 
 150250 Thread 69 - PartitionProcessorThre...ca-882a-3036da7500de-2-15 |  1215000 |   463000 |   498445172 |  16374068989 |         0 |      0 |  1268748824 |      0 |      0 |         0 
 150251 Thread 70 - PartitionProcessorThre...ca-882a-3036da7500de-2-16 |  1262000 |   453000 |   509740141 |  16734998543 |         0 |      0 |  1404911632 |      0 |      0 |         0 
 150252 Thread 71 - PartitionProcessorThre...ca-882a-3036da7500de-2-17 |  1301000 |   463000 |   524472051 |  17213458356 |         0 |      0 |  1324648286 |      0 |      0 |         0 
 150253 Thread 72 - PartitionProcessorThre...ca-882a-3036da7500de-2-18 |  1323000 |   431000 |   520898047 |  17115182957 |         0 |      0 |  1436444653 |      0 |      0 |         0 
 150254 Thread 73 - PartitionProcessorThre...ca-882a-3036da7500de-2-19 |  1308000 |   472000 |   529363391 |  17370032293 |         0 |      0 |  1329626416 |      0 |      0 |         0 
 150684 Thread 74 - process reaper                                     |     1000 |        0 |      310144 |      9785996 |      2048 |      0 |      305045 |      0 |      0 |         0 
 150690 Thread 75 - Attach Listener                                    |   372000 |    88000 |   139660330 |   4495295812 |   5304320 | 151552 |     1377941 |      0 |      0 |         0 
