                                 Task                                 |  utime   |  stime   |     rss     |     vmem     |   read    | write  |    d:cpu    | d:bio  | d:swap | d:reclaim 
 11390 Thread 1 - main                                                |   828000 |   113000 |    64409537 |   7202084670 |  34338816 |   1024 |     4533235 |      0 |      0 |         0 
 11412 Thread 2 - Reference Handler                                   |    11000 |        0 |     1343484 |     89376246 |         0 |      0 |      624130 |      0 |      0 |         0 
 11413 Thread 3 - Finalizer                                           |    10000 |     1000 |     1010925 |     86598593 |      5120 |      0 |      464391 |      0 |      0 |         0 
 11414 Thread 4 - Surrogate Locker Thread (Concurrent GC)             |        0 |        0 |           0 |            0 |         0 |      0 |        8497 |      0 |      0 |         0 
 11415 Thread 5 - Signal Dispatcher                                   |        0 |     1000 |       31203 |      7228289 |         0 |      0 |       13245 |      0 |      0 |         0 
 11425 Thread 12 - RMI Scheduler(0)                                   |     3000 |     1000 |     1047320 |     37035871 |      4096 |      0 |      561159 |      0 |      0 |         0 
 11426 Thread 13 - RMI RenewClean-[10.231.182.152:35971]              |        0 |        0 |           0 |            0 |      1024 |      0 |       44033 |      0 |      0 |         0 
 11427 Thread 14 - GC Daemon                                          |        0 |        0 |           0 |            0 |         0 |      0 |      120363 |      0 |      0 |         0 
 11429 Thread 15 - DecatonSubscriptionThread-decaton-benchmark        | 27445000 | 37532000 | 20583181342 | 633134911658 | 573278208 | 137216 | 17818847075 | 297779 |      0 |         0 
 11431 Thread 16 - kafka-coordinator-hear...hread | decaton-benchmark |   197000 |    43000 |    75036050 |   2333248710 |   6402048 |   5120 |    10985533 | 516594 |      0 |         0 
 11434 Thread 17 - PartitionProcessorThre...41b-bfee-d1a864027d96-0-0 |  1268000 |   480000 |   552750366 |  17044051425 |     36864 |      0 |  1102045240 |      0 |      0 |         0 
 11435 Thread 18 - PartitionProcessorThre...41b-bfee-d1a864027d96-0-1 |  1198000 |   436000 |   516566824 |  15938720527 |         0 |      0 |  1108097259 |      0 |      0 |         0 
 11436 Thread 19 - PartitionProcessorThre...41b-bfee-d1a864027d96-0-2 |  1253000 |   445000 |   536212992 |  16561114773 |         0 |      0 |  1000552662 |      0 |      0 |         0 
 11437 Thread 20 - PartitionProcessorThre...41b-bfee-d1a864027d96-0-3 |  1123000 |   419000 |   487785504 |  15042992761 |         0 |      0 |  1028732355 |      0 |      0 |         0 
 11438 Thread 21 - PartitionProcessorThre...41b-bfee-d1a864027d96-0-4 |  1264000 |   468000 |   548037839 |  16893599081 |      1024 |      0 |  1057863934 |      0 |      0 |         0 
 11439 Thread 22 - PartitionProcessorThre...41b-bfee-d1a864027d96-0-5 |  1267000 |   429000 |   536377808 |  16541371554 |         0 |      0 |   931276801 |      0 |      0 |         0 
 11440 Thread 23 - PartitionProcessorThre...41b-bfee-d1a864027d96-0-6 |  1203000 |   461000 |   527808515 |  16234707027 |         0 |      0 |  1126027398 |      0 |      0 |         0 
 11441 Thread 24 - PartitionProcessorThre...41b-bfee-d1a864027d96-0-7 |  1230000 |   413000 |   521955531 |  16029497855 |         0 |      0 |  1070915177 |      0 |      0 |         0 
 11442 Thread 25 - PartitionProcessorThre...41b-bfee-d1a864027d96-0-8 |  1257000 |   485000 |   553431945 |  16994686706 |         0 |      0 |  1203899871 |      0 |      0 |         0 
 11443 Thread 26 - PartitionProcessorThre...41b-bfee-d1a864027d96-0-9 |  1183000 |   421000 |   509216523 |  15647509410 |         0 |      0 |  1045113580 |      0 |      0 |         0 
 11444 Thread 27 - PartitionProcessorThre...1b-bfee-d1a864027d96-0-10 |  1221000 |   429000 |   522260214 |  16096835105 |         0 |      0 |   975831410 |      0 |      0 |         0 
 11445 Thread 28 - PartitionProcessorThre...1b-bfee-d1a864027d96-0-11 |  1190000 |   397000 |   502905176 |  15482073917 |      1024 |      0 |   965970661 |      0 |      0 |         0 
 11446 Thread 29 - PartitionProcessorThre...1b-bfee-d1a864027d96-0-12 |  1175000 |   435000 |   511611230 |  15707084527 |         0 |      0 |  1123084276 |      0 |      0 |         0 
 11447 Thread 30 - PartitionProcessorThre...1b-bfee-d1a864027d96-0-13 |  1155000 |   447000 |   508474695 |  15629116261 |         0 |      0 |  1104664813 |      0 |      0 |         0 
 11448 Thread 31 - PartitionProcessorThre...1b-bfee-d1a864027d96-0-14 |  1209000 |   422000 |   517410472 |  15911367394 |         0 |      0 |   945501398 |      0 |      0 |         0 
 11449 Thread 32 - PartitionProcessorThre...1b-bfee-d1a864027d96-0-15 |  1252000 |   441000 |   536185324 |  16514182855 |      4096 |      0 |   938223894 |      0 |      0 |         0 
 11450 Thread 33 - PartitionProcessorThre...1b-bfee-d1a864027d96-0-16 |  1240000 |   436000 |   531828816 |  16351032878 |         0 |      0 |   948221706 |      0 |      0 |         0 
 11451 Thread 34 - PartitionProcessorThre...1b-bfee-d1a864027d96-0-17 |  1244000 |   436000 |   531858746 |  16388149870 |         0 |      0 |   987976003 |      0 |      0 |         0 
 11452 Thread 35 - PartitionProcessorThre...1b-bfee-d1a864027d96-0-18 |  1155000 |   449000 |   509054386 |  15647290417 |         0 |      0 |  1048172415 |      0 |      0 |         0 
 11453 Thread 36 - PartitionProcessorThre...1b-bfee-d1a864027d96-0-19 |  1194000 |   415000 |   509523933 |  15695700300 |         0 |      0 |   915743024 |      0 |      0 |         0 
 11454 Thread 37 - PartitionProcessorThre...41b-bfee-d1a864027d96-1-0 |  1192000 |   418000 |   506028754 |  15709922933 |         0 |      0 |   802633428 |      0 |      0 |         0 
 11455 Thread 38 - PartitionProcessorThre...41b-bfee-d1a864027d96-1-1 |  1268000 |   449000 |   540235663 |  16754095991 |         0 |      0 |   979589620 |      0 |      0 |         0 
 11456 Thread 39 - PartitionProcessorThre...41b-bfee-d1a864027d96-1-2 |  1245000 |   413000 |   522713777 |  16178216843 |         0 |      0 |  1016867345 |      0 |      0 |         0 
 11457 Thread 40 - PartitionProcessorThre...41b-bfee-d1a864027d96-1-3 |  1221000 |   420000 |   516331445 |  16012327496 |         0 |      0 |   985166981 |      0 |      0 |         0 
 11458 Thread 41 - PartitionProcessorThre...41b-bfee-d1a864027d96-1-4 |  1245000 |   418000 |   524755910 |  16227285538 |         0 |      0 |   959876045 |      0 |      0 |         0 
 11459 Thread 42 - PartitionProcessorThre...41b-bfee-d1a864027d96-1-5 |  1258000 |   431000 |   533654952 |  16480840195 |         0 |      0 |   917284538 |      0 |      0 |         0 
 11460 Thread 43 - PartitionProcessorThre...41b-bfee-d1a864027d96-1-6 |  1250000 |   457000 |   538078366 |  16656370488 |         0 |      0 |  1017410148 |      0 |      0 |         0 
 11461 Thread 44 - PartitionProcessorThre...41b-bfee-d1a864027d96-1-7 |  1289000 |   475000 |   556762390 |  17212537081 |         0 |      0 |   977595855 |      0 |      0 |         0 
 11462 Thread 45 - PartitionProcessorThre...41b-bfee-d1a864027d96-1-8 |  1242000 |   454000 |   536531554 |  16549312601 |         0 |      0 |  1000929214 |      0 |      0 |         0 
 11463 Thread 46 - PartitionProcessorThre...41b-bfee-d1a864027d96-1-9 |  1254000 |   494000 |   550475296 |  17056658761 |         0 |      0 |  1119418034 |      0 |      0 |         0 
 11464 Thread 47 - PartitionProcessorThre...1b-bfee-d1a864027d96-1-10 |  1314000 |   436000 |   552283124 |  17075993812 |         0 |      0 |  1066051169 |      0 |      0 |         0 
 11465 Thread 48 - PartitionProcessorThre...1b-bfee-d1a864027d96-1-11 |  1152000 |   431000 |   499047984 |  15446599207 |         0 |      0 |  1047548870 |      0 |      0 |         0 
 11466 Thread 49 - PartitionProcessorThre...1b-bfee-d1a864027d96-1-12 |  1264000 |   428000 |   533193648 |  16510047429 |         0 |      0 |   999116931 |      0 |      0 |         0 
 11467 Thread 50 - PartitionProcessorThre...1b-bfee-d1a864027d96-1-13 |  1197000 |   425000 |   512215003 |  15826871437 |         0 |      0 |   830075277 |      0 |      0 |         0 
 11468 Thread 51 - PartitionProcessorThre...1b-bfee-d1a864027d96-1-14 |  1165000 |   477000 |   517712363 |  16022239910 |         0 |      0 |  1101341350 |      0 |      0 |         0 
 11469 Thread 52 - PartitionProcessorThre...1b-bfee-d1a864027d96-1-15 |  1199000 |   413000 |   507279359 |  15729515554 |         0 |      0 |   931502535 |      0 |      0 |         0 
 11470 Thread 53 - PartitionProcessorThre...1b-bfee-d1a864027d96-1-16 |  1196000 |   489000 |   531829679 |  16442171214 |         0 |      0 |  1238590822 |      0 |      0 |         0 
 11471 Thread 54 - PartitionProcessorThre...1b-bfee-d1a864027d96-1-17 |  1162000 |   472000 |   513512257 |  15944628179 |         0 |      0 |  1007394135 |      0 |      0 |         0 
 11472 Thread 55 - PartitionProcessorThre...1b-bfee-d1a864027d96-1-18 |  1205000 |   416000 |   510784277 |  15817296191 |         0 |      0 |  1034880416 |      0 |      0 |         0 
 11473 Thread 56 - PartitionProcessorThre...1b-bfee-d1a864027d96-1-19 |  1305000 |   485000 |   564775898 |  17466611569 |  10831872 |      0 |   981549566 |      0 |      0 |         0 
 11474 Thread 57 - PartitionProcessorThre...41b-bfee-d1a864027d96-2-0 |  1225000 |   490000 |   544811331 |  16735277386 |         0 |      0 |  1216001481 |      0 |      0 |         0 
 11475 Thread 58 - PartitionProcessorThre...41b-bfee-d1a864027d96-2-1 |  1197000 |   427000 |   515993890 |  15847624238 |         0 |      0 |  1071872629 |      0 |      0 |         0 
 11476 Thread 59 - PartitionProcessorThre...41b-bfee-d1a864027d96-2-2 |  1192000 |   462000 |   525178421 |  16140250777 |         0 |      0 |  1026708770 |      0 |      0 |         0 
 11477 Thread 60 - PartitionProcessorThre...41b-bfee-d1a864027d96-2-3 |  1221000 |   452000 |   531894574 |  16325687269 |         0 |      0 |  1067256079 |      0 |      0 |         0 
 11478 Thread 61 - PartitionProcessorThre...41b-bfee-d1a864027d96-2-4 |  1213000 |   461000 |   532426046 |  16335354292 |         0 |      0 |  1049259199 |      0 |      0 |         0 
 11479 Thread 62 - PartitionProcessorThre...41b-bfee-d1a864027d96-2-5 |  1265000 |   401000 |   529170035 |  16256912413 |         0 |      0 |   938287834 |      0 |      0 |         0 
 11480 Thread 63 - PartitionProcessorThre...41b-bfee-d1a864027d96-2-6 |  1240000 |   504000 |   554987277 |  17018314351 |         0 |      0 |   972882952 |      0 |      0 |         0 
 11481 Thread 64 - PartitionProcessorThre...41b-bfee-d1a864027d96-2-7 |  1287000 |   538000 |   580439773 |  17808704378 |         0 |      0 |  1120840398 |      0 |      0 |         0 
 11482 Thread 65 - PartitionProcessorThre...41b-bfee-d1a864027d96-2-8 |  1322000 |   452000 |   564025648 |  17311335573 |         0 |      0 |  1026007935 |      0 |      0 |         0 
 11483 Thread 66 - PartitionProcessorThre...41b-bfee-d1a864027d96-2-9 |  1144000 |   472000 |   513210734 |  15768962113 |         0 |      0 |  1033184690 |      0 |      0 |         0 
 11484 Thread 67 - PartitionProcessorThre...1b-bfee-d1a864027d96-2-10 |  1131000 |   435000 |   496384691 |  15281200753 |         0 |      0 |   993386653 |      0 |      0 |         0 
 11485 Thread 68 - PartitionProcessorThre...1b-bfee-d1a864027d96-2-11 |  1128000 |   462000 |   506194398 |  15515412996 |         0 |      0 |   958470899 |      0 |      0 |         0 
 11486 Thread 69 - PartitionProcessorThre...1b-bfee-d1a864027d96-2-12 |  1198000 |   475000 |   534072554 |  16325622753 |         0 |      0 |  1020023102 |      0 |      0 |         0 
 11487 Thread 70 - PartitionProcessorThre...1b-bfee-d1a864027d96-2-13 |  1240000 |   405000 |   523141390 |  16052312062 |         0 |      0 |  1070486101 |      0 |      0 |         0 
 11488 Thread 71 - PartitionProcessorThre...1b-bfee-d1a864027d96-2-14 |  1170000 |   498000 |   529569675 |  16276571343 |         0 |      0 |  1252000425 |      0 |      0 |         0 
 11489 Thread 72 - PartitionProcessorThre...1b-bfee-d1a864027d96-2-15 |  1170000 |   463000 |   519694281 |  15935321222 |         0 |      0 |  1018671281 |      0 |      0 |         0 
 11490 Thread 73 - PartitionProcessorThre...1b-bfee-d1a864027d96-2-16 |  1202000 |   425000 |   517571601 |  15876512378 |         0 |      0 |  1129298476 |      0 |      0 |         0 
 11491 Thread 74 - PartitionProcessorThre...1b-bfee-d1a864027d96-2-17 |  1178000 |   454000 |   520460785 |  15925498335 |         0 |      0 |  1009894823 |      0 |      0 |         0 
 11492 Thread 75 - PartitionProcessorThre...1b-bfee-d1a864027d96-2-18 |  1197000 |   471000 |   530461316 |  16276571480 |         0 |      0 |  1118977903 |      0 |      0 |         0 
 11493 Thread 76 - PartitionProcessorThre...1b-bfee-d1a864027d96-2-19 |  1127000 |   425000 |   494677414 |  15144464472 |         0 |      0 |  1121440749 |      0 |      0 |         0 
 11959 Thread 77 - process reaper                                     |     2000 |        0 |      683816 |     19580718 |         0 |      0 |       47095 |      0 |      0 |         0 
 11964 Thread 78 - Attach Listener                                    |   414000 |    81000 |   161390084 |   4839284421 |   4874240 | 143360 |     2784561 |      0 |      0 |         0 
