                                 Task                                 |  utime   |  stime   |     rss     |     vmem     |   read    | write  |    d:cpu    | d:bio  | d:swap | d:reclaim 
 14203 Thread 1 - main                                                |   800000 |   100000 |    62328318 |   6911920127 |  34338816 |   1024 |     5063868 |      0 |      0 |         0 
 14225 Thread 2 - Reference Handler                                   |     6000 |     1000 |      578726 |     53681167 |         0 |      0 |      437646 |      0 |      0 |         0 
 14226 Thread 3 - Finalizer                                           |     4000 |        0 |      447816 |     32821878 |      5120 |      0 |     2142635 |      0 |      0 |         0 
 14227 Thread 4 - Surrogate Locker Thread (Concurrent GC)             |        0 |        0 |           0 |            0 |         0 |      0 |       32285 |      0 |      0 |         0 
 14228 Thread 5 - Signal Dispatcher                                   |     1000 |        0 |      312687 |      9759761 |         0 |      0 |       45615 |      0 |      0 |         0 
 14236 Thread 12 - RMI Scheduler(0)                                   |     2000 |        0 |      390578 |     17456792 |      4096 |      0 |           0 |      0 |      0 |         0 
 14237 Thread 13 - RMI RenewClean-[10.231.182.152:40846]              |        0 |        0 |           0 |            0 |      1024 |      0 |       15364 |      0 |      0 |         0 
 14238 Thread 14 - GC Daemon                                          |        0 |        0 |           0 |            0 |         0 |      0 |           0 |      0 |      0 |         0 
 14241 Thread 15 - DecatonSubscriptionThread-decaton-benchmark        | 27821000 | 40139000 | 20918130963 | 662428504769 | 624778240 | 128000 | 18148428717 |  78247 |      0 |         0 
 14242 Thread 16 - kafka-coordinator-hear...hread | decaton-benchmark |   200000 |    35000 |    71088226 |   2284602065 |   6132736 |   5120 |    22180100 | 166521 |      0 |         0 
 14245 Thread 17 - PartitionProcessorThre...b59-9852-fb0be32977f3-2-0 |  1378000 |   515000 |   577362540 |  18455735901 |     33792 |      0 |  1135912482 |      0 |      0 |         0 
 14246 Thread 18 - PartitionProcessorThre...b59-9852-fb0be32977f3-2-1 |  1451000 |   495000 |   592238915 |  18977138675 |         0 |      0 |  1165360520 |      0 |      0 |         0 
 14247 Thread 19 - PartitionProcessorThre...b59-9852-fb0be32977f3-2-2 |  1378000 |   493000 |   568816341 |  18244924054 |         0 |      0 |  1215451472 |      0 |      0 |         0 
 14248 Thread 20 - PartitionProcessorThre...b59-9852-fb0be32977f3-2-3 |  1332000 |   470000 |   548178020 |  17569153218 |         0 |      0 |  1179004357 |      0 |      0 |         0 
 14249 Thread 21 - PartitionProcessorThre...b59-9852-fb0be32977f3-2-4 |  1325000 |   449000 |   539798431 |  17295763624 |      2048 |      0 |  1258977853 |      0 |      0 |         0 
 14250 Thread 22 - PartitionProcessorThre...b59-9852-fb0be32977f3-2-5 |  1301000 |   453000 |   535795864 |  17105743085 |         0 |      0 |  1164270920 |      0 |      0 |         0 
 14251 Thread 23 - PartitionProcessorThre...b59-9852-fb0be32977f3-2-6 |  1362000 |   502000 |   570227087 |  18181137491 |         0 |      0 |  1122999038 |      0 |      0 |         0 
 14252 Thread 24 - PartitionProcessorThre...b59-9852-fb0be32977f3-2-7 |  1325000 |   505000 |   558854669 |  17848047280 |         0 |      0 |  1082509837 |      0 |      0 |         0 
 14253 Thread 25 - PartitionProcessorThre...b59-9852-fb0be32977f3-2-8 |  1370000 |   467000 |   562618680 |  17918562956 |         0 |      0 |  1353108015 |      0 |      0 |         0 
 14254 Thread 26 - PartitionProcessorThre...b59-9852-fb0be32977f3-2-9 |  1330000 |   484000 |   554210126 |  17695352327 |         0 |      0 |  1166070021 |      0 |      0 |         0 
 14255 Thread 27 - PartitionProcessorThre...59-9852-fb0be32977f3-2-10 |  1371000 |   478000 |   564509489 |  18033952772 |         0 |      0 |  1003114715 |      0 |      0 |         0 
 14256 Thread 28 - PartitionProcessorThre...59-9852-fb0be32977f3-2-11 |  1285000 |   520000 |   552417091 |  17605953222 |         0 |      0 |   961932199 |      0 |      0 |         0 
 14257 Thread 29 - PartitionProcessorThre...59-9852-fb0be32977f3-2-12 |  1315000 |   495000 |   553645872 |  17656001901 |         0 |      0 |  1010487586 |      0 |      0 |         0 
 14258 Thread 30 - PartitionProcessorThre...59-9852-fb0be32977f3-2-13 |  1395000 |   494000 |   576962985 |  18426108522 |         0 |      0 |  1178868969 |      0 |      0 |         0 
 14259 Thread 31 - PartitionProcessorThre...59-9852-fb0be32977f3-2-14 |  1360000 |   478000 |   561490661 |  17926833077 |      4096 |      0 |  1013135342 |      0 |      0 |         0 
 14260 Thread 32 - PartitionProcessorThre...59-9852-fb0be32977f3-2-15 |  1409000 |   491000 |   577852278 |  18531044307 |      1024 |      0 |   973416263 |      0 |      0 |         0 
 14261 Thread 33 - PartitionProcessorThre...59-9852-fb0be32977f3-2-16 |  1309000 |   538000 |   564161032 |  18015856519 |      1024 |      0 |  1135998893 |      0 |      0 |         0 
 14262 Thread 34 - PartitionProcessorThre...59-9852-fb0be32977f3-2-17 |  1338000 |   491000 |   557220364 |  17835798257 |      1024 |      0 |  1059300411 |      0 |      0 |         0 
 14263 Thread 35 - PartitionProcessorThre...59-9852-fb0be32977f3-2-18 |  1279000 |   470000 |   535187649 |  17060300425 |         0 |      0 |  1006850625 |      0 |      0 |         0 
 14264 Thread 36 - PartitionProcessorThre...59-9852-fb0be32977f3-2-19 |  1266000 |   539000 |   552980177 |  17607565183 |         0 |      0 |  1092038882 |      0 |      0 |         0 
 14266 Thread 37 - PartitionProcessorThre...b59-9852-fb0be32977f3-1-0 |  1305000 |   493000 |   555708446 |  17549590128 |         0 |      0 |  1108973103 |      0 |      0 |         0 
 14267 Thread 38 - PartitionProcessorThre...b59-9852-fb0be32977f3-1-1 |  1275000 |   471000 |   538368845 |  17042378245 |         0 |      0 |  1076062644 |      0 |      0 |         0 
 14268 Thread 39 - PartitionProcessorThre...b59-9852-fb0be32977f3-1-2 |  1360000 |   525000 |   580562555 |  18398228557 |         0 |      0 |  1002056291 |      0 |      0 |         0 
 14269 Thread 40 - PartitionProcessorThre...b59-9852-fb0be32977f3-1-3 |  1279000 |   522000 |   557113020 |  17579306030 |         0 |      0 |  1014594770 |      0 |      0 |         0 
 14270 Thread 41 - PartitionProcessorThre...b59-9852-fb0be32977f3-1-4 |  1401000 |   493000 |   584015489 |  18486975889 |         0 |      0 |  1036056291 |      0 |      0 |         0 
 14271 Thread 42 - PartitionProcessorThre...b59-9852-fb0be32977f3-1-5 |  1438000 |   553000 |   615042079 |  19433831335 |         0 |      0 |  1089841631 |      0 |      0 |         0 
 14272 Thread 43 - PartitionProcessorThre...b59-9852-fb0be32977f3-1-6 |  1291000 |   527000 |   561110509 |  17745462276 |         0 |      0 |  1129287706 |      0 |      0 |         0 
 14273 Thread 44 - PartitionProcessorThre...b59-9852-fb0be32977f3-1-7 |  1308000 |   484000 |   551769001 |  17490571925 |         0 |      0 |   924268581 |      0 |      0 |         0 
 14274 Thread 45 - PartitionProcessorThre...b59-9852-fb0be32977f3-1-8 |  1273000 |   465000 |   536630278 |  16963827159 |         0 |      0 |  1004878073 |      0 |      0 |         0 
 14275 Thread 46 - PartitionProcessorThre...b59-9852-fb0be32977f3-1-9 |  1299000 |   477000 |   548940118 |  17335269120 |         0 |      0 |   900164781 |      0 |      0 |         0 
 14276 Thread 47 - PartitionProcessorThre...59-9852-fb0be32977f3-1-10 |  1303000 |   496000 |   554666938 |  17558833901 |         0 |      0 |  1035257133 |      0 |      0 |         0 
 14277 Thread 48 - PartitionProcessorThre...59-9852-fb0be32977f3-1-11 |  1328000 |   497000 |   563254630 |  17813287843 |         0 |      0 |  1129699871 |      0 |      0 |         0 
 14278 Thread 49 - PartitionProcessorThre...59-9852-fb0be32977f3-1-12 |  1283000 |   467000 |   540732192 |  17081372499 |         0 |      0 |  1193613284 |      0 |      0 |         0 
 14279 Thread 50 - PartitionProcessorThre...59-9852-fb0be32977f3-1-13 |  1260000 |   485000 |   537269317 |  17032537558 |         0 |      0 |  1105139176 |      0 |      0 |         0 
 14280 Thread 51 - PartitionProcessorThre...59-9852-fb0be32977f3-1-14 |  1304000 |   477000 |   549111712 |  17383216558 |         0 |      0 |  1190940464 |      0 |      0 |         0 
 14281 Thread 52 - PartitionProcessorThre...59-9852-fb0be32977f3-1-15 |  1292000 |   522000 |   560257149 |  17706167265 |         0 |      0 |  1113848695 |      0 |      0 |         0 
 14282 Thread 53 - PartitionProcessorThre...59-9852-fb0be32977f3-1-16 |  1288000 |   475000 |   543282306 |  17207794800 |         0 |      0 |  1272489608 |      0 |      0 |         0 
 14283 Thread 54 - PartitionProcessorThre...59-9852-fb0be32977f3-1-17 |  1323000 |   479000 |   556369704 |  17589362784 |         0 |      0 |  1158341946 |      0 |      0 |         0 
 14284 Thread 55 - PartitionProcessorThre...59-9852-fb0be32977f3-1-18 |  1248000 |   504000 |   541598130 |  17101085284 |         0 |      0 |  1027703527 |      0 |      0 |         0 
 14285 Thread 56 - PartitionProcessorThre...59-9852-fb0be32977f3-1-19 |  1283000 |   500000 |   550135060 |  17402659593 |         0 |      0 |  1102106065 |      0 |      0 |         0 
 14286 Thread 57 - PartitionProcessorThre...b59-9852-fb0be32977f3-0-0 |  1347000 |   517000 |   575667739 |  18194025304 |         0 |      0 |  1077105872 |      0 |      0 |         0 
 14287 Thread 58 - PartitionProcessorThre...b59-9852-fb0be32977f3-0-1 |  1386000 |   514000 |   587761212 |  18545509968 |         0 |      0 |  1087793774 |      0 |      0 |         0 
 14288 Thread 59 - PartitionProcessorThre...b59-9852-fb0be32977f3-0-2 |  1298000 |   441000 |   538408200 |  16973931257 |         0 |      0 |  1007994099 |      0 |      0 |         0 
 14289 Thread 60 - PartitionProcessorThre...b59-9852-fb0be32977f3-0-3 |  1301000 |   503000 |   557887274 |  17608189144 |         0 |      0 |   969643832 |      0 |      0 |         0 
 14290 Thread 61 - PartitionProcessorThre...b59-9852-fb0be32977f3-0-4 |  1271000 |   495000 |   544836169 |  17237218417 |         0 |      0 |  1016394960 |      0 |      0 |         0 
 14291 Thread 62 - PartitionProcessorThre...b59-9852-fb0be32977f3-0-5 |  1287000 |   494000 |   550645345 |  17383581503 |         0 |      0 |  1166755722 |      0 |      0 |         0 
 14292 Thread 63 - PartitionProcessorThre...b59-9852-fb0be32977f3-0-6 |  1257000 |   486000 |   537485306 |  17012702898 |         0 |      0 |   985803987 |      0 |      0 |         0 
 14293 Thread 64 - PartitionProcessorThre...b59-9852-fb0be32977f3-0-7 |  1274000 |   487000 |   542520458 |  17187744062 |         0 |      0 |  1030862083 |      0 |      0 |         0 
 14294 Thread 65 - PartitionProcessorThre...b59-9852-fb0be32977f3-0-8 |  1337000 |   508000 |   570888583 |  18008575921 |         0 |      0 |   974562235 |      0 |      0 |         0 
 14295 Thread 66 - PartitionProcessorThre...b59-9852-fb0be32977f3-0-9 |  1376000 |   468000 |   570277622 |  17998738054 |         0 |      0 |  1076941191 |      0 |      0 |         0 
 14296 Thread 67 - PartitionProcessorThre...59-9852-fb0be32977f3-0-10 |  1315000 |   506000 |   563011942 |  17774159429 |         0 |      0 |  1104055914 |      0 |      0 |         0 
 14297 Thread 68 - PartitionProcessorThre...59-9852-fb0be32977f3-0-11 |  1228000 |   524000 |   542399790 |  17100612870 |         0 |      0 |  1129673169 |      0 |      0 |         0 
 14298 Thread 69 - PartitionProcessorThre...59-9852-fb0be32977f3-0-12 |  1342000 |   485000 |   565155798 |  17833380218 |         0 |      0 |   986788709 |      0 |      0 |         0 
 14299 Thread 70 - PartitionProcessorThre...59-9852-fb0be32977f3-0-13 |  1283000 |   460000 |   538249411 |  17012979261 |         0 |      0 |  1022397787 |      0 |      0 |         0 
 14300 Thread 71 - PartitionProcessorThre...59-9852-fb0be32977f3-0-14 |  1251000 |   517000 |   546115196 |  17257160382 |         0 |      0 |  1073913565 |      0 |      0 |         0 
 14301 Thread 72 - PartitionProcessorThre...59-9852-fb0be32977f3-0-15 |  1351000 |   517000 |   577316204 |  18232975702 |         0 |      0 |  1072329166 |      0 |      0 |         0 
 14302 Thread 73 - PartitionProcessorThre...59-9852-fb0be32977f3-0-16 |  1311000 |   463000 |   548681493 |  17316629839 |         0 |      0 |  1090475754 |      0 |      0 |         0 
 14303 Thread 74 - PartitionProcessorThre...59-9852-fb0be32977f3-0-17 |  1318000 |   531000 |   572100700 |  18048938272 |         0 |      0 |  1088569808 |      0 |      0 |         0 
 14304 Thread 75 - PartitionProcessorThre...59-9852-fb0be32977f3-0-18 |  1376000 |   480000 |   574580157 |  18116778749 |         0 |      0 |  1204582077 |      0 |      0 |         0 
 14305 Thread 76 - PartitionProcessorThre...59-9852-fb0be32977f3-0-19 |  1248000 |   511000 |   544684645 |  17169500769 |         0 |      0 |  1040212387 |      0 |      0 |         0 
 14751 Thread 77 - process reaper                                     |     1000 |     1000 |      643976 |     19575710 |         0 |      0 |       16115 |      0 |      0 |         0 
 14756 Thread 78 - Attach Listener                                    |   422000 |    75000 |   156343197 |   4858737811 |   4873216 | 181248 |     1851872 |      0 |      0 |         0 
