                                 Task                                 |  utime   |  stime   |     rss     |     vmem     |   read    | write  |    d:cpu    | d:bio  | d:swap | d:reclaim 
 79183 Thread 1 - main                                                |   800000 |   128000 |    61741095 |   7118242111 |  34328576 |   1024 |     7225048 |      0 |      0 |         0 
 79205 Thread 2 - Reference Handler                                   |     6000 |        0 |      681539 |     50545671 |         0 |      0 |      170914 |      0 |      0 |         0 
 79206 Thread 3 - Finalizer                                           |     8000 |     1000 |     1015851 |     73292398 |     13312 |      0 |      498819 |      0 |      0 |         0 
 79207 Thread 4 - Surrogate Locker Thread (Concurrent GC)             |        0 |        0 |           0 |            0 |         0 |      0 |      567188 |      0 |      0 |         0 
 79208 Thread 5 - Signal Dispatcher                                   |        0 |        0 |           0 |            0 |         0 |      0 |        4807 |      0 |      0 |         0 
 79216 Thread 12 - RMI Scheduler(0)                                   |     2000 |     1000 |      838757 |     29272593 |      4096 |      0 |     1146736 |      0 |      0 |         0 
 79217 Thread 13 - RMI RenewClean-[10.231.182.152:36107]              |     1000 |        0 |       83210 |      7893253 |      1024 |      0 |           0 |      0 |      0 |         0 
 79218 Thread 14 - GC Daemon                                          |        0 |        0 |           0 |            0 |         0 |      0 |        4490 |      0 |      0 |         0 
 79220 Thread 15 - DecatonSubscriptionThread-decaton-benchmark        | 27860000 | 33921000 | 17332286919 | 602059702578 | 624907264 | 128000 | 21034228095 | 203664 |      0 |         0 
 79222 Thread 16 - kafka-coordinator-hear...hread | decaton-benchmark |   194000 |    47000 |    66276679 |   2346439593 |   6091776 |   5120 |    35189476 | 460868 |      0 |         0 
 79228 Thread 17 - PartitionProcessorThre...6c5-9f0e-baa8270e9999-0-0 |  1465000 |   481000 |   541323898 |  18970093011 |     34816 |      0 |  1633545158 |      0 |      0 |         0 
 79229 Thread 18 - PartitionProcessorThre...6c5-9f0e-baa8270e9999-0-1 |  1527000 |   499000 |   568062527 |  19765151269 |         0 |      0 |  1788103706 |      0 |      0 |         0 
 79230 Thread 19 - PartitionProcessorThre...6c5-9f0e-baa8270e9999-0-2 |  1489000 |   436000 |   539619156 |  18779349738 |         0 |      0 |  1555198657 |      0 |      0 |         0 
 79231 Thread 20 - PartitionProcessorThre...6c5-9f0e-baa8270e9999-0-3 |  1486000 |   469000 |   546485726 |  19069414206 |         0 |      0 |  1604924089 |      0 |      0 |         0 
 79232 Thread 21 - PartitionProcessorThre...6c5-9f0e-baa8270e9999-0-4 |  1483000 |   490000 |   552272234 |  19244606273 |         0 |      0 |  1560372632 |      0 |      0 |         0 
 79233 Thread 22 - PartitionProcessorThre...6c5-9f0e-baa8270e9999-0-5 |  1488000 |   457000 |   544420097 |  18971489956 |      6144 |      0 |  1700976365 |      0 |      0 |         0 
 79234 Thread 23 - PartitionProcessorThre...6c5-9f0e-baa8270e9999-0-6 |  1493000 |   493000 |   555622461 |  19371863855 |         0 |      0 |  1671684933 |      0 |      0 |         0 
 79235 Thread 24 - PartitionProcessorThre...6c5-9f0e-baa8270e9999-0-7 |  1478000 |   455000 |   543026308 |  18856395519 |         0 |      0 |  1466124668 |      0 |      0 |         0 
 79236 Thread 25 - PartitionProcessorThre...6c5-9f0e-baa8270e9999-0-8 |  1503000 |   472000 |   553325390 |  19265201847 |         0 |      0 |  1826954225 |      0 |      0 |         0 
 79237 Thread 26 - PartitionProcessorThre...6c5-9f0e-baa8270e9999-0-9 |  1429000 |   494000 |   538002941 |  18758440058 |         0 |      0 |  1443100036 |      0 |      0 |         0 
 79238 Thread 27 - PartitionProcessorThre...c5-9f0e-baa8270e9999-0-10 |  1480000 |   479000 |   547410672 |  19106855800 |         0 |      0 |  1496361087 |      0 |      0 |         0 
 79239 Thread 28 - PartitionProcessorThre...c5-9f0e-baa8270e9999-0-11 |  1492000 |   509000 |   559711136 |  19518135773 |         0 |      0 |  1545160580 |      0 |      0 |         0 
 79240 Thread 29 - PartitionProcessorThre...c5-9f0e-baa8270e9999-0-12 |  1466000 |   484000 |   545796941 |  19021265230 |         0 |      0 |  1467922532 |      0 |      0 |         0 
 79241 Thread 30 - PartitionProcessorThre...c5-9f0e-baa8270e9999-0-13 |  1502000 |   499000 |   559231406 |  19516127038 |         0 |      0 |  1544909259 |      0 |      0 |         0 
 79242 Thread 31 - PartitionProcessorThre...c5-9f0e-baa8270e9999-0-14 |  1481000 |   456000 |   541285406 |  18893905152 |         0 |      0 |  1576573303 |      0 |      0 |         0 
 79243 Thread 32 - PartitionProcessorThre...c5-9f0e-baa8270e9999-0-15 |  1456000 |   439000 |   531221844 |  18484793894 |         0 |      0 |  1419845233 |      0 |      0 |         0 
 79244 Thread 33 - PartitionProcessorThre...c5-9f0e-baa8270e9999-0-16 |  1416000 |   461000 |   524324742 |  18305599617 |      1024 |      0 |  1701054173 |      0 |      0 |         0 
 79245 Thread 34 - PartitionProcessorThre...c5-9f0e-baa8270e9999-0-17 |  1396000 |   469000 |   521812844 |  18190940101 |      2048 |      0 |  1492295397 |      0 |      0 |         0 
 79246 Thread 35 - PartitionProcessorThre...c5-9f0e-baa8270e9999-0-18 |  1495000 |   506000 |   557849566 |  19518642355 |         0 |      0 |  1591858234 |      0 |      0 |         0 
 79247 Thread 36 - PartitionProcessorThre...c5-9f0e-baa8270e9999-0-19 |  1471000 |   447000 |   537719277 |  18711069792 |         0 |      0 |  1496419962 |      0 |      0 |         0 
 79248 Thread 37 - PartitionProcessorThre...6c5-9f0e-baa8270e9999-1-0 |  1509000 |   463000 |   554571922 |  19248077909 |         0 |      0 |  1603185992 |      0 |      0 |         0 
 79249 Thread 38 - PartitionProcessorThre...6c5-9f0e-baa8270e9999-1-1 |  1453000 |   508000 |   551047949 |  19140677355 |         0 |      0 |  1486228780 |      0 |      0 |         0 
 79250 Thread 39 - PartitionProcessorThre...6c5-9f0e-baa8270e9999-1-2 |  1431000 |   487000 |   539418078 |  18720910402 |         0 |      0 |  1564695718 |      0 |      0 |         0 
 79251 Thread 40 - PartitionProcessorThre...6c5-9f0e-baa8270e9999-1-3 |  1464000 |   498000 |   551491566 |  19151063675 |         0 |      0 |  1536656356 |      0 |      0 |         0 
 79252 Thread 41 - PartitionProcessorThre...6c5-9f0e-baa8270e9999-1-4 |  1371000 |   473000 |   518281023 |  17998704062 |         0 |      0 |  1663761618 |      0 |      0 |         0 
 79253 Thread 42 - PartitionProcessorThre...6c5-9f0e-baa8270e9999-1-5 |  1416000 |   487000 |   534689734 |  18574628015 |         0 |      0 |  1422898243 |      0 |      0 |         0 
 79254 Thread 43 - PartitionProcessorThre...6c5-9f0e-baa8270e9999-1-6 |  1454000 |   416000 |   526416187 |  18253309097 |         0 |      0 |  1504110454 |      0 |      0 |         0 
 79255 Thread 44 - PartitionProcessorThre...6c5-9f0e-baa8270e9999-1-7 |  1503000 |   440000 |   547219683 |  18964960206 |         0 |      0 |  1576320083 |      0 |      0 |         0 
 79256 Thread 45 - PartitionProcessorThre...6c5-9f0e-baa8270e9999-1-8 |  1448000 |   479000 |   540477758 |  18808797167 |      1024 |      0 |  1520111925 |      0 |      0 |         0 
 79257 Thread 46 - PartitionProcessorThre...6c5-9f0e-baa8270e9999-1-9 |  1444000 |   525000 |   554779566 |  19219302503 |         0 |      0 |  1768441354 |      0 |      0 |         0 
 79258 Thread 47 - PartitionProcessorThre...c5-9f0e-baa8270e9999-1-10 |  1362000 |   471000 |   514552691 |  17890046574 |         0 |      0 |  1422454544 |      0 |      0 |         0 
 79259 Thread 48 - PartitionProcessorThre...c5-9f0e-baa8270e9999-1-11 |  1437000 |   461000 |   533002078 |  18526604659 |         0 |      0 |  1484536671 |      0 |      0 |         0 
 79260 Thread 49 - PartitionProcessorThre...c5-9f0e-baa8270e9999-1-12 |  1464000 |   436000 |   533763023 |  18544741152 |         0 |      0 |  1574822435 |      0 |      0 |         0 
 79261 Thread 50 - PartitionProcessorThre...c5-9f0e-baa8270e9999-1-13 |  1454000 |   525000 |   556473781 |  19315637499 |         0 |      0 |  1668014074 |      0 |      0 |         0 
 79262 Thread 51 - PartitionProcessorThre...c5-9f0e-baa8270e9999-1-14 |  1409000 |   472000 |   528886437 |  18359964245 |         0 |      0 |  1801062961 |      0 |      0 |         0 
 79263 Thread 52 - PartitionProcessorThre...c5-9f0e-baa8270e9999-1-15 |  1417000 |   481000 |   533009629 |  18525259577 |         0 |      0 |  1768319859 |      0 |      0 |         0 
 79264 Thread 53 - PartitionProcessorThre...c5-9f0e-baa8270e9999-1-16 |  1506000 |   464000 |   554281679 |  19228937378 |         0 |      0 |  1732581635 |      0 |      0 |         0 
 79265 Thread 54 - PartitionProcessorThre...c5-9f0e-baa8270e9999-1-17 |  1391000 |   483000 |   527847390 |  18292532242 |         0 |      0 |  1474328333 |      0 |      0 |         0 
 79266 Thread 55 - PartitionProcessorThre...c5-9f0e-baa8270e9999-1-18 |  1429000 |   496000 |   541383535 |  18790169527 |         0 |      0 |  1474824330 |      0 |      0 |         0 
 79267 Thread 56 - PartitionProcessorThre...c5-9f0e-baa8270e9999-1-19 |  1446000 |   468000 |   539129582 |  18682531331 |         0 |      0 |  1622631910 |      0 |      0 |         0 
 79268 Thread 57 - PartitionProcessorThre...6c5-9f0e-baa8270e9999-2-0 |  1366000 |   443000 |   511183926 |  17657616214 |         0 |      0 |  1430331843 |      0 |      0 |         0 
 79269 Thread 58 - PartitionProcessorThre...6c5-9f0e-baa8270e9999-2-1 |  1467000 |   487000 |   552271859 |  19072926409 |         0 |      0 |  1440968847 |      0 |      0 |         0 
 79270 Thread 59 - PartitionProcessorThre...6c5-9f0e-baa8270e9999-2-2 |  1446000 |   501000 |   549286000 |  19004575413 |         0 |      0 |  1431681401 |      0 |      0 |         0 
 79271 Thread 60 - PartitionProcessorThre...6c5-9f0e-baa8270e9999-2-3 |  1471000 |   510000 |   559502011 |  19337253659 |         0 |      0 |  1612720460 |      0 |      0 |         0 
 79272 Thread 61 - PartitionProcessorThre...6c5-9f0e-baa8270e9999-2-4 |  1428000 |   507000 |   546137746 |  18887283628 |         0 |      0 |  1597285194 |      0 |      0 |         0 
 79273 Thread 62 - PartitionProcessorThre...6c5-9f0e-baa8270e9999-2-5 |  1418000 |   498000 |   540737480 |  18702126167 |         0 |      0 |  1535567516 |      0 |      0 |         0 
 79274 Thread 63 - PartitionProcessorThre...6c5-9f0e-baa8270e9999-2-6 |  1513000 |   467000 |   558904609 |  19326466167 |         0 |      0 |  1667035403 |      0 |      0 |         0 
 79275 Thread 64 - PartitionProcessorThre...6c5-9f0e-baa8270e9999-2-7 |  1412000 |   470000 |   531664676 |  18370072050 |         0 |      0 |  1553459098 |      0 |      0 |         0 
 79276 Thread 65 - PartitionProcessorThre...6c5-9f0e-baa8270e9999-2-8 |  1379000 |   444000 |   514315340 |  17794377706 |         0 |      0 |  1581674518 |      0 |      0 |         0 
 79277 Thread 66 - PartitionProcessorThre...6c5-9f0e-baa8270e9999-2-9 |  1500000 |   484000 |   559564015 |  19365839612 |         0 |      0 |  1475385907 |      0 |      0 |         0 
 79278 Thread 67 - PartitionProcessorThre...c5-9f0e-baa8270e9999-2-10 |  1477000 |   460000 |   547366461 |  18906642636 |         0 |      0 |  1651332923 |      0 |      0 |         0 
 79279 Thread 68 - PartitionProcessorThre...c5-9f0e-baa8270e9999-2-11 |  1393000 |   472000 |   526733238 |  18202976792 |         0 |      0 |  1565011021 |      0 |      0 |         0 
 79280 Thread 69 - PartitionProcessorThre...c5-9f0e-baa8270e9999-2-12 |  1392000 |   494000 |   533301203 |  18408757851 |         0 |      0 |  1656193669 |      0 |      0 |         0 
 79281 Thread 70 - PartitionProcessorThre...c5-9f0e-baa8270e9999-2-13 |  1361000 |   470000 |   517444898 |  17872250691 |         0 |      0 |  1535772741 |      0 |      0 |         0 
 79282 Thread 71 - PartitionProcessorThre...c5-9f0e-baa8270e9999-2-14 |  1474000 |   493000 |   554667582 |  19198837987 |         0 |      0 |  1504257455 |      0 |      0 |         0 
 79283 Thread 72 - PartitionProcessorThre...c5-9f0e-baa8270e9999-2-15 |  1465000 |   462000 |   544876324 |  18808942480 |         0 |      0 |  1585485894 |      0 |      0 |         0 
 79284 Thread 73 - PartitionProcessorThre...c5-9f0e-baa8270e9999-2-16 |  1466000 |   438000 |   537751344 |  18584612894 |         0 |      0 |  1728331086 |      0 |      0 |         0 
 79285 Thread 74 - PartitionProcessorThre...c5-9f0e-baa8270e9999-2-17 |  1431000 |   459000 |   533245984 |  18447352027 |         0 |      0 |  1574311009 |      0 |      0 |         0 
 79286 Thread 75 - PartitionProcessorThre...c5-9f0e-baa8270e9999-2-18 |  1415000 |   452000 |   527291074 |  18223053652 |         0 |      0 |  1455134695 |      0 |      0 |         0 
 79287 Thread 76 - PartitionProcessorThre...c5-9f0e-baa8270e9999-2-19 |  1401000 |   443000 |   521838875 |  17998848128 |         0 |      0 |  1572413693 |      0 |      0 |         0 
 79579 Thread 77 - process reaper                                     |     1000 |     2000 |      881003 |     29365445 |         0 |      0 |      619703 |      0 |      0 |         0 
 79586 Thread 78 - Attach Listener                                    |   433000 |    91000 |   150436081 |   5121924780 |   5144576 | 194560 |     2164801 |      0 |      0 |         0 
