                                 Task                                  |  utime   |  stime   |     rss     |     vmem     |   read    | write  |    d:cpu    | d:bio  | d:swap | d:reclaim 
 109178 Thread 1 - main                                                |   832000 |   115000 |    62048353 |   7268062048 |  34258944 |   1024 |     8935139 |      0 |      0 |         0 
 109201 Thread 2 - Reference Handler                                   |     9000 |        0 |     1208433 |     76806796 |         0 |      0 |     1652912 |      0 |      0 |         0 
 109202 Thread 3 - Finalizer                                           |    11000 |        0 |      977054 |     87419011 |      5120 |      0 |       50738 |      0 |      0 |         0 
 109203 Thread 4 - Surrogate Locker Thread (Concurrent GC)             |        0 |        0 |           0 |            0 |         0 |      0 |       11178 |      0 |      0 |         0 
 109204 Thread 5 - Signal Dispatcher                                   |        0 |        0 |           0 |            0 |         0 |      0 |           0 |      0 |      0 |         0 
 109213 Thread 12 - RMI Scheduler(0)                                   |     1000 |        0 |      289296 |      9757519 |      4096 |      0 |       19990 |      0 |      0 |         0 
 109214 Thread 13 - RMI RenewClean-[10.231.182.152:43757]              |     1000 |        0 |       81890 |      7893242 |      1024 |      0 |       13711 |      0 |      0 |         0 
 109215 Thread 14 - GC Daemon                                          |        0 |        0 |           0 |            0 |         0 |      0 |           0 |      0 |      0 |         0 
 109217 Thread 15 - DecatonSubscriptionThread-decaton-benchmark        | 28399000 | 34264000 | 18155283126 | 610737721735 | 624971776 | 126976 | 19183676195 | 268645 |      0 |         0 
 109219 Thread 16 - kafka-coordinator-hear...hread | decaton-benchmark |   205000 |    46000 |    71320132 |   2442191721 |   6021120 |   4096 |    24155665 | 249031 |      0 |         0 
 109223 Thread 17 - PartitionProcessorThre...c2b-8cf4-47ed25ae5451-1-0 |  1289000 |   461000 |   505642976 |  17072892275 |         0 |      0 |  1505020766 |      0 |      0 |         0 
 109224 Thread 18 - PartitionProcessorThre...c2b-8cf4-47ed25ae5451-1-1 |  1378000 |   505000 |   543482343 |  18355266900 |     41984 |      0 |  1691074334 |      0 |      0 |         0 
 109225 Thread 19 - PartitionProcessorThre...c2b-8cf4-47ed25ae5451-1-2 |  1247000 |   490000 |   502278500 |  16945917240 |         0 |      0 |  1616377968 |      0 |      0 |         0 
 109226 Thread 20 - PartitionProcessorThre...c2b-8cf4-47ed25ae5451-1-3 |  1299000 |   446000 |   505130484 |  17025020142 |         0 |      0 |  1641613907 |      0 |      0 |         0 
 109227 Thread 21 - PartitionProcessorThre...c2b-8cf4-47ed25ae5451-1-4 |  1290000 |   487000 |   512902707 |  17335671873 |         0 |      0 |  1639836114 |      0 |      0 |         0 
 109228 Thread 22 - PartitionProcessorThre...c2b-8cf4-47ed25ae5451-1-5 |  1318000 |   454000 |   511928937 |  17285657310 |         0 |      0 |  1483293481 |      0 |      0 |         0 
 109229 Thread 23 - PartitionProcessorThre...c2b-8cf4-47ed25ae5451-1-6 |  1340000 |   516000 |   535499906 |  18107278759 |         0 |      0 |  1665731305 |      0 |      0 |         0 
 109230 Thread 24 - PartitionProcessorThre...c2b-8cf4-47ed25ae5451-1-7 |  1356000 |   487000 |   530797546 |  17979599021 |         0 |      0 |  1771170690 |      0 |      0 |         0 
 109231 Thread 25 - PartitionProcessorThre...c2b-8cf4-47ed25ae5451-1-8 |  1364000 |   481000 |   532570210 |  18000940294 |         0 |      0 |  1605110347 |      0 |      0 |         0 
 109232 Thread 26 - PartitionProcessorThre...c2b-8cf4-47ed25ae5451-1-9 |  1352000 |   446000 |   518470726 |  17540784873 |         0 |      0 |  1722754576 |      0 |      0 |         0 
 109233 Thread 27 - PartitionProcessorThre...2b-8cf4-47ed25ae5451-1-10 |  1362000 |   493000 |   535686031 |  18098421232 |         0 |      0 |  1767512394 |      0 |      0 |         0 
 109234 Thread 28 - PartitionProcessorThre...2b-8cf4-47ed25ae5451-1-11 |  1332000 |   477000 |   523428722 |  17650638158 |      1024 |      0 |  1575262299 |      0 |      0 |         0 
 109235 Thread 29 - PartitionProcessorThre...2b-8cf4-47ed25ae5451-1-12 |  1358000 |   480000 |   528659675 |  17931227080 |         0 |      0 |  1673717312 |      0 |      0 |         0 
 109236 Thread 30 - PartitionProcessorThre...2b-8cf4-47ed25ae5451-1-13 |  1412000 |   482000 |   547520417 |  18477992521 |         0 |      0 |  1641598627 |      0 |      0 |         0 
 109237 Thread 31 - PartitionProcessorThre...2b-8cf4-47ed25ae5451-1-14 |  1444000 |   490000 |   559641640 |  18871046935 |         0 |      0 |  1621875260 |      0 |      0 |         0 
 109238 Thread 32 - PartitionProcessorThre...2b-8cf4-47ed25ae5451-1-15 |  1390000 |   477000 |   541271972 |  18217475103 |         0 |      0 |  1590606116 |      0 |      0 |         0 
 109239 Thread 33 - PartitionProcessorThre...2b-8cf4-47ed25ae5451-1-16 |  1371000 |   498000 |   542087265 |  18238994412 |         0 |      0 |  1691310932 |      0 |      0 |         0 
 109240 Thread 34 - PartitionProcessorThre...2b-8cf4-47ed25ae5451-1-17 |  1306000 |   462000 |   513442660 |  17252284092 |         0 |      0 |  1614260131 |      0 |      0 |         0 
 109241 Thread 35 - PartitionProcessorThre...2b-8cf4-47ed25ae5451-1-18 |  1230000 |   486000 |   496138457 |  16744047982 |         0 |      0 |  1580787230 |      0 |      0 |         0 
 109242 Thread 36 - PartitionProcessorThre...2b-8cf4-47ed25ae5451-1-19 |  1280000 |   462000 |   503001910 |  16994874709 |         0 |      0 |  1643386378 |      0 |      0 |         0 
 109243 Thread 37 - PartitionProcessorThre...c2b-8cf4-47ed25ae5451-2-0 |  1303000 |   436000 |   505138777 |  16973731365 |         0 |      0 |  1610722642 |      0 |      0 |         0 
 109244 Thread 38 - PartitionProcessorThre...c2b-8cf4-47ed25ae5451-2-1 |  1398000 |   467000 |   539633343 |  18202711267 |         0 |      0 |  1677945667 |      0 |      0 |         0 
 109245 Thread 39 - PartitionProcessorThre...c2b-8cf4-47ed25ae5451-2-2 |  1401000 |   504000 |   552610777 |  18592998208 |         0 |      0 |  1523833630 |      0 |      0 |         0 
 109246 Thread 40 - PartitionProcessorThre...c2b-8cf4-47ed25ae5451-2-3 |  1366000 |   479000 |   536968417 |  18007930076 |         0 |      0 |  1629112344 |      0 |      0 |         0 
 109247 Thread 41 - PartitionProcessorThre...c2b-8cf4-47ed25ae5451-2-4 |  1287000 |   473000 |   510521789 |  17178816537 |         0 |      0 |  1690953761 |      0 |      0 |         0 
 109248 Thread 42 - PartitionProcessorThre...c2b-8cf4-47ed25ae5451-2-5 |  1356000 |   454000 |   525561148 |  17666221154 |         0 |      0 |  1734663559 |      0 |      0 |         0 
 109249 Thread 43 - PartitionProcessorThre...c2b-8cf4-47ed25ae5451-2-6 |  1330000 |   479000 |   525204597 |  17656117334 |         0 |      0 |  1681396666 |      0 |      0 |         0 
 109250 Thread 44 - PartitionProcessorThre...c2b-8cf4-47ed25ae5451-2-7 |  1320000 |   442000 |   512416398 |  17197991513 |         0 |      0 |  1555911218 |      0 |      0 |         0 
 109251 Thread 45 - PartitionProcessorThre...c2b-8cf4-47ed25ae5451-2-8 |  1364000 |   445000 |   525688335 |  17657313013 |         0 |      0 |  1765621394 |      0 |      0 |         0 
 109252 Thread 46 - PartitionProcessorThre...c2b-8cf4-47ed25ae5451-2-9 |  1395000 |   481000 |   542133257 |  18310666095 |         0 |      0 |  1597305855 |      0 |      0 |         0 
 109253 Thread 47 - PartitionProcessorThre...2b-8cf4-47ed25ae5451-2-10 |  1242000 |   444000 |   488271492 |  16455590514 |         0 |      0 |  1757379403 |      0 |      0 |         0 
 109254 Thread 48 - PartitionProcessorThre...2b-8cf4-47ed25ae5451-2-11 |  1438000 |   416000 |   536871109 |  18095725857 |         0 |      0 |  1640596603 |      0 |      0 |         0 
 109255 Thread 49 - PartitionProcessorThre...2b-8cf4-47ed25ae5451-2-12 |  1353000 |   481000 |   530699421 |  17900619209 |         0 |      0 |  1652875796 |      0 |      0 |         0 
 109256 Thread 50 - PartitionProcessorThre...2b-8cf4-47ed25ae5451-2-13 |  1385000 |   443000 |   529307093 |  17842200369 |         0 |      0 |  1843648874 |      0 |      0 |         0 
 109257 Thread 51 - PartitionProcessorThre...2b-8cf4-47ed25ae5451-2-14 |  1299000 |   457000 |   509635722 |  17139940631 |         0 |      0 |  1677918017 |      0 |      0 |         0 
 109258 Thread 52 - PartitionProcessorThre...2b-8cf4-47ed25ae5451-2-15 |  1394000 |   469000 |   538968804 |  18183796853 |         0 |      0 |  1464771666 |      0 |      0 |         0 
 109259 Thread 53 - PartitionProcessorThre...2b-8cf4-47ed25ae5451-2-16 |  1433000 |   456000 |   548388624 |  18437105951 |         0 |      0 |  1473050719 |      0 |      0 |         0 
 109260 Thread 54 - PartitionProcessorThre...2b-8cf4-47ed25ae5451-2-17 |  1285000 |   487000 |   515654226 |  17295134502 |         0 |      0 |  1614560389 |      0 |      0 |         0 
 109261 Thread 55 - PartitionProcessorThre...2b-8cf4-47ed25ae5451-2-18 |  1369000 |   546000 |   556148034 |  18690326490 |         0 |      0 |  1697105360 |      0 |      0 |         0 
 109262 Thread 56 - PartitionProcessorThre...2b-8cf4-47ed25ae5451-2-19 |  1370000 |   458000 |   529952113 |  17841493544 |         0 |      0 |  1668601931 |      0 |      0 |         0 
 109263 Thread 57 - PartitionProcessorThre...c2b-8cf4-47ed25ae5451-0-0 |  1348000 |   463000 |   526438281 |  17675885783 |         0 |      0 |  1547132796 |      0 |      0 |         0 
 109264 Thread 58 - PartitionProcessorThre...c2b-8cf4-47ed25ae5451-0-1 |  1362000 |   441000 |   524430554 |  17597470892 |         0 |      0 |  1777265999 |      0 |      0 |         0 
 109265 Thread 59 - PartitionProcessorThre...c2b-8cf4-47ed25ae5451-0-2 |  1343000 |   494000 |   534215558 |  17929628455 |         0 |      0 |  1722643813 |      0 |      0 |         0 
 109266 Thread 60 - PartitionProcessorThre...c2b-8cf4-47ed25ae5451-0-3 |  1309000 |   438000 |   508202847 |  17050750084 |         0 |      0 |  1767541845 |      0 |      0 |         0 
 109267 Thread 61 - PartitionProcessorThre...c2b-8cf4-47ed25ae5451-0-4 |  1384000 |   408000 |   519898613 |  17491102170 |         0 |      0 |  1561864752 |      0 |      0 |         0 
 109268 Thread 62 - PartitionProcessorThre...c2b-8cf4-47ed25ae5451-0-5 |  1351000 |   438000 |   521183941 |  17462259619 |         0 |      0 |  1691124658 |      0 |      0 |         0 
 109269 Thread 63 - PartitionProcessorThre...c2b-8cf4-47ed25ae5451-0-6 |  1399000 |   467000 |   542536300 |  18213473794 |         0 |      0 |  1495418423 |      0 |      0 |         0 
 109270 Thread 64 - PartitionProcessorThre...c2b-8cf4-47ed25ae5451-0-7 |  1296000 |   430000 |   501367586 |  16846695353 |         0 |      0 |  1472208633 |      0 |      0 |         0 
 109271 Thread 65 - PartitionProcessorThre...c2b-8cf4-47ed25ae5451-0-8 |  1257000 |   470000 |   502348992 |  16856288662 |         0 |      0 |  1598832436 |      0 |      0 |         0 
 109272 Thread 66 - PartitionProcessorThre...c2b-8cf4-47ed25ae5451-0-9 |  1301000 |   441000 |   504947355 |  17002306971 |         0 |      0 |  1611320862 |      0 |      0 |         0 
 109273 Thread 67 - PartitionProcessorThre...2b-8cf4-47ed25ae5451-0-10 |  1346000 |   442000 |   517969824 |  17451635869 |         0 |      0 |  1625971206 |      0 |      0 |         0 
 109274 Thread 68 - PartitionProcessorThre...2b-8cf4-47ed25ae5451-0-11 |  1292000 |   508000 |   523756054 |  17568817244 |         0 |      0 |  1603131761 |      0 |      0 |         0 
 109275 Thread 69 - PartitionProcessorThre...2b-8cf4-47ed25ae5451-0-12 |  1321000 |   468000 |   520317277 |  17461943841 |         0 |      0 |  1656699685 |      0 |      0 |         0 
 109276 Thread 70 - PartitionProcessorThre...2b-8cf4-47ed25ae5451-0-13 |  1349000 |   481000 |   532289312 |  17861772486 |         0 |      0 |  1725068062 |      0 |      0 |         0 
 109277 Thread 71 - PartitionProcessorThre...2b-8cf4-47ed25ae5451-0-14 |  1332000 |   468000 |   523196597 |  17569358662 |         0 |      0 |  1661868482 |      0 |      0 |         0 
 109278 Thread 72 - PartitionProcessorThre...2b-8cf4-47ed25ae5451-0-15 |  1357000 |   496000 |   538416339 |  18086134005 |         0 |      0 |  1737678706 |      0 |      0 |         0 
 109279 Thread 73 - PartitionProcessorThre...2b-8cf4-47ed25ae5451-0-16 |  1349000 |   477000 |   528833378 |  17822713701 |      1024 |      0 |  1698487643 |      0 |      0 |         0 
 109280 Thread 74 - PartitionProcessorThre...2b-8cf4-47ed25ae5451-0-17 |  1288000 |   451000 |   504383035 |  16973264068 |      1024 |      0 |  1645992295 |      0 |      0 |         0 
 109281 Thread 75 - PartitionProcessorThre...2b-8cf4-47ed25ae5451-0-18 |  1368000 |   433000 |   523086121 |  17578833127 |         0 |      0 |  1669824888 |      0 |      0 |         0 
 109282 Thread 76 - PartitionProcessorThre...2b-8cf4-47ed25ae5451-0-19 |  1295000 |   478000 |   515101406 |  17304847490 |         0 |      0 |  1593036861 |      0 |      0 |         0 
 109698 Thread 77 - process reaper                                     |     1000 |     1000 |      602421 |     19571671 |         0 |      0 |        1895 |      0 |      0 |         0 
 109703 Thread 78 - Attach Listener                                    |   422000 |   103000 |   156429092 |   5131751573 |   5144576 | 172032 |     1629292 |      0 |      0 |         0 
