                                 Task                                 |  utime   |  stime   |     rss     |     vmem     |   read    | write  |    d:cpu    | d:bio  | d:swap | d:reclaim 
 99038 Thread 1 - main                                                |   807000 |   142000 |    64001181 |   7288857681 |  34339840 |   1024 |     6845701 |      0 |      0 |         0 
 99060 Thread 2 - Reference Handler                                   |     4000 |        0 |      437160 |     33100066 |         0 |      0 |     1718104 |      0 |      0 |         0 
 99061 Thread 3 - Finalizer                                           |     4000 |     1000 |      368015 |     38091757 |      5120 |      0 |     3660036 |      0 |      0 |         0 
 99062 Thread 4 - Surrogate Locker Thread (Concurrent GC)             |     1000 |     1000 |      130503 |     15193585 |         0 |      0 |       14765 |      0 |      0 |         0 
 99063 Thread 5 - Signal Dispatcher                                   |        0 |     1000 |      302847 |      9757761 |         0 |      0 |           0 |      0 |      0 |         0 
 99072 Thread 12 - RMI Scheduler(0)                                   |     2000 |        0 |      380050 |     17520792 |      4096 |      0 |       93270 |      0 |      0 |         0 
 99073 Thread 13 - RMI RenewClean-[10.231.182.152:44360]              |        0 |        0 |           0 |            0 |      1024 |      0 |           0 |      0 |      0 |         0 
 99074 Thread 14 - GC Daemon                                          |        0 |        0 |           0 |            0 |         0 |      0 |        1031 |      0 |      0 |         0 
 99077 Thread 15 - DecatonSubscriptionThread-decaton-benchmark        | 27030000 | 34596000 | 18343454492 | 600480373893 | 574431232 | 137216 | 18975043905 |  74570 |      0 |         0 
 99078 Thread 16 - kafka-coordinator-hear...hread | decaton-benchmark |   223000 |    46000 |    79552105 |   2619510147 |   5291008 |   5120 |    19566303 | 469457 |      0 |         0 
 99082 Thread 17 - PartitionProcessorThre...baf-96b3-f930b5a3c982-1-0 |  1211000 |   416000 |   482061153 |  15857783527 |     34816 |      0 |  1044032325 |      0 |      0 |         0 
 99083 Thread 18 - PartitionProcessorThre...baf-96b3-f930b5a3c982-1-1 |  1229000 |   436000 |   494098731 |  16233224417 |      1024 |      0 |  1263006918 |      0 |      0 |         0 
 99084 Thread 19 - PartitionProcessorThre...baf-96b3-f930b5a3c982-1-2 |  1289000 |   412000 |   503177051 |  16589825987 |         0 |      0 |  1414317557 |      0 |      0 |         0 
 99085 Thread 20 - PartitionProcessorThre...baf-96b3-f930b5a3c982-1-3 |  1250000 |   405000 |   490760856 |  16136411046 |      7168 |      0 |  1271199640 |      0 |      0 |         0 
 99086 Thread 21 - PartitionProcessorThre...baf-96b3-f930b5a3c982-1-4 |  1291000 |   392000 |   499897742 |  16416503554 |         0 |      0 |  1164276097 |      0 |      0 |         0 
 99087 Thread 22 - PartitionProcessorThre...baf-96b3-f930b5a3c982-1-5 |  1327000 |   411000 |   515332648 |  16952753948 |         0 |      0 |  1161847269 |      0 |      0 |         0 
 99088 Thread 23 - PartitionProcessorThre...baf-96b3-f930b5a3c982-1-6 |  1246000 |   454000 |   506551500 |  16583936808 |         0 |      0 |  1421479909 |      0 |      0 |         0 
 99089 Thread 24 - PartitionProcessorThre...baf-96b3-f930b5a3c982-1-7 |  1359000 |   404000 |   525230820 |  17198500233 |         0 |      0 |  1446259536 |      0 |      0 |         0 
 99090 Thread 25 - PartitionProcessorThre...baf-96b3-f930b5a3c982-1-8 |  1336000 |   446000 |   529841164 |  17382864663 |         0 |      0 |  1401198302 |      0 |      0 |         0 
 99091 Thread 26 - PartitionProcessorThre...baf-96b3-f930b5a3c982-1-9 |  1264000 |   394000 |   492610137 |  16173266769 |         0 |      0 |  1332998246 |      0 |      0 |         0 
 99092 Thread 27 - PartitionProcessorThre...af-96b3-f930b5a3c982-1-10 |  1274000 |   422000 |   505322516 |  16541436644 |         0 |      0 |  1364586779 |      0 |      0 |         0 
 99093 Thread 28 - PartitionProcessorThre...af-96b3-f930b5a3c982-1-11 |  1295000 |   398000 |   502698778 |  16512122187 |         0 |      0 |  1445001738 |      0 |      0 |         0 
 99094 Thread 29 - PartitionProcessorThre...af-96b3-f930b5a3c982-1-12 |  1279000 |   403000 |   499541324 |  16403600523 |         0 |      0 |  1273147561 |      0 |      0 |         0 
 99095 Thread 30 - PartitionProcessorThre...af-96b3-f930b5a3c982-1-13 |  1279000 |   414000 |   504566098 |  16515527913 |         0 |      0 |  1103037039 |      0 |      0 |         0 
 99096 Thread 31 - PartitionProcessorThre...af-96b3-f930b5a3c982-1-14 |  1307000 |   407000 |   507519578 |  16717153226 |         0 |      0 |  1009151356 |      0 |      0 |         0 
 99097 Thread 32 - PartitionProcessorThre...af-96b3-f930b5a3c982-1-15 |  1336000 |   432000 |   524896344 |  17246529948 |         0 |      0 |  1239008763 |      0 |      0 |         0 
 99098 Thread 33 - PartitionProcessorThre...af-96b3-f930b5a3c982-1-16 |  1281000 |   414000 |   502961028 |  16533409195 |         0 |      0 |  1270456577 |      0 |      0 |         0 
 99099 Thread 34 - PartitionProcessorThre...af-96b3-f930b5a3c982-1-17 |  1284000 |   406000 |   500169879 |  16485174741 |      9216 |      0 |  1222619535 |      0 |      0 |         0 
 99100 Thread 35 - PartitionProcessorThre...af-96b3-f930b5a3c982-1-18 |  1214000 |   445000 |   492441770 |  16181657960 |         0 |      0 |  1190975630 |      0 |      0 |         0 
 99101 Thread 36 - PartitionProcessorThre...af-96b3-f930b5a3c982-1-19 |  1182000 |   447000 |   483073075 |  15889911972 |         0 |      0 |  1081023662 |      0 |      0 |         0 
 99102 Thread 37 - PartitionProcessorThre...baf-96b3-f930b5a3c982-2-0 |  1328000 |   405000 |   515815168 |  16910795327 |      1024 |      0 |  1191194446 |      0 |      0 |         0 
 99103 Thread 38 - PartitionProcessorThre...baf-96b3-f930b5a3c982-2-1 |  1303000 |   414000 |   511824164 |  16754404823 |         0 |      0 |  1378183431 |      0 |      0 |         0 
 99104 Thread 39 - PartitionProcessorThre...baf-96b3-f930b5a3c982-2-2 |  1208000 |   425000 |   484800528 |  15934758632 |         0 |      0 |  1094394074 |      0 |      0 |         0 
 99105 Thread 40 - PartitionProcessorThre...baf-96b3-f930b5a3c982-2-3 |  1270000 |   399000 |   497275821 |  16286377933 |         0 |      0 |  1415360510 |      0 |      0 |         0 
 99106 Thread 41 - PartitionProcessorThre...baf-96b3-f930b5a3c982-2-4 |  1284000 |   378000 |   495349242 |  16218075620 |         0 |      0 |  1402202846 |      0 |      0 |         0 
 99107 Thread 42 - PartitionProcessorThre...baf-96b3-f930b5a3c982-2-5 |  1236000 |   419000 |   492962391 |  16149767159 |         0 |      0 |  1214911746 |      0 |      0 |         0 
 99108 Thread 43 - PartitionProcessorThre...baf-96b3-f930b5a3c982-2-6 |  1280000 |   391000 |   497864082 |  16305877257 |         0 |      0 |  1252267616 |      0 |      0 |         0 
 99109 Thread 44 - PartitionProcessorThre...baf-96b3-f930b5a3c982-2-7 |  1285000 |   422000 |   509635750 |  16657234054 |         0 |      0 |  1216328689 |      0 |      0 |         0 
 99110 Thread 45 - PartitionProcessorThre...baf-96b3-f930b5a3c982-2-8 |  1266000 |   452000 |   512236352 |  16764598319 |         0 |      0 |  1108825611 |      0 |      0 |         0 
 99111 Thread 46 - PartitionProcessorThre...baf-96b3-f930b5a3c982-2-9 |  1254000 |   439000 |   503405184 |  16520454847 |         0 |      0 |  1156023372 |      0 |      0 |         0 
 99112 Thread 47 - PartitionProcessorThre...af-96b3-f930b5a3c982-2-10 |  1244000 |   419000 |   494911395 |  16227578863 |         0 |      0 |  1166303550 |      0 |      0 |         0 
 99113 Thread 48 - PartitionProcessorThre...af-96b3-f930b5a3c982-2-11 |  1245000 |   460000 |   508609586 |  16637801948 |  10831872 |      0 |  1097002763 |      0 |      0 |         0 
 99114 Thread 49 - PartitionProcessorThre...af-96b3-f930b5a3c982-2-12 |  1238000 |   417000 |   493488520 |  16149795988 |         0 |      0 |   978660506 |      0 |      0 |         0 
 99115 Thread 50 - PartitionProcessorThre...af-96b3-f930b5a3c982-2-13 |  1320000 |   395000 |   512535930 |  16735417464 |         0 |      0 |  1238319125 |      0 |      0 |         0 
 99116 Thread 51 - PartitionProcessorThre...af-96b3-f930b5a3c982-2-14 |  1296000 |   454000 |   522574332 |  17076815358 |         0 |      0 |  1292043854 |      0 |      0 |         0 
 99117 Thread 52 - PartitionProcessorThre...af-96b3-f930b5a3c982-2-15 |  1266000 |   460000 |   514718442 |  16842366734 |         0 |      0 |  1196480908 |      0 |      0 |         0 
 99118 Thread 53 - PartitionProcessorThre...af-96b3-f930b5a3c982-2-16 |  1270000 |   437000 |   508460922 |  16657200601 |         0 |      0 |  1117563276 |      0 |      0 |         0 
 99119 Thread 54 - PartitionProcessorThre...af-96b3-f930b5a3c982-2-17 |  1232000 |   432000 |   494627699 |  16237469945 |         0 |      0 |  1341505695 |      0 |      0 |         0 
 99120 Thread 55 - PartitionProcessorThre...af-96b3-f930b5a3c982-2-18 |  1282000 |   387000 |   499227149 |  16286692046 |         0 |      0 |  1091427563 |      0 |      0 |         0 
 99121 Thread 56 - PartitionProcessorThre...af-96b3-f930b5a3c982-2-19 |  1360000 |   426000 |   533540672 |  17428121796 |         0 |      0 |  1260195412 |      0 |      0 |         0 
 99122 Thread 57 - PartitionProcessorThre...baf-96b3-f930b5a3c982-0-0 |  1236000 |   417000 |   495463110 |  16130412347 |         0 |      0 |  1257750137 |      0 |      0 |         0 
 99123 Thread 58 - PartitionProcessorThre...baf-96b3-f930b5a3c982-0-1 |  1256000 |   410000 |   499489727 |  16257499948 |         0 |      0 |  1131328541 |      0 |      0 |         0 
 99124 Thread 59 - PartitionProcessorThre...baf-96b3-f930b5a3c982-0-2 |  1354000 |   423000 |   532597000 |  17340202245 |         0 |      0 |  1027867421 |      0 |      0 |         0 
 99125 Thread 60 - PartitionProcessorThre...baf-96b3-f930b5a3c982-0-3 |  1310000 |   381000 |   506895051 |  16501098710 |         0 |      0 |  1259289984 |      0 |      0 |         0 
 99126 Thread 61 - PartitionProcessorThre...baf-96b3-f930b5a3c982-0-4 |  1250000 |   402000 |   494439285 |  16120478566 |         0 |      0 |  1055352430 |      0 |      0 |         0 
 99127 Thread 62 - PartitionProcessorThre...baf-96b3-f930b5a3c982-0-5 |  1261000 |   420000 |   504018199 |  16403903804 |         0 |      0 |  1077230981 |      0 |      0 |         0 
 99128 Thread 63 - PartitionProcessorThre...baf-96b3-f930b5a3c982-0-6 |  1323000 |   417000 |   520517969 |  16978921054 |         0 |      0 |  1206332241 |      0 |      0 |         0 
 99129 Thread 64 - PartitionProcessorThre...baf-96b3-f930b5a3c982-0-7 |  1250000 |   418000 |   499813098 |  16276740726 |         0 |      0 |  1177102966 |      0 |      0 |         0 
 99130 Thread 65 - PartitionProcessorThre...baf-96b3-f930b5a3c982-0-8 |  1298000 |   405000 |   509322246 |  16617898109 |         0 |      0 |  1128002603 |      0 |      0 |         0 
 99131 Thread 66 - PartitionProcessorThre...baf-96b3-f930b5a3c982-0-9 |  1208000 |   417000 |   487482723 |  15857182546 |         0 |      0 |  1162453249 |      0 |      0 |         0 
 99132 Thread 67 - PartitionProcessorThre...af-96b3-f930b5a3c982-0-10 |  1258000 |   393000 |   495360000 |  16110988554 |         0 |      0 |  1210327818 |      0 |      0 |         0 
 99133 Thread 68 - PartitionProcessorThre...af-96b3-f930b5a3c982-0-11 |  1248000 |   407000 |   496005453 |  16150046253 |         0 |      0 |  1140445855 |      0 |      0 |         0 
 99134 Thread 69 - PartitionProcessorThre...af-96b3-f930b5a3c982-0-12 |  1297000 |   462000 |   526925442 |  17164744194 |         0 |      0 |  1210400400 |      0 |      0 |         0 
 99135 Thread 70 - PartitionProcessorThre...af-96b3-f930b5a3c982-0-13 |  1232000 |   417000 |   494006602 |  16091288070 |         0 |      0 |  1071747690 |      0 |      0 |         0 
 99136 Thread 71 - PartitionProcessorThre...af-96b3-f930b5a3c982-0-14 |  1319000 |   370000 |   506250793 |  16481562925 |         0 |      0 |  1126956394 |      0 |      0 |         0 
 99137 Thread 72 - PartitionProcessorThre...af-96b3-f930b5a3c982-0-15 |  1288000 |   407000 |   508737918 |  16540148866 |         0 |      0 |  1292659809 |      0 |      0 |         0 
 99138 Thread 73 - PartitionProcessorThre...af-96b3-f930b5a3c982-0-16 |  1238000 |   427000 |   499991613 |  16247559230 |         0 |      0 |  1296076661 |      0 |      0 |         0 
 99139 Thread 74 - PartitionProcessorThre...af-96b3-f930b5a3c982-0-17 |  1244000 |   431000 |   501219082 |  16344776132 |         0 |      0 |  1340021616 |      0 |      0 |         0 
 99140 Thread 75 - PartitionProcessorThre...af-96b3-f930b5a3c982-0-18 |  1275000 |   476000 |   525320215 |  17086595761 |         0 |      0 |  1381797513 |      0 |      0 |         0 
 99141 Thread 76 - PartitionProcessorThre...af-96b3-f930b5a3c982-0-19 |  1224000 |   384000 |   481891942 |  15691556746 |         0 |      0 |  1290636792 |      0 |      0 |         0 
 99609 Thread 77 - process reaper                                     |     2000 |        0 |      615523 |     19572492 |         0 |      0 |       32402 |      0 |      0 |         0 
 99614 Thread 78 - Attach Listener                                    |   446000 |   100000 |   166672135 |   5336932940 |   4931584 | 149504 |     1480941 |      0 |      0 |         0 
