                                 Task                                 |  utime   |  stime   |     rss     |     vmem     |   read    | write  |    d:cpu    | d:bio  | d:swap | d:reclaim 
 17702 Thread 1 - main                                                |   598000 |    80000 |    41801651 |   5120404412 |  21194752 |   1024 |     7883868 |      0 |      0 |         0 
 17724 Thread 2 - Reference Handler                                   |     5000 |     2000 |      712808 |     54442050 |         0 |      0 |     5296110 |      0 |      0 |         0 
 17725 Thread 3 - Finalizer                                           |     6000 |     1000 |      600476 |     53528578 |     13312 |      0 |     3248194 |      0 |      0 |         0 
 17726 Thread 4 - Surrogate Locker Thread (Concurrent GC)             |        0 |        0 |           0 |            0 |         0 |      0 |       18717 |      0 |      0 |         0 
 17727 Thread 5 - Signal Dispatcher                                   |        0 |     1000 |       30003 |      7292277 |         0 |      0 |           0 |      0 |      0 |         0 
 17736 Thread 11 - DecatonSubscriptionThread-decaton-benchmark        | 29555000 | 32074000 | 18997152771 | 600147138615 | 636825600 | 126976 | 18169598685 | 150026 |      0 |         0 
 17737 Thread 13 - kafka-coordinator-hear...hread | decaton-benchmark |   156000 |    65000 |    67159007 |   2153205190 |   6151168 |   4096 |    17272511 | 311895 |      0 |         0 
 17740 Thread 14 - PartitionProcessorThre...97f-92a5-49e0674efcaf-0-0 |  1311000 |   463000 |   542356742 |  17273903113 |    155648 |      0 |  1503320045 |      0 |      0 |         0 
 17741 Thread 15 - PartitionProcessorThre...97f-92a5-49e0674efcaf-0-1 |  1250000 |   431000 |   516786168 |  16394207574 |         0 |      0 |  1423220400 |      0 |      0 |         0 
 17742 Thread 16 - PartitionProcessorThre...97f-92a5-49e0674efcaf-0-2 |  1327000 |   418000 |   537243797 |  17018675066 |      2048 |      0 |  1534985007 |      0 |      0 |         0 
 17743 Thread 17 - PartitionProcessorThre...97f-92a5-49e0674efcaf-0-3 |  1300000 |   448000 |   535335230 |  17045763527 |      1024 |      0 |  1174070265 |      0 |      0 |         0 
 17744 Thread 18 - PartitionProcessorThre...97f-92a5-49e0674efcaf-0-4 |  1328000 |   444000 |   544981754 |  17286428886 |         0 |      0 |  1500129446 |      0 |      0 |         0 
 17745 Thread 19 - PartitionProcessorThre...97f-92a5-49e0674efcaf-0-5 |  1282000 |   453000 |   534340238 |  16926743894 |         0 |      0 |  1397822373 |      0 |      0 |         0 
 17746 Thread 20 - PartitionProcessorThre...97f-92a5-49e0674efcaf-0-6 |  1279000 |   494000 |   545107215 |  17297615148 |         0 |      0 |  1504813121 |      0 |      0 |         0 
 17747 Thread 21 - PartitionProcessorThre...97f-92a5-49e0674efcaf-0-7 |  1303000 |   448000 |   537319016 |  17084499753 |      3072 |      0 |  1481523605 |      0 |      0 |         0 
 17748 Thread 22 - PartitionProcessorThre...97f-92a5-49e0674efcaf-0-8 |  1309000 |   457000 |   543774051 |  17232682722 |         0 |      0 |  1333872029 |      0 |      0 |         0 
 17749 Thread 23 - PartitionProcessorThre...97f-92a5-49e0674efcaf-0-9 |  1301000 |   447000 |   538090566 |  17054576343 |         0 |      0 |  1563133586 |      0 |      0 |         0 
 17750 Thread 24 - PartitionProcessorThre...7f-92a5-49e0674efcaf-0-10 |  1369000 |   432000 |   552129594 |  17570522890 |         0 |      0 |  1416477834 |      0 |      0 |         0 
 17751 Thread 25 - PartitionProcessorThre...7f-92a5-49e0674efcaf-0-11 |  1296000 |   468000 |   541411180 |  17208305742 |      1024 |      0 |  1347421895 |      0 |      0 |         0 
 17752 Thread 26 - PartitionProcessorThre...7f-92a5-49e0674efcaf-0-12 |  1343000 |   464000 |   554784949 |  17632018374 |      1024 |      0 |  1414539443 |      0 |      0 |         0 
 17753 Thread 27 - PartitionProcessorThre...7f-92a5-49e0674efcaf-0-13 |  1243000 |   474000 |   527996770 |  16753696382 |         0 |      0 |  1609473235 |      0 |      0 |         0 
 17754 Thread 28 - PartitionProcessorThre...7f-92a5-49e0674efcaf-0-14 |  1283000 |   433000 |   529356559 |  16743033355 |         0 |      0 |  1507582178 |      0 |      0 |         0 
 17755 Thread 29 - PartitionProcessorThre...7f-92a5-49e0674efcaf-0-15 |  1311000 |   500000 |   556328851 |  17668252179 |         0 |      0 |  1419360572 |      0 |      0 |         0 
 17756 Thread 30 - PartitionProcessorThre...7f-92a5-49e0674efcaf-0-16 |  1296000 |   488000 |   549713340 |  17406685687 |         0 |      0 |  1392201958 |      0 |      0 |         0 
 17757 Thread 31 - PartitionProcessorThre...7f-92a5-49e0674efcaf-0-17 |  1256000 |   451000 |   522687723 |  16652631019 |     40960 |      0 |  1260986352 |      0 |      0 |         0 
 17758 Thread 32 - PartitionProcessorThre...7f-92a5-49e0674efcaf-0-18 |  1328000 |   395000 |   530608774 |  16809259015 |         0 |      0 |  1377885408 |      0 |      0 |         0 
 17759 Thread 33 - PartitionProcessorThre...7f-92a5-49e0674efcaf-0-19 |  1196000 |   412000 |   494880606 |  15688730273 |         0 |      0 |  1316474606 |      0 |      0 |         0 
 17760 Thread 34 - PartitionProcessorThre...97f-92a5-49e0674efcaf-2-0 |  1222000 |   489000 |   530481953 |  16694607218 |         0 |      0 |  1345026071 |      0 |      0 |         0 
 17761 Thread 35 - PartitionProcessorThre...97f-92a5-49e0674efcaf-2-1 |  1217000 |   432000 |   512259379 |  16090707738 |         0 |      0 |  1414948882 |      0 |      0 |         0 
 17762 Thread 36 - PartitionProcessorThre...97f-92a5-49e0674efcaf-2-2 |  1240000 |   431000 |   517893777 |  16306220687 |         0 |      0 |  1089732013 |      0 |      0 |         0 
 17763 Thread 37 - PartitionProcessorThre...97f-92a5-49e0674efcaf-2-3 |  1296000 |   467000 |   548364000 |  17203661019 |         0 |      0 |  1272801700 |      0 |      0 |         0 
 17764 Thread 38 - PartitionProcessorThre...97f-92a5-49e0674efcaf-2-4 |  1237000 |   442000 |   522133231 |  16384620343 |         0 |      0 |  1317857247 |      0 |      0 |         0 
 17766 Thread 39 - PartitionProcessorThre...97f-92a5-49e0674efcaf-2-5 |  1273000 |   439000 |   530726949 |  16705563796 |         0 |      0 |  1407684281 |      0 |      0 |         0 
 17767 Thread 40 - PartitionProcessorThre...97f-92a5-49e0674efcaf-2-6 |  1265000 |   452000 |   533043055 |  16754319957 |         0 |      0 |  1150359795 |      0 |      0 |         0 
 17768 Thread 41 - PartitionProcessorThre...97f-92a5-49e0674efcaf-2-7 |  1278000 |   466000 |   542883902 |  17018879812 |         0 |      0 |  1260083096 |      0 |      0 |         0 
 17769 Thread 42 - PartitionProcessorThre...97f-92a5-49e0674efcaf-2-8 |  1244000 |   462000 |   531027211 |  16648571222 |         0 |      0 |  1198143603 |      0 |      0 |         0 
 17770 Thread 43 - PartitionProcessorThre...97f-92a5-49e0674efcaf-2-9 |  1327000 |   443000 |   550837957 |  17272243144 |         0 |      0 |  1183409921 |      0 |      0 |         0 
 17771 Thread 44 - PartitionProcessorThre...7f-92a5-49e0674efcaf-2-10 |  1334000 |   467000 |   560408156 |  17574598949 |         0 |      0 |  1346129710 |      0 |      0 |         0 
 17772 Thread 45 - PartitionProcessorThre...7f-92a5-49e0674efcaf-2-11 |  1303000 |   482000 |   553412980 |  17418769292 |         0 |      0 |  1452615443 |      0 |      0 |         0 
 17773 Thread 46 - PartitionProcessorThre...7f-92a5-49e0674efcaf-2-12 |  1340000 |   450000 |   556544894 |  17467271628 |         0 |      0 |  1337211019 |      0 |      0 |         0 
 17774 Thread 47 - PartitionProcessorThre...7f-92a5-49e0674efcaf-2-13 |  1318000 |   494000 |   563088508 |  17682409695 |         0 |      0 |  1402025268 |      0 |      0 |         0 
 17775 Thread 48 - PartitionProcessorThre...7f-92a5-49e0674efcaf-2-14 |  1278000 |   447000 |   534777578 |  16832954820 |         0 |      0 |  1318792537 |      0 |      0 |         0 
 17776 Thread 49 - PartitionProcessorThre...7f-92a5-49e0674efcaf-2-15 |  1267000 |   493000 |   546523375 |  17174103816 |         0 |      0 |  1443274885 |      0 |      0 |         0 
 17777 Thread 50 - PartitionProcessorThre...7f-92a5-49e0674efcaf-2-16 |  1232000 |   446000 |   520910008 |  16374401171 |         0 |      0 |  1235818314 |      0 |      0 |         0 
 17778 Thread 51 - PartitionProcessorThre...7f-92a5-49e0674efcaf-2-17 |  1265000 |   472000 |   537646742 |  16949159652 |         0 |      0 |  1338541847 |      0 |      0 |         0 
 17779 Thread 52 - PartitionProcessorThre...7f-92a5-49e0674efcaf-2-18 |  1258000 |   448000 |   528055797 |  16646878023 |         0 |      0 |  1298779282 |      0 |      0 |         0 
 17780 Thread 53 - PartitionProcessorThre...7f-92a5-49e0674efcaf-2-19 |  1169000 |   446000 |   500021684 |  15758458535 |         0 |      0 |  1517349136 |      0 |      0 |         0 
 17781 Thread 54 - PartitionProcessorThre...97f-92a5-49e0674efcaf-1-0 |  1271000 |   456000 |   536495227 |  16852859804 |         0 |      0 |  1329385362 |      0 |      0 |         0 
 17782 Thread 55 - PartitionProcessorThre...97f-92a5-49e0674efcaf-1-1 |  1218000 |   484000 |   529791039 |  16609429261 |         0 |      0 |  1173637805 |      0 |      0 |         0 
 17783 Thread 56 - PartitionProcessorThre...97f-92a5-49e0674efcaf-1-2 |  1208000 |   448000 |   513242254 |  16158275109 |         0 |      0 |  1385826364 |      0 |      0 |         0 
 17784 Thread 57 - PartitionProcessorThre...97f-92a5-49e0674efcaf-1-3 |  1283000 |   456000 |   539429344 |  16968299472 |         0 |      0 |  1294964119 |      0 |      0 |         0 
 17785 Thread 58 - PartitionProcessorThre...97f-92a5-49e0674efcaf-1-4 |  1317000 |   469000 |   552990465 |  17427099081 |         0 |      0 |  1335372896 |      0 |      0 |         0 
 17786 Thread 59 - PartitionProcessorThre...97f-92a5-49e0674efcaf-1-5 |  1289000 |   450000 |   539369844 |  16968689480 |         0 |      0 |  1380106278 |      0 |      0 |         0 
 17787 Thread 60 - PartitionProcessorThre...97f-92a5-49e0674efcaf-1-6 |  1264000 |   485000 |   543067957 |  17066982902 |         0 |      0 |  1384889905 |      0 |      0 |         0 
 17788 Thread 61 - PartitionProcessorThre...97f-92a5-49e0674efcaf-1-7 |  1241000 |   423000 |   517310371 |  16237064527 |         0 |      0 |  1282564523 |      0 |      0 |         0 
 17789 Thread 62 - PartitionProcessorThre...97f-92a5-49e0674efcaf-1-8 |  1255000 |   484000 |   539211770 |  16969110347 |         0 |      0 |  1362532913 |      0 |      0 |         0 
 17790 Thread 63 - PartitionProcessorThre...97f-92a5-49e0674efcaf-1-9 |  1203000 |   440000 |   510344531 |  16032235500 |         0 |      0 |  1215648698 |      0 |      0 |         0 
 17791 Thread 64 - PartitionProcessorThre...7f-92a5-49e0674efcaf-1-10 |  1241000 |   451000 |   525205449 |  16510950230 |         0 |      0 |  1269364871 |      0 |      0 |         0 
 17792 Thread 65 - PartitionProcessorThre...7f-92a5-49e0674efcaf-1-11 |  1162000 |   436000 |   497678153 |  15594028676 |         0 |      0 |  1455051028 |      0 |      0 |         0 
 17793 Thread 66 - PartitionProcessorThre...7f-92a5-49e0674efcaf-1-12 |  1270000 |   455000 |   535627902 |  16832823984 |         0 |      0 |  1498485704 |      0 |      0 |         0 
 17794 Thread 67 - PartitionProcessorThre...7f-92a5-49e0674efcaf-1-13 |  1333000 |   399000 |   538582754 |  16901201261 |      1024 |      0 |  1366821821 |      0 |      0 |         0 
 17795 Thread 68 - PartitionProcessorThre...7f-92a5-49e0674efcaf-1-14 |  1260000 |   451000 |   531162813 |  16695285726 |         0 |      0 |  1278656376 |      0 |      0 |         0 
 17796 Thread 69 - PartitionProcessorThre...7f-92a5-49e0674efcaf-1-15 |  1306000 |   454000 |   546130504 |  17174111800 |         0 |      0 |  1335340481 |      0 |      0 |         0 
 17797 Thread 70 - PartitionProcessorThre...7f-92a5-49e0674efcaf-1-16 |  1358000 |   475000 |   568550863 |  17885932710 |         0 |      0 |  1329255035 |      0 |      0 |         0 
 17798 Thread 71 - PartitionProcessorThre...7f-92a5-49e0674efcaf-1-17 |  1351000 |   482000 |   571245926 |  17887003093 |         0 |      0 |  1268778328 |      0 |      0 |         0 
 17799 Thread 72 - PartitionProcessorThre...7f-92a5-49e0674efcaf-1-18 |  1305000 |   480000 |   554479043 |  17418295714 |         0 |      0 |  1281046012 |      0 |      0 |         0 
 17800 Thread 73 - PartitionProcessorThre...7f-92a5-49e0674efcaf-1-19 |  1257000 |   451000 |   530375094 |  16666522293 |         0 |      0 |  1347243552 |      0 |      0 |         0 
 18172 Thread 74 - process reaper                                     |     2000 |     1000 |      987703 |     29327046 |      2048 |      0 |     1447151 |      0 |      0 |         0 
 18178 Thread 75 - Attach Listener                                    |   365000 |    93000 |   144262909 |   4475716647 |   5304320 | 270336 |     2075746 |      0 |      0 |         0 
