                                 Task                                 |  utime   |  stime   |     rss     |     vmem     |   read    | write  |    d:cpu    | d:bio  | d:swap | d:reclaim 
 47692 Thread 1 - main                                                |   866000 |   104000 |    70857615 |   7458412002 |  34636800 |   1024 |     5854494 |      0 |      0 |         0 
 47714 Thread 2 - Reference Handler                                   |     6000 |     3000 |     1212374 |     75306726 |         0 |      0 |      245345 |      0 |      0 |         0 
 47715 Thread 3 - Finalizer                                           |     5000 |        0 |      502363 |     40265660 |      5120 |      0 |     1511558 |      0 |      0 |         0 
 47716 Thread 4 - Surrogate Locker Thread (Concurrent GC)             |        0 |        0 |           0 |            0 |         0 |      0 |           0 |      0 |      0 |         0 
 47717 Thread 5 - Signal Dispatcher                                   |        0 |        0 |           0 |            0 |         0 |      0 |       14260 |      0 |      0 |         0 
 47726 Thread 12 - RMI Scheduler(0)                                   |     1000 |        0 |      294710 |      9759867 |      2048 |      0 |       22787 |      0 |      0 |         0 
 47727 Thread 13 - RMI RenewClean-[10.231.182.152:45550]              |     1000 |        0 |       93535 |      7893589 |      1024 |      0 |      425513 |      0 |      0 |         0 
 47728 Thread 14 - GC Daemon                                          |        0 |        0 |           0 |            0 |         0 |      0 |           0 |      0 |      0 |         0 
 47734 Thread 15 - DecatonSubscriptionThread-decaton-benchmark        | 24758000 | 35560000 | 17673442129 | 587776905895 | 574298112 | 112640 | 15612764459 | 173647 |      0 |         0 
 47735 Thread 16 - kafka-coordinator-hear...hread | decaton-benchmark |   252000 |    31000 |    82557628 |   2757174206 |   5834752 |   5120 |    29314668 | 323400 |      0 |         0 
 47741 Thread 17 - PartitionProcessorThre...982-bc48-ed15a83a581b-2-0 |  1234000 |   396000 |   472677938 |  15881989537 |     36864 |      0 |  1204117106 |      0 |      0 |         0 
 47742 Thread 18 - PartitionProcessorThre...982-bc48-ed15a83a581b-2-1 |  1219000 |   419000 |   478379145 |  15974685748 |         0 |      0 |  1096848351 |      0 |      0 |         0 
 47743 Thread 19 - PartitionProcessorThre...982-bc48-ed15a83a581b-2-2 |  1181000 |   461000 |   478684223 |  16012894201 |      1024 |      0 |  1112994263 |      0 |      0 |         0 
 47744 Thread 20 - PartitionProcessorThre...982-bc48-ed15a83a581b-2-3 |  1158000 |   452000 |   468642512 |  15700897193 |      4096 |      0 |  1239312942 |      0 |      0 |         0 
 47745 Thread 21 - PartitionProcessorThre...982-bc48-ed15a83a581b-2-4 |  1228000 |   406000 |   477774781 |  15936653713 |      1024 |      0 |  1083501919 |      0 |      0 |         0 
 47746 Thread 22 - PartitionProcessorThre...982-bc48-ed15a83a581b-2-5 |  1133000 |   414000 |   451341180 |  15087896666 |         0 |      0 |  1085682636 |      0 |      0 |         0 
 47747 Thread 23 - PartitionProcessorThre...982-bc48-ed15a83a581b-2-6 |  1246000 |   429000 |   488606434 |  16339015564 |         0 |      0 |  1077382674 |      0 |      0 |         0 
 47748 Thread 24 - PartitionProcessorThre...982-bc48-ed15a83a581b-2-7 |  1194000 |   415000 |   469427016 |  15692777971 |         0 |      0 |  1205293179 |      0 |      0 |         0 
 47749 Thread 25 - PartitionProcessorThre...982-bc48-ed15a83a581b-2-8 |  1227000 |   423000 |   481637629 |  16091100517 |         0 |      0 |  1091246078 |      0 |      0 |         0 
 47750 Thread 26 - PartitionProcessorThre...982-bc48-ed15a83a581b-2-9 |  1198000 |   408000 |   468295785 |  15664412908 |         0 |      0 |  1160997116 |      0 |      0 |         0 
 47751 Thread 27 - PartitionProcessorThre...82-bc48-ed15a83a581b-2-10 |  1231000 |   409000 |   480452438 |  15997817291 |         0 |      0 |  1109754415 |  26417 |      0 |         0 
 47752 Thread 28 - PartitionProcessorThre...82-bc48-ed15a83a581b-2-11 |  1154000 |   381000 |   447512422 |  14972413842 |         0 |      0 |  1205659770 |      0 |      0 |         0 
 47753 Thread 29 - PartitionProcessorThre...82-bc48-ed15a83a581b-2-12 |  1213000 |   429000 |   481148047 |  16020082533 |         0 |      0 |  1250742327 |      0 |      0 |         0 
 47754 Thread 30 - PartitionProcessorThre...82-bc48-ed15a83a581b-2-13 |  1182000 |   408000 |   465022258 |  15510076502 |         0 |      0 |   875071321 |      0 |      0 |         0 
 47755 Thread 31 - PartitionProcessorThre...82-bc48-ed15a83a581b-2-14 |  1145000 |   381000 |   447254934 |  14889224408 |         0 |      0 |  1099407251 |      0 |      0 |         0 
 47756 Thread 32 - PartitionProcessorThre...82-bc48-ed15a83a581b-2-15 |  1191000 |   387000 |   461188176 |  15394075439 |         0 |      0 |  1139016068 |      0 |      0 |         0 
 47757 Thread 33 - PartitionProcessorThre...82-bc48-ed15a83a581b-2-16 |  1231000 |   413000 |   478801875 |  16036437748 |         0 |      0 |  1142646341 |      0 |      0 |         0 
 47758 Thread 34 - PartitionProcessorThre...82-bc48-ed15a83a581b-2-17 |  1216000 |   387000 |   467913781 |  15635104939 |         0 |      0 |  1091338191 |      0 |      0 |         0 
 47759 Thread 35 - PartitionProcessorThre...82-bc48-ed15a83a581b-2-18 |  1122000 |   402000 |   446051082 |  14868793986 |         0 |      0 |  1206002130 |      0 |      0 |         0 
 47760 Thread 36 - PartitionProcessorThre...82-bc48-ed15a83a581b-2-19 |  1122000 |   425000 |   450470317 |  15088531541 |         0 |      0 |  1069099268 |      0 |      0 |         0 
 47761 Thread 37 - PartitionProcessorThre...982-bc48-ed15a83a581b-1-0 |  1197000 |   426000 |   476861824 |  15841124908 |         0 |      0 |  1046666169 |      0 |      0 |         0 
 47762 Thread 38 - PartitionProcessorThre...982-bc48-ed15a83a581b-1-1 |  1216000 |   388000 |   471071528 |  15655721666 |         0 |      0 |  1199233151 |      0 |      0 |         0 
 47763 Thread 39 - PartitionProcessorThre...982-bc48-ed15a83a581b-1-2 |  1177000 |   434000 |   473724492 |  15724022924 |         0 |      0 |  1083032094 |      0 |      0 |         0 
 47764 Thread 40 - PartitionProcessorThre...982-bc48-ed15a83a581b-1-3 |  1196000 |   458000 |   485756039 |  16143721213 |         0 |      0 |  1136952358 |      0 |      0 |         0 
 47765 Thread 41 - PartitionProcessorThre...982-bc48-ed15a83a581b-1-4 |  1266000 |   409000 |   491329379 |  16348424814 |         0 |      0 |  1095850082 |      0 |      0 |         0 
 47766 Thread 42 - PartitionProcessorThre...982-bc48-ed15a83a581b-1-5 |  1159000 |   407000 |   459130989 |  15284567158 |         0 |      0 |  1275103552 |      0 |      0 |         0 
 47767 Thread 43 - PartitionProcessorThre...982-bc48-ed15a83a581b-1-6 |  1194000 |   435000 |   477338938 |  15899768088 |         0 |      0 |  1129899379 |      0 |      0 |         0 
 47768 Thread 44 - PartitionProcessorThre...982-bc48-ed15a83a581b-1-7 |  1119000 |   424000 |   453674668 |  15060431135 |         0 |      0 |  1065846173 |      0 |      0 |         0 
 47769 Thread 45 - PartitionProcessorThre...982-bc48-ed15a83a581b-1-8 |  1139000 |   368000 |   441822063 |  14708950404 |         0 |      0 |  1154913320 |      0 |      0 |         0 
 47770 Thread 46 - PartitionProcessorThre...982-bc48-ed15a83a581b-1-9 |  1178000 |   413000 |   467082172 |  15528834564 |         0 |      0 |  1177823330 |      0 |      0 |         0 
 47771 Thread 47 - PartitionProcessorThre...82-bc48-ed15a83a581b-1-10 |  1175000 |   414000 |   467366567 |  15509382178 |         0 |      0 |  1227340555 |      0 |      0 |         0 
 47772 Thread 48 - PartitionProcessorThre...82-bc48-ed15a83a581b-1-11 |  1207000 |   444000 |   484989567 |  16114722259 |  10831872 |      0 |  1162846981 |      0 |      0 |         0 
 47773 Thread 49 - PartitionProcessorThre...82-bc48-ed15a83a581b-1-12 |  1242000 |   416000 |   487381563 |  16182687994 |         0 |      0 |  1002853154 |      0 |      0 |         0 
 47774 Thread 50 - PartitionProcessorThre...82-bc48-ed15a83a581b-1-13 |  1240000 |   397000 |   480879863 |  15977546615 |         0 |      0 |  1095228446 |      0 |      0 |         0 
 47775 Thread 51 - PartitionProcessorThre...82-bc48-ed15a83a581b-1-14 |  1267000 |   450000 |   504775453 |  16758994400 |         0 |      0 |  1082322355 |      0 |      0 |         0 
 47776 Thread 52 - PartitionProcessorThre...82-bc48-ed15a83a581b-1-15 |  1184000 |   436000 |   476442625 |  15811686135 |         0 |      0 |  1317302629 |      0 |      0 |         0 
 47777 Thread 53 - PartitionProcessorThre...82-bc48-ed15a83a581b-1-16 |  1204000 |   399000 |   470940860 |  15645770549 |         0 |      0 |  1245332909 |      0 |      0 |         0 
 47778 Thread 54 - PartitionProcessorThre...82-bc48-ed15a83a581b-1-17 |  1139000 |   390000 |   448572227 |  14923886736 |         0 |      0 |  1309770930 |      0 |      0 |         0 
 47779 Thread 55 - PartitionProcessorThre...82-bc48-ed15a83a581b-1-18 |  1194000 |   388000 |   465370059 |  15440940057 |         0 |      0 |  1086883601 |      0 |      0 |         0 
 47780 Thread 56 - PartitionProcessorThre...82-bc48-ed15a83a581b-1-19 |  1173000 |   394000 |   460656653 |  15294493658 |      1024 |      0 |   987189156 |      0 |      0 |         0 
 47781 Thread 57 - PartitionProcessorThre...982-bc48-ed15a83a581b-0-0 |  1207000 |   418000 |   477972711 |  15860785927 |         0 |      0 |  1227002368 |      0 |      0 |         0 
 47782 Thread 58 - PartitionProcessorThre...982-bc48-ed15a83a581b-0-1 |  1278000 |   440000 |   505737363 |  16768661361 |         0 |      0 |  1131892019 |      0 |      0 |         0 
 47783 Thread 59 - PartitionProcessorThre...982-bc48-ed15a83a581b-0-2 |  1255000 |   434000 |   497929051 |  16485748845 |         0 |      0 |  1135469589 |      0 |      0 |         0 
 47784 Thread 60 - PartitionProcessorThre...982-bc48-ed15a83a581b-0-3 |  1238000 |   386000 |   478114320 |  15850964947 |         0 |      0 |  1315028402 |      0 |      0 |         0 
 47785 Thread 61 - PartitionProcessorThre...982-bc48-ed15a83a581b-0-4 |  1176000 |   386000 |   459449528 |  15245865182 |         0 |      0 |  1189576814 |      0 |      0 |         0 
 47786 Thread 62 - PartitionProcessorThre...982-bc48-ed15a83a581b-0-5 |  1140000 |   438000 |   465406914 |  15402648064 |         0 |      0 |  1195966988 |      0 |      0 |         0 
 47787 Thread 63 - PartitionProcessorThre...982-bc48-ed15a83a581b-0-6 |  1228000 |   382000 |   474795606 |  15714456646 |         0 |      0 |  1008076593 |      0 |      0 |         0 
 47788 Thread 64 - PartitionProcessorThre...982-bc48-ed15a83a581b-0-7 |  1208000 |   396000 |   472465438 |  15655826599 |         0 |      0 |  1028776493 |      0 |      0 |         0 
 47789 Thread 65 - PartitionProcessorThre...982-bc48-ed15a83a581b-0-8 |  1151000 |   470000 |   477339321 |  15821719131 |         0 |      0 |  1147081655 |      0 |      0 |         0 
 47790 Thread 66 - PartitionProcessorThre...982-bc48-ed15a83a581b-0-9 |  1259000 |   404000 |   489779770 |  16231987088 |         0 |      0 |  1219424058 |      0 |      0 |         0 
 47791 Thread 67 - PartitionProcessorThre...82-bc48-ed15a83a581b-0-10 |  1146000 |   403000 |   456741082 |  15119102541 |         0 |      0 |  1175829383 |      0 |      0 |         0 
 47792 Thread 68 - PartitionProcessorThre...82-bc48-ed15a83a581b-0-11 |  1126000 |   419000 |   454758117 |  15080161834 |         0 |      0 |   928443936 |      0 |      0 |         0 
 47793 Thread 69 - PartitionProcessorThre...82-bc48-ed15a83a581b-0-12 |  1139000 |   424000 |   460720867 |  15255729893 |         0 |      0 |  1122571801 |      0 |      0 |         0 
 47794 Thread 70 - PartitionProcessorThre...82-bc48-ed15a83a581b-0-13 |  1154000 |   403000 |   458650242 |  15197236092 |         0 |      0 |  1196269744 |      0 |      0 |         0 
 47795 Thread 71 - PartitionProcessorThre...82-bc48-ed15a83a581b-0-14 |  1162000 |   400000 |   461093324 |  15246358533 |         0 |      0 |  1166325695 |      0 |      0 |         0 
 47796 Thread 72 - PartitionProcessorThre...82-bc48-ed15a83a581b-0-15 |  1181000 |   363000 |   455673418 |  15070387814 |         0 |      0 |  1119664371 |      0 |      0 |         0 
 47797 Thread 73 - PartitionProcessorThre...82-bc48-ed15a83a581b-0-16 |  1127000 |   390000 |   447184965 |  14806921053 |         0 |      0 |  1184346554 |      0 |      0 |         0 
 47798 Thread 74 - PartitionProcessorThre...82-bc48-ed15a83a581b-0-17 |  1146000 |   389000 |   452630172 |  14982713084 |         0 |      0 |  1274498589 |      0 |      0 |         0 
 47799 Thread 75 - PartitionProcessorThre...82-bc48-ed15a83a581b-0-18 |  1203000 |   398000 |   472092984 |  15626380576 |         0 |      0 |  1110351243 |      0 |      0 |         0 
 47800 Thread 76 - PartitionProcessorThre...82-bc48-ed15a83a581b-0-19 |  1185000 |   403000 |   467844996 |  15499858947 |         0 |      0 |   957456307 |      0 |      0 |         0 
 48269 Thread 77 - process reaper                                     |     1000 |     1000 |      606789 |     19586156 |         0 |      0 |       12657 |      0 |      0 |         0 
 48275 Thread 78 - Attach Listener                                    |   466000 |    85000 |   165536123 |   5387848311 |   4931584 | 112640 |     1053565 |      0 |      0 |         0 
