                                 Task                                 |  utime   |  stime   |     rss     |     vmem     |   read    | write  |    d:cpu    | d:bio  | d:swap | d:reclaim 
 67853 Thread 1 - main                                                |   582000 |    74000 |    40069244 |   4978084564 |  21055488 |   2048 |     6648816 |      0 |      0 |         0 
 67875 Thread 2 - Reference Handler                                   |     3000 |        0 |      288488 |     23233707 |         0 |      0 |      409721 |      0 |      0 |         0 
 67876 Thread 3 - Finalizer                                           |     4000 |        0 |      317699 |     30294824 |      5120 |      0 |     3575772 |      0 |      0 |         0 
 67877 Thread 4 - Surrogate Locker Thread (Concurrent GC)             |     2000 |        0 |      145832 |     14999859 |         0 |      0 |        8988 |      0 |      0 |         0 
 67878 Thread 5 - Signal Dispatcher                                   |        0 |     1000 |      325117 |      9785238 |         0 |      0 |           0 |      0 |      0 |         0 
 67888 Thread 11 - DecatonSubscriptionThread-decaton-benchmark        | 26569000 | 29324000 | 16393591513 | 544042001105 | 585734144 | 142336 | 17109777568 | 174446 |      0 |         0 
 67889 Thread 13 - kafka-coordinator-hear...hread | decaton-benchmark |   214000 |    60000 |    80603019 |   2667409511 |   6124544 |   5120 |    20934127 | 208450 |      0 |         0 
 67893 Thread 14 - PartitionProcessorThre...31b-b263-cfb419713f16-2-0 |  1213000 |   366000 |   462446313 |  15397691594 |    121856 |      0 |  1300933077 |      0 |      0 |         0 
 67894 Thread 15 - PartitionProcessorThre...31b-b263-cfb419713f16-2-1 |  1166000 |   421000 |   465146375 |  15474039337 |      6144 |      0 |  1222759562 |      0 |      0 |         0 
 67895 Thread 16 - PartitionProcessorThre...31b-b263-cfb419713f16-2-2 |  1278000 |   395000 |   489213547 |  16310063129 |     33792 |      0 |  1388100305 |      0 |      0 |         0 
 67896 Thread 17 - PartitionProcessorThre...31b-b263-cfb419713f16-2-3 |  1303000 |   386000 |   493764188 |  16469475223 |         0 |      0 |  1262580051 |      0 |      0 |         0 
 67897 Thread 18 - PartitionProcessorThre...31b-b263-cfb419713f16-2-4 |  1234000 |   375000 |   471271723 |  15693654118 |         0 |      0 |  1512192594 |      0 |      0 |         0 
 67898 Thread 19 - PartitionProcessorThre...31b-b263-cfb419713f16-2-5 |  1185000 |   452000 |   480793559 |  15965689196 |         0 |      0 |  1453235058 |      0 |      0 |         0 
 67899 Thread 20 - PartitionProcessorThre...31b-b263-cfb419713f16-2-6 |  1182000 |   424000 |   470212250 |  15663581809 |         0 |      0 |  1431237395 |      0 |      0 |         0 
 67900 Thread 21 - PartitionProcessorThre...31b-b263-cfb419713f16-2-7 |  1174000 |   420000 |   465966176 |  15543502243 |         0 |      0 |  1433200502 |      0 |      0 |         0 
 67901 Thread 22 - PartitionProcessorThre...31b-b263-cfb419713f16-2-8 |  1143000 |   439000 |   464013286 |  15427340106 |         0 |      0 |  1255594159 |      0 |      0 |         0 
 67902 Thread 23 - PartitionProcessorThre...31b-b263-cfb419713f16-2-9 |  1241000 |   423000 |   488493813 |  16232511247 |         0 |      0 |  1334571009 |      0 |      0 |         0 
 67903 Thread 24 - PartitionProcessorThre...1b-b263-cfb419713f16-2-10 |  1155000 |   424000 |   464394719 |  15402749508 |         0 |      0 |  1288242254 |      0 |      0 |         0 
 67904 Thread 25 - PartitionProcessorThre...1b-b263-cfb419713f16-2-11 |  1172000 |   439000 |   473871340 |  15713559407 |         0 |      0 |  1419542392 |      0 |      0 |         0 
 67905 Thread 26 - PartitionProcessorThre...1b-b263-cfb419713f16-2-12 |  1195000 |   391000 |   466518723 |  15470753005 |         0 |      0 |  1337705567 |      0 |      0 |         0 
 67906 Thread 27 - PartitionProcessorThre...1b-b263-cfb419713f16-2-13 |  1146000 |   406000 |   456100114 |  15139666481 |         0 |      0 |  1148349212 |      0 |      0 |         0 
 67907 Thread 28 - PartitionProcessorThre...1b-b263-cfb419713f16-2-14 |  1191000 |   432000 |   476545289 |  15832395051 |         0 |      0 |  1433313741 |      0 |      0 |         0 
 67908 Thread 29 - PartitionProcessorThre...1b-b263-cfb419713f16-2-15 |  1229000 |   423000 |   486476563 |  16111964524 |     44032 |      0 |  1474481664 |      0 |      0 |         0 
 67909 Thread 30 - PartitionProcessorThre...1b-b263-cfb419713f16-2-16 |  1209000 |   405000 |   473793829 |  15742955583 |         0 |      0 |  1167142558 |      0 |      0 |         0 
 67910 Thread 31 - PartitionProcessorThre...1b-b263-cfb419713f16-2-17 |  1175000 |   372000 |   454422735 |  15089971993 |         0 |      0 |  1472800972 |      0 |      0 |         0 
 67911 Thread 32 - PartitionProcessorThre...1b-b263-cfb419713f16-2-18 |  1139000 |   410000 |   454206504 |  15108009930 |         0 |      0 |  1263921427 |      0 |      0 |         0 
 67912 Thread 33 - PartitionProcessorThre...1b-b263-cfb419713f16-2-19 |  1106000 |   401000 |   440582641 |  14698802477 |         0 |      0 |  1253018815 |      0 |      0 |         0 
 67913 Thread 34 - PartitionProcessorThre...31b-b263-cfb419713f16-1-0 |  1192000 |   416000 |   474789282 |  15686851833 |      1024 |      0 |  1382010618 |      0 |      0 |         0 
 67914 Thread 35 - PartitionProcessorThre...31b-b263-cfb419713f16-1-1 |  1162000 |   399000 |   461225950 |  15228128059 |         0 |      0 |  1317418059 |      0 |      0 |         0 
 67915 Thread 36 - PartitionProcessorThre...31b-b263-cfb419713f16-1-2 |  1178000 |   419000 |   472094160 |  15578693751 |         0 |      0 |  1317455199 |      0 |      0 |         0 
 67916 Thread 37 - PartitionProcessorThre...31b-b263-cfb419713f16-1-3 |  1188000 |   398000 |   467419504 |  15471883817 |         0 |      0 |  1344234379 |      0 |      0 |         0 
 67917 Thread 38 - PartitionProcessorThre...31b-b263-cfb419713f16-1-4 |  1157000 |   423000 |   466509840 |  15413666044 |         0 |      0 |  1246193517 |      0 |      0 |         0 
 67918 Thread 39 - PartitionProcessorThre...31b-b263-cfb419713f16-1-5 |  1185000 |   436000 |   478379922 |  15813298321 |         0 |      0 |  1172632024 |      0 |      0 |         0 
 67919 Thread 40 - PartitionProcessorThre...31b-b263-cfb419713f16-1-6 |  1174000 |   417000 |   470609270 |  15521026001 |         0 |      0 |  1336419638 |      0 |      0 |         0 
 67920 Thread 41 - PartitionProcessorThre...31b-b263-cfb419713f16-1-7 |  1175000 |   423000 |   472430895 |  15589242880 |         0 |      0 |  1325807056 |      0 |      0 |         0 
 67921 Thread 42 - PartitionProcessorThre...31b-b263-cfb419713f16-1-8 |  1181000 |   407000 |   467948520 |  15491926735 |         0 |      0 |  1405156160 |      0 |      0 |         0 
 67922 Thread 43 - PartitionProcessorThre...31b-b263-cfb419713f16-1-9 |  1235000 |   401000 |   482528613 |  15960026575 |         0 |      0 |  1311751521 |      0 |      0 |         0 
 67923 Thread 44 - PartitionProcessorThre...1b-b263-cfb419713f16-1-10 |  1210000 |   403000 |   476254055 |  15735706797 |         0 |      0 |  1368092456 |      0 |      0 |         0 
 67924 Thread 45 - PartitionProcessorThre...1b-b263-cfb419713f16-1-11 |  1084000 |   412000 |   440997864 |  14593834911 |         0 |      0 |  1202094195 |      0 |      0 |         0 
 67925 Thread 46 - PartitionProcessorThre...1b-b263-cfb419713f16-1-12 |  1238000 |   387000 |   479821426 |  15852296606 |         0 |      0 |  1355667283 |      0 |      0 |         0 
 67926 Thread 47 - PartitionProcessorThre...1b-b263-cfb419713f16-1-13 |  1153000 |   402000 |   459640418 |  15169592016 |         0 |      0 |  1330275616 |      0 |      0 |         0 
 67927 Thread 48 - PartitionProcessorThre...1b-b263-cfb419713f16-1-14 |  1116000 |   396000 |   446506989 |  14750178512 |         0 |      0 |  1346694199 |      0 |      0 |         0 
 67928 Thread 49 - PartitionProcessorThre...1b-b263-cfb419713f16-1-15 |  1136000 |   352000 |   438919235 |  14516048567 |         0 |      0 |  1448954562 |      0 |      0 |         0 
 67929 Thread 50 - PartitionProcessorThre...1b-b263-cfb419713f16-1-16 |  1159000 |   399000 |   458849075 |  15198910774 |         0 |      0 |  1439755579 |      0 |      0 |         0 
 67930 Thread 51 - PartitionProcessorThre...1b-b263-cfb419713f16-1-17 |  1170000 |   382000 |   458346180 |  15140251216 |         0 |      0 |  1463492863 |      0 |      0 |         0 
 67931 Thread 52 - PartitionProcessorThre...1b-b263-cfb419713f16-1-18 |  1200000 |   409000 |   474392641 |  15696617485 |         0 |      0 |  1380417282 |      0 |      0 |         0 
 67932 Thread 53 - PartitionProcessorThre...1b-b263-cfb419713f16-1-19 |  1199000 |   381000 |   465638035 |  15413200442 |         0 |      0 |  1427343406 |      0 |      0 |         0 
 67933 Thread 54 - PartitionProcessorThre...31b-b263-cfb419713f16-0-0 |  1132000 |   383000 |   448567832 |  14779608884 |         0 |      0 |  1299489244 |      0 |      0 |         0 
 67934 Thread 55 - PartitionProcessorThre...31b-b263-cfb419713f16-0-1 |  1112000 |   373000 |   440365524 |  14486953509 |         0 |      0 |  1144286001 |      0 |      0 |         0 
 67935 Thread 56 - PartitionProcessorThre...31b-b263-cfb419713f16-0-2 |  1111000 |   419000 |   454462965 |  14926093856 |  10831872 |      0 |  1264213032 |      0 |      0 |         0 
 67936 Thread 57 - PartitionProcessorThre...31b-b263-cfb419713f16-0-3 |  1181000 |   399000 |   467851317 |  15413774016 |         0 |      0 |  1157800284 |      0 |      0 |         0 
 67937 Thread 58 - PartitionProcessorThre...31b-b263-cfb419713f16-0-4 |  1159000 |   430000 |   470356828 |  15501468790 |         0 |      0 |  1304001896 |      0 |      0 |         0 
 67938 Thread 59 - PartitionProcessorThre...31b-b263-cfb419713f16-0-5 |  1126000 |   441000 |   463444813 |  15286808626 |         0 |      0 |  1385097983 |      0 |      0 |         0 
 67939 Thread 60 - PartitionProcessorThre...31b-b263-cfb419713f16-0-6 |  1168000 |   406000 |   465180887 |  15355183985 |         0 |      0 |  1224229708 |      0 |      0 |         0 
 67940 Thread 61 - PartitionProcessorThre...31b-b263-cfb419713f16-0-7 |  1138000 |   461000 |   472553121 |  15598584219 |         0 |      0 |  1194979375 |      0 |      0 |         0 
 67941 Thread 62 - PartitionProcessorThre...31b-b263-cfb419713f16-0-8 |  1167000 |   400000 |   462896746 |  15286904309 |         0 |      0 |  1162596735 |      0 |      0 |         0 
 67942 Thread 63 - PartitionProcessorThre...31b-b263-cfb419713f16-0-9 |  1084000 |   416000 |   443997778 |  14633438509 |         0 |      0 |  1346518314 |      0 |      0 |         0 
 67943 Thread 64 - PartitionProcessorThre...1b-b263-cfb419713f16-0-10 |  1120000 |   400000 |   449612454 |  14828195817 |         0 |      0 |  1362127031 |      0 |      0 |         0 
 67944 Thread 65 - PartitionProcessorThre...1b-b263-cfb419713f16-0-11 |  1128000 |   364000 |   441658098 |  14555443481 |         0 |      0 |  1282463074 |      0 |      0 |         0 
 67945 Thread 66 - PartitionProcessorThre...1b-b263-cfb419713f16-0-12 |  1158000 |   441000 |   473869742 |  15598816563 |         0 |      0 |  1160593328 |      0 |      0 |         0 
 67946 Thread 67 - PartitionProcessorThre...1b-b263-cfb419713f16-0-13 |  1212000 |   419000 |   483175223 |  15911155563 |         0 |      0 |  1357195505 |      0 |      0 |         0 
 67947 Thread 68 - PartitionProcessorThre...1b-b263-cfb419713f16-0-14 |  1195000 |   432000 |   482507696 |  15872277079 |         0 |      0 |  1554657740 |      0 |      0 |         0 
 67948 Thread 69 - PartitionProcessorThre...1b-b263-cfb419713f16-0-15 |  1140000 |   431000 |   465483563 |  15325849860 |         0 |      0 |  1211228003 |      0 |      0 |         0 
 67949 Thread 70 - PartitionProcessorThre...1b-b263-cfb419713f16-0-16 |  1174000 |   390000 |   463783219 |  15257726137 |         0 |      0 |  1256378823 |      0 |      0 |         0 
 67950 Thread 71 - PartitionProcessorThre...1b-b263-cfb419713f16-0-17 |  1180000 |   413000 |   472095922 |  15540390262 |         0 |      0 |  1386565573 |      0 |      0 |         0 
 67951 Thread 72 - PartitionProcessorThre...1b-b263-cfb419713f16-0-18 |  1180000 |   361000 |   456985168 |  15032964102 |         0 |      0 |  1411405664 |      0 |      0 |         0 
 67952 Thread 73 - PartitionProcessorThre...1b-b263-cfb419713f16-0-19 |  1125000 |   413000 |   455753801 |  15004118301 |         0 |      0 |  1178901994 |      0 |      0 |         0 
 68376 Thread 74 - process reaper                                     |     2000 |        0 |      630382 |     19571992 |      2048 |      0 |        6542 |      0 |      0 |         0 
 68382 Thread 75 - Attach Listener                                    |   371000 |    86000 |   139546659 |   4465891487 |   5304320 | 108544 |     2281977 |      0 |      0 |         0 
