                                 Task                                  |  utime   |  stime   |     rss     |     vmem     |   read    | write  |    d:cpu    |  d:bio  | d:swap | d:reclaim 
 101909 Thread 1 - main                                                |   606000 |    65000 |    41749311 |   5090799353 |  21203968 |   1024 |     4355371 |       0 |      0 |         0 
 101931 Thread 2 - Reference Handler                                   |     5000 |        0 |      522785 |     38906894 |         0 |      0 |      440446 |       0 |      0 |         0 
 101932 Thread 3 - Finalizer                                           |     7000 |        0 |      637902 |     53666585 |      5120 |      0 |      425952 |       0 |      0 |         0 
 101933 Thread 4 - Surrogate Locker Thread (Concurrent GC)             |        0 |        0 |           0 |            0 |         0 |      0 |       13492 |       0 |      0 |         0 
 101934 Thread 5 - Signal Dispatcher                                   |        0 |        0 |           0 |            0 |         0 |      0 |           0 |       0 |      0 |         0 
 101944 Thread 11 - DecatonSubscriptionThread-decaton-benchmark        | 29051000 | 32551000 | 18495442125 | 599910973232 | 636553216 | 120832 | 18132371171 |   91290 |      0 |         0 
 101945 Thread 13 - kafka-coordinator-hear...hread | decaton-benchmark |   181000 |    50000 |    68035706 |   2244237085 |   6457344 |   4096 |    23792149 |  151898 |      0 |         0 
 101948 Thread 14 - PartitionProcessorThre...d55-ae55-31387d1437b4-0-0 |  1277000 |   443000 |   512400051 |  16766311437 |     36864 |      0 |  1647580903 |       0 |      0 |         0 
 101949 Thread 15 - PartitionProcessorThre...d55-ae55-31387d1437b4-0-1 |  1403000 |   464000 |   559350996 |  18214626827 |         0 |      0 |  1708031586 |       0 |      0 |         0 
 101950 Thread 16 - PartitionProcessorThre...d55-ae55-31387d1437b4-0-2 |  1356000 |   455000 |   543208727 |  17663435909 |         0 |      0 |  1621259385 |       0 |      0 |         0 
 101951 Thread 17 - PartitionProcessorThre...d55-ae55-31387d1437b4-0-3 |  1381000 |   463000 |   551626363 |  17982311761 |    121856 |      0 |  1355764303 |       0 |      0 |         0 
 101952 Thread 18 - PartitionProcessorThre...d55-ae55-31387d1437b4-0-4 |  1322000 |   439000 |   526420094 |  17172182015 |      3072 |      0 |  1537662314 |       0 |      0 |         0 
 101953 Thread 19 - PartitionProcessorThre...d55-ae55-31387d1437b4-0-5 |  1325000 |   456000 |   532012340 |  17370937046 |      7168 |      0 |  1602107192 |       0 |      0 |         0 
 101954 Thread 20 - PartitionProcessorThre...d55-ae55-31387d1437b4-0-6 |  1257000 |   446000 |   510710430 |  16614779988 |         0 |      0 |  1493244052 |       0 |      0 |         0 
 101955 Thread 21 - PartitionProcessorThre...d55-ae55-31387d1437b4-0-7 |  1272000 |   411000 |   504736289 |  16421759449 |         0 |      0 |  1356377603 |       0 |      0 |         0 
 101956 Thread 22 - PartitionProcessorThre...d55-ae55-31387d1437b4-0-8 |  1326000 |   462000 |   535693274 |  17443803476 |         0 |      0 |  1351665786 |       0 |      0 |         0 
 101957 Thread 23 - PartitionProcessorThre...d55-ae55-31387d1437b4-0-9 |  1337000 |   444000 |   533593481 |  17373508753 |         0 |      0 |  1531632608 |       0 |      0 |         0 
 101958 Thread 24 - PartitionProcessorThre...55-ae55-31387d1437b4-0-10 |  1347000 |   439000 |   535387699 |  17424099800 |         0 |      0 |  1768325164 |       0 |      0 |         0 
 101959 Thread 25 - PartitionProcessorThre...55-ae55-31387d1437b4-0-11 |  1274000 |   462000 |   519850992 |  16936293105 |         0 |      0 |  1484264271 |       0 |      0 |         0 
 101960 Thread 26 - PartitionProcessorThre...55-ae55-31387d1437b4-0-12 |  1413000 |   429000 |   553739797 |  17973281823 |      1024 |      0 |  1753441211 |       0 |      0 |         0 
 101961 Thread 27 - PartitionProcessorThre...55-ae55-31387d1437b4-0-13 |  1316000 |   442000 |   526341012 |  17151958992 |         0 |      0 |  1671151902 |       0 |      0 |         0 
 101962 Thread 28 - PartitionProcessorThre...55-ae55-31387d1437b4-0-14 |  1306000 |   479000 |   535382520 |  17414829843 |         0 |      0 |  1545098294 |       0 |      0 |         0 
 101963 Thread 29 - PartitionProcessorThre...55-ae55-31387d1437b4-0-15 |  1213000 |   457000 |   500536567 |  16293608519 |         0 |      0 |  1619596059 |       0 |      0 |         0 
 101964 Thread 30 - PartitionProcessorThre...55-ae55-31387d1437b4-0-16 |  1336000 |   450000 |   535233563 |  17424288851 |      1024 |      0 |  1660203063 |       0 |      0 |         0 
 101965 Thread 31 - PartitionProcessorThre...55-ae55-31387d1437b4-0-17 |  1269000 |   467000 |   520429738 |  16935730519 |     34816 |      0 |  1559695999 |       0 |      0 |         0 
 101966 Thread 32 - PartitionProcessorThre...55-ae55-31387d1437b4-0-18 |  1328000 |   448000 |   532252309 |  17327533496 |         0 |      0 |  1676646264 |       0 |      0 |         0 
 101967 Thread 33 - PartitionProcessorThre...55-ae55-31387d1437b4-0-19 |  1260000 |   440000 |   510179477 |  16587582550 |         0 |      0 |  1753712168 |       0 |      0 |         0 
 101968 Thread 34 - PartitionProcessorThre...d55-ae55-31387d1437b4-1-0 |  1297000 |   460000 |   530641422 |  17145255015 |         0 |      0 |  1278952120 |       0 |      0 |         0 
 101969 Thread 35 - PartitionProcessorThre...d55-ae55-31387d1437b4-1-1 |  1285000 |   467000 |   528555715 |  17095915378 |         0 |      0 |  1599265894 |       0 |      0 |         0 
 101970 Thread 36 - PartitionProcessorThre...d55-ae55-31387d1437b4-1-2 |  1262000 |   440000 |   513729024 |  16608334316 |         0 |      0 |  1521632268 |       0 |      0 |         0 
 101971 Thread 37 - PartitionProcessorThre...d55-ae55-31387d1437b4-1-3 |  1319000 |   416000 |   523913524 |  16930633585 |         0 |      0 |  1646724939 |       0 |      0 |         0 
 101972 Thread 38 - PartitionProcessorThre...d55-ae55-31387d1437b4-1-4 |  1298000 |   445000 |   524877406 |  17007683269 |         0 |      0 |  1322670878 |       0 |      0 |         0 
 101973 Thread 39 - PartitionProcessorThre...d55-ae55-31387d1437b4-1-5 |  1333000 |   475000 |   542468453 |  17642297281 |         0 |      0 |  1476270483 |       0 |      0 |         0 
 101974 Thread 40 - PartitionProcessorThre...d55-ae55-31387d1437b4-1-6 |  1294000 |   466000 |   530125199 |  17173736570 |         0 |      0 |  1394596905 |       0 |      0 |         0 
 101975 Thread 41 - PartitionProcessorThre...d55-ae55-31387d1437b4-1-7 |  1327000 |   424000 |   526687071 |  17085217804 |         0 |      0 |  1436153387 |       0 |      0 |         0 
 101976 Thread 42 - PartitionProcessorThre...d55-ae55-31387d1437b4-1-8 |  1205000 |   503000 |   512737438 |  16665866941 |         0 |      0 |  1408248875 |       0 |      0 |         0 
 101977 Thread 43 - PartitionProcessorThre...d55-ae55-31387d1437b4-1-9 |  1293000 |   426000 |   516465192 |  16772970179 |      1024 |      0 |  1513474838 |       0 |      0 |         0 
 101978 Thread 44 - PartitionProcessorThre...55-ae55-31387d1437b4-1-10 |  1292000 |   450000 |   524042039 |  16998418519 |         0 |      0 |  1312604734 |       0 |      0 |         0 
 101979 Thread 45 - PartitionProcessorThre...55-ae55-31387d1437b4-1-11 |  1236000 |   435000 |   504320809 |  16306248351 |         0 |      0 |  1650361067 |       0 |      0 |         0 
 101980 Thread 46 - PartitionProcessorThre...55-ae55-31387d1437b4-1-12 |  1240000 |   457000 |   512732434 |  16559816785 |         0 |      0 |  1390385360 |       0 |      0 |         0 
 101981 Thread 47 - PartitionProcessorThre...55-ae55-31387d1437b4-1-13 |  1317000 |   442000 |   531378110 |  17165419960 |         0 |      0 |  1368834428 |       0 |      0 |         0 
 101982 Thread 48 - PartitionProcessorThre...55-ae55-31387d1437b4-1-14 |  1266000 |   471000 |   524290402 |  16949623031 |         0 |      0 |  1491544253 |       0 |      0 |         0 
 101983 Thread 49 - PartitionProcessorThre...55-ae55-31387d1437b4-1-15 |  1273000 |   446000 |   519416860 |  16775127007 |         0 |      0 |  1356570359 |       0 |      0 |         0 
 101984 Thread 50 - PartitionProcessorThre...55-ae55-31387d1437b4-1-16 |  1257000 |   466000 |   520030059 |  16812763628 |         0 |      0 |  1512240752 |       0 |      0 |         0 
 101985 Thread 51 - PartitionProcessorThre...55-ae55-31387d1437b4-1-17 |  1241000 |   472000 |   517172852 |  16715154730 |         0 |      0 |  1400722293 |       0 |      0 |         0 
 101986 Thread 52 - PartitionProcessorThre...55-ae55-31387d1437b4-1-18 |  1256000 |   432000 |   508568200 |  16471249910 |         0 |      0 |  1436847288 |       0 |      0 |         0 
 101987 Thread 53 - PartitionProcessorThre...55-ae55-31387d1437b4-1-19 |  1273000 |   437000 |   516557973 |  16686463300 |         0 |      0 |  1217131485 |       0 |      0 |         0 
 101988 Thread 54 - PartitionProcessorThre...d55-ae55-31387d1437b4-2-0 |  1232000 |   398000 |   493251946 |  15906594625 |         0 |      0 |  1517396119 |       0 |      0 |         0 
 101989 Thread 55 - PartitionProcessorThre...d55-ae55-31387d1437b4-2-1 |  1304000 |   426000 |   523402387 |  16881733742 |         0 |      0 |  1203508620 |       0 |      0 |         0 
 101990 Thread 56 - PartitionProcessorThre...d55-ae55-31387d1437b4-2-2 |  1246000 |   411000 |   500702934 |  16168968945 |         0 |      0 |  1296009022 |       0 |      0 |         0 
 101991 Thread 57 - PartitionProcessorThre...d55-ae55-31387d1437b4-2-3 |  1282000 |   436000 |   519117199 |  16763635019 |         0 |      0 |  1452294173 |       0 |      0 |         0 
 101992 Thread 58 - PartitionProcessorThre...d55-ae55-31387d1437b4-2-4 |  1258000 |   433000 |   510772563 |  16500872726 |         0 |      0 |  1531027523 |       0 |      0 |         0 
 101993 Thread 59 - PartitionProcessorThre...d55-ae55-31387d1437b4-2-5 |  1245000 |   454000 |   513520078 |  16578286195 |         0 |      0 |  1517543007 | 4110304 |      0 |         0 
 101994 Thread 60 - PartitionProcessorThre...d55-ae55-31387d1437b4-2-6 |  1337000 |   430000 |   534713578 |  17242385246 |         0 |      0 |  1482738363 |       0 |      0 |         0 
 101995 Thread 61 - PartitionProcessorThre...d55-ae55-31387d1437b4-2-7 |  1285000 |   458000 |   526542680 |  17008470242 |         0 |      0 |  1462662980 |       0 |      0 |         0 
 101996 Thread 62 - PartitionProcessorThre...d55-ae55-31387d1437b4-2-8 |  1337000 |   460000 |   543146805 |  17535728292 |         0 |      0 |  1424045880 |       0 |      0 |         0 
 101997 Thread 63 - PartitionProcessorThre...d55-ae55-31387d1437b4-2-9 |  1289000 |   476000 |   533330738 |  17222759292 |         0 |      0 |  1392543530 |       0 |      0 |         0 
 101998 Thread 64 - PartitionProcessorThre...55-ae55-31387d1437b4-2-10 |  1312000 |   448000 |   531463340 |  17174221722 |         0 |      0 |  1437270824 |       0 |      0 |         0 
 101999 Thread 65 - PartitionProcessorThre...55-ae55-31387d1437b4-2-11 |  1287000 |   449000 |   524242613 |  16939416316 |         0 |      0 |  1449362580 |       0 |      0 |         0 
 102000 Thread 66 - PartitionProcessorThre...55-ae55-31387d1437b4-2-12 |  1261000 |   470000 |   522985528 |  16891385257 |         0 |      0 |  1435064059 |       0 |      0 |         0 
 102001 Thread 67 - PartitionProcessorThre...55-ae55-31387d1437b4-2-13 |  1315000 |   425000 |   525723965 |  16979053593 |         0 |      0 |  1617349729 |       0 |      0 |         0 
 102002 Thread 68 - PartitionProcessorThre...55-ae55-31387d1437b4-2-14 |  1267000 |   484000 |   528780242 |  17086044390 |         0 |      0 |  1406764515 |       0 |      0 |         0 
 102003 Thread 69 - PartitionProcessorThre...55-ae55-31387d1437b4-2-15 |  1215000 |   432000 |   497948047 |  16071083230 |         0 |      0 |  1551436569 |       0 |      0 |         0 
 102004 Thread 70 - PartitionProcessorThre...55-ae55-31387d1437b4-2-16 |  1226000 |   395000 |   489352348 |  15817700219 |         0 |      0 |  1325371614 |       0 |      0 |         0 
 102005 Thread 71 - PartitionProcessorThre...55-ae55-31387d1437b4-2-17 |  1264000 |   392000 |   499793125 |  16159296195 |         0 |      0 |  1429180102 |       0 |      0 |         0 
 102006 Thread 72 - PartitionProcessorThre...55-ae55-31387d1437b4-2-18 |  1324000 |   486000 |   546487406 |  17661523937 |         0 |      0 |  1478934571 |       0 |      0 |         0 
 102007 Thread 73 - PartitionProcessorThre...55-ae55-31387d1437b4-2-19 |  1298000 |   461000 |   531603074 |  17164438277 |         0 |      0 |  1578831702 |       0 |      0 |         0 
 102407 Thread 74 - process reaper                                     |     1000 |        0 |      319605 |      9786003 |      2048 |      0 |       14157 |       0 |      0 |         0 
 102413 Thread 75 - Attach Listener                                    |   372000 |    89000 |   142806702 |   4505091815 |   5304320 | 205824 |     5022015 |       0 |      0 |         0 
