                                 Task                                 |  utime   |  stime   |     rss     |     vmem     |   read    | write  |    d:cpu    | d:bio  | d:swap | d:reclaim 
 36212 Thread 1 - main                                                |   829000 |   146000 |    65805314 |   7496009482 |  34258944 |   1024 |     8811275 |      0 |      0 |         0 
 36234 Thread 2 - Reference Handler                                   |     8000 |        0 |      793894 |     65156292 |         0 |      0 |       88702 |      0 |      0 |         0 
 36235 Thread 3 - Finalizer                                           |     8000 |        0 |      772382 |     65083253 |      5120 |      0 |     1127167 |      0 |      0 |         0 
 36236 Thread 4 - Surrogate Locker Thread (Concurrent GC)             |     1000 |        0 |       26718 |      7228289 |         0 |      0 |       11012 |      0 |      0 |         0 
 36237 Thread 5 - Signal Dispatcher                                   |        0 |     1000 |       26718 |      7228289 |         0 |      0 |       21630 |      0 |      0 |         0 
 36247 Thread 12 - RMI Scheduler(0)                                   |     3000 |     1000 |     1001859 |     37062499 |      4096 |      0 |      237119 |      0 |      0 |         0 
 36248 Thread 13 - RMI RenewClean-[10.231.182.152:42814]              |        0 |        0 |           0 |            0 |      1024 |      0 |           0 |      0 |      0 |         0 
 36249 Thread 14 - GC Daemon                                          |        0 |        0 |           0 |            0 |         0 |      0 |       11626 |      0 |      0 |         0 
 36251 Thread 15 - DecatonSubscriptionThread-decaton-benchmark        | 26181000 | 30933000 | 16852455278 | 556333680081 | 573398016 | 138240 | 18252266919 | 307551 |      0 |         0 
 36253 Thread 16 - kafka-coordinator-hear...hread | decaton-benchmark |   231000 |    48000 |    81897097 |   2713336764 |   6296576 |   5120 |    23994269 | 696191 |      0 |         0 
 36257 Thread 17 - PartitionProcessorThre...553-92af-dba7f4080756-0-0 |  1370000 |   425000 |   526289574 |  17501198127 |     33792 |      0 |  1675159920 |      0 |      0 |         0 
 36258 Thread 18 - PartitionProcessorThre...553-92af-dba7f4080756-0-1 |  1333000 |   422000 |   515837902 |  17115260779 |         0 |      0 |  1700905312 |      0 |      0 |         0 
 36259 Thread 19 - PartitionProcessorThre...553-92af-dba7f4080756-0-2 |  1382000 |   451000 |   539696699 |  17873197345 |      1024 |      0 |  1996837222 |      0 |      0 |         0 
 36260 Thread 20 - PartitionProcessorThre...553-92af-dba7f4080756-0-3 |  1251000 |   429000 |   494105879 |  16381915697 |         0 |      0 |  1820498331 |      0 |      0 |         0 
 36261 Thread 21 - PartitionProcessorThre...553-92af-dba7f4080756-0-4 |  1272000 |   411000 |   493204199 |  16406092197 |         0 |      0 |  1760228782 |      0 |      0 |         0 
 36262 Thread 22 - PartitionProcessorThre...553-92af-dba7f4080756-0-5 |  1336000 |   409000 |   509925488 |  17005813529 |      6144 |      0 |  1581848150 |      0 |      0 |         0 
 36263 Thread 23 - PartitionProcessorThre...553-92af-dba7f4080756-0-6 |  1331000 |   443000 |   520908656 |  17300291892 |      1024 |      0 |  1837603348 |      0 |      0 |         0 
 36264 Thread 24 - PartitionProcessorThre...553-92af-dba7f4080756-0-7 |  1352000 |   406000 |   515523011 |  17141374146 |         0 |      0 |  1909482403 |      0 |      0 |         0 
 36265 Thread 25 - PartitionProcessorThre...553-92af-dba7f4080756-0-8 |  1286000 |   406000 |   496172593 |  16496593459 |         0 |      0 |  1766074475 |      0 |      0 |         0 
 36266 Thread 26 - PartitionProcessorThre...553-92af-dba7f4080756-0-9 |  1344000 |   439000 |   522948269 |  17383532955 |      1024 |      0 |  1602860585 |      0 |      0 |         0 
 36267 Thread 27 - PartitionProcessorThre...53-92af-dba7f4080756-0-10 |  1323000 |   436000 |   516627441 |  17152822814 |         0 |      0 |  1699221550 |      0 |      0 |         0 
 36268 Thread 28 - PartitionProcessorThre...53-92af-dba7f4080756-0-11 |  1364000 |   412000 |   522223082 |  17320830107 |         0 |      0 |  1545534043 |      0 |      0 |         0 
 36269 Thread 29 - PartitionProcessorThre...53-92af-dba7f4080756-0-12 |  1284000 |   436000 |   503622277 |  16766959353 |         0 |      0 |  1746107216 |      0 |      0 |         0 
 36270 Thread 30 - PartitionProcessorThre...53-92af-dba7f4080756-0-13 |  1279000 |   405000 |   494022125 |  16420792857 |         0 |      0 |  1660200300 |      0 |      0 |         0 
 36271 Thread 31 - PartitionProcessorThre...53-92af-dba7f4080756-0-14 |  1256000 |   416000 |   490147453 |  16303903572 |         0 |      0 |  1714655877 |      0 |      0 |         0 
 36272 Thread 32 - PartitionProcessorThre...53-92af-dba7f4080756-0-15 |  1320000 |   424000 |   510189207 |  17005684318 |         0 |      0 |  1643608631 |      0 |      0 |         0 
 36273 Thread 33 - PartitionProcessorThre...53-92af-dba7f4080756-0-16 |  1254000 |   423000 |   493101668 |  16352669404 |         0 |      0 |  1696931218 |      0 |      0 |         0 
 36274 Thread 34 - PartitionProcessorThre...53-92af-dba7f4080756-0-17 |  1287000 |   475000 |   516265464 |  17181093822 |         0 |      0 |  1904089330 |      0 |      0 |         0 
 36275 Thread 35 - PartitionProcessorThre...53-92af-dba7f4080756-0-18 |  1239000 |   387000 |   476626769 |  15855364010 |         0 |      0 |  1542690515 |      0 |      0 |         0 
 36276 Thread 36 - PartitionProcessorThre...53-92af-dba7f4080756-0-19 |  1272000 |   414000 |   493039504 |  16437451779 |         0 |      0 |  1783517833 |      0 |      0 |         0 
 36278 Thread 37 - PartitionProcessorThre...553-92af-dba7f4080756-2-0 |  1244000 |   389000 |   482307726 |  15934634959 |         0 |      0 |  1646756786 |      0 |      0 |         0 
 36279 Thread 38 - PartitionProcessorThre...553-92af-dba7f4080756-2-1 |  1333000 |   439000 |   524417136 |  17291678959 |         0 |      0 |  1836251984 |      0 |      0 |         0 
 36280 Thread 39 - PartitionProcessorThre...553-92af-dba7f4080756-2-2 |  1284000 |   415000 |   501614672 |  16579052697 |         0 |      0 |  1638610201 |      0 |      0 |         0 
 36281 Thread 40 - PartitionProcessorThre...553-92af-dba7f4080756-2-3 |  1266000 |   417000 |   497423742 |  16422625670 |         0 |      0 |  1698191380 |      0 |      0 |         0 
 36282 Thread 41 - PartitionProcessorThre...553-92af-dba7f4080756-2-4 |  1305000 |   453000 |   519252304 |  17154526521 |         0 |      0 |  1745078330 |      0 |      0 |         0 
 36283 Thread 42 - PartitionProcessorThre...553-92af-dba7f4080756-2-5 |  1333000 |   440000 |   524795882 |  17300910771 |         0 |      0 |  1596662196 |      0 |      0 |         0 
 36284 Thread 43 - PartitionProcessorThre...553-92af-dba7f4080756-2-6 |  1331000 |   458000 |   529232847 |  17457875037 |         0 |      0 |  1532792971 |      0 |      0 |         0 
 36285 Thread 44 - PartitionProcessorThre...553-92af-dba7f4080756-2-7 |  1237000 |   425000 |   491981859 |  16218080283 |         0 |      0 |  1817848629 |      0 |      0 |         0 
 36286 Thread 45 - PartitionProcessorThre...553-92af-dba7f4080756-2-8 |  1235000 |   458000 |   500350746 |  16520804600 |         0 |      0 |  1670280719 |      0 |      0 |         0 
 36287 Thread 46 - PartitionProcessorThre...553-92af-dba7f4080756-2-9 |  1165000 |   385000 |   458883863 |  15125572315 |         0 |      0 |  1560336051 |      0 |      0 |         0 
 36288 Thread 47 - PartitionProcessorThre...53-92af-dba7f4080756-2-10 |  1230000 |   458000 |   499991629 |  16472236412 |         0 |      0 |  1715906418 |      0 |      0 |         0 
 36289 Thread 48 - PartitionProcessorThre...53-92af-dba7f4080756-2-11 |  1279000 |   385000 |   492829512 |  16237788951 |         0 |      0 |  1709570436 |      0 |      0 |         0 
 36290 Thread 49 - PartitionProcessorThre...53-92af-dba7f4080756-2-12 |  1219000 |   426000 |   487300305 |  16052128959 |         0 |      0 |  1651150417 |      0 |      0 |         0 
 36291 Thread 50 - PartitionProcessorThre...53-92af-dba7f4080756-2-13 |  1261000 |   408000 |   495376633 |  16286583279 |         0 |      0 |  1848174887 |      0 |      0 |         0 
 36292 Thread 51 - PartitionProcessorThre...53-92af-dba7f4080756-2-14 |  1359000 |   405000 |   523277000 |  17213589560 |         0 |      0 |  1713586853 |      0 |      0 |         0 
 36293 Thread 52 - PartitionProcessorThre...53-92af-dba7f4080756-2-15 |  1322000 |   423000 |   515615961 |  17028038908 |         0 |      0 |  1766374441 |      0 |      0 |         0 
 36294 Thread 53 - PartitionProcessorThre...53-92af-dba7f4080756-2-16 |  1333000 |   414000 |   517187882 |  17047667412 |         0 |      0 |  1570420074 |      0 |      0 |         0 
 36295 Thread 54 - PartitionProcessorThre...53-92af-dba7f4080756-2-17 |  1328000 |   434000 |   520310179 |  17194273392 |         0 |      0 |  1698127397 |      0 |      0 |         0 
 36296 Thread 55 - PartitionProcessorThre...53-92af-dba7f4080756-2-18 |  1254000 |   427000 |   496939781 |  16403482287 |         0 |      0 |  1668190778 |      0 |      0 |         0 
 36297 Thread 56 - PartitionProcessorThre...53-92af-dba7f4080756-2-19 |  1308000 |   421000 |   510935480 |  16872024900 |         0 |      0 |  1601363778 |      0 |      0 |         0 
 36298 Thread 57 - PartitionProcessorThre...553-92af-dba7f4080756-1-0 |  1370000 |   442000 |   537083015 |  17682055927 |         0 |      0 |  1779609618 |      0 |      0 |         0 
 36299 Thread 58 - PartitionProcessorThre...553-92af-dba7f4080756-1-1 |  1237000 |   409000 |   489914289 |  16062255084 |         0 |      0 |  1726827225 |      0 |      0 |         0 
 36300 Thread 59 - PartitionProcessorThre...553-92af-dba7f4080756-1-2 |  1280000 |   362000 |   489855289 |  16023066061 |         0 |      0 |  1737635563 |      0 |      0 |         0 
 36301 Thread 60 - PartitionProcessorThre...553-92af-dba7f4080756-1-3 |  1315000 |   368000 |   500540570 |  16423070646 |         0 |      0 |  1809387117 |      0 |      0 |         0 
 36302 Thread 61 - PartitionProcessorThre...553-92af-dba7f4080756-1-4 |  1310000 |   434000 |   518435218 |  17018278720 |         0 |      0 |  1905742896 |      0 |      0 |         0 
 36303 Thread 62 - PartitionProcessorThre...553-92af-dba7f4080756-1-5 |  1327000 |   395000 |   510809816 |  16803832799 |         0 |      0 |  1697426217 |      0 |      0 |         0 
 36304 Thread 63 - PartitionProcessorThre...553-92af-dba7f4080756-1-6 |  1224000 |   468000 |   502380652 |  16511178682 |         0 |      0 |  1609093605 |      0 |      0 |         0 
 36305 Thread 64 - PartitionProcessorThre...553-92af-dba7f4080756-1-7 |  1263000 |   451000 |   509032949 |  16726056721 |         0 |      0 |  1744535914 |      0 |      0 |         0 
 36306 Thread 65 - PartitionProcessorThre...553-92af-dba7f4080756-1-8 |  1250000 |   405000 |   492059484 |  16150093084 |         0 |      0 |  1702896919 |      0 |      0 |         0 
 36307 Thread 66 - PartitionProcessorThre...553-92af-dba7f4080756-1-9 |  1250000 |   403000 |   491921398 |  16130618412 |         0 |      0 |  1649837612 |      0 |      0 |         0 
 36308 Thread 67 - PartitionProcessorThre...53-92af-dba7f4080756-1-10 |  1282000 |   419000 |   505864078 |  16598925217 |         0 |      0 |  1619345590 |      0 |      0 |         0 
 36309 Thread 68 - PartitionProcessorThre...53-92af-dba7f4080756-1-11 |  1320000 |   443000 |   524938781 |  17203339431 |         0 |      0 |  1799546743 |      0 |      0 |         0 
 36310 Thread 69 - PartitionProcessorThre...53-92af-dba7f4080756-1-12 |  1274000 |   370000 |   489313047 |  16042711334 |         0 |      0 |  1713709946 |      0 |      0 |         0 
 36311 Thread 70 - PartitionProcessorThre...53-92af-dba7f4080756-1-13 |  1322000 |   395000 |   510933746 |  16755270283 |         0 |      0 |  1880360218 |      0 |      0 |         0 
 36312 Thread 71 - PartitionProcessorThre...53-92af-dba7f4080756-1-14 |  1266000 |   436000 |   506620390 |  16608532639 |         0 |      0 |  1630223178 |      0 |      0 |         0 
 36313 Thread 72 - PartitionProcessorThre...53-92af-dba7f4080756-1-15 |  1287000 |   448000 |   516465933 |  16930500724 |         0 |      0 |  1778563319 |      0 |      0 |         0 
 36314 Thread 73 - PartitionProcessorThre...53-92af-dba7f4080756-1-16 |  1280000 |   423000 |   506808019 |  16618692435 |         0 |      0 |  1714414576 |      0 |      0 |         0 
 36315 Thread 74 - PartitionProcessorThre...53-92af-dba7f4080756-1-17 |  1317000 |   418000 |   516448496 |  16930993486 |         0 |      0 |  1707683502 |      0 |      0 |         0 
 36316 Thread 75 - PartitionProcessorThre...53-92af-dba7f4080756-1-18 |  1188000 |   391000 |   469638617 |  15408273268 |  10831872 |      0 |  1647368472 |      0 |      0 |         0 
 36317 Thread 76 - PartitionProcessorThre...53-92af-dba7f4080756-1-19 |  1256000 |   426000 |   500689058 |  16413527408 |         0 |      0 |  1740983799 |      0 |      0 |         0 
 36774 Thread 77 - process reaper                                     |     1000 |     2000 |      946527 |     29329414 |         0 |      0 |      723828 |      0 |      0 |         0 
 36779 Thread 78 - Attach Listener                                    |   432000 |    95000 |   161156870 |   5151312159 |   5144576 | 158720 |     1554483 |      0 |      0 |         0 
