                                 Task                                 |  utime   |  stime   |     rss     |     vmem     |   read    | write  |    d:cpu    | d:bio  | d:swap | d:reclaim 
 34442 Thread 1 - main                                                |   820000 |   137000 |    67037916 |   7381847467 |  34323456 |   2048 |    14761303 |      0 |      0 |         0 
 34464 Thread 2 - Reference Handler                                   |     7000 |        0 |      725972 |     56720726 |         0 |      0 |     1921792 |      0 |      0 |         0 
 34465 Thread 3 - Finalizer                                           |     9000 |        0 |      830624 |     71469949 |     13312 |      0 |     1299305 |      0 |      0 |         0 
 34466 Thread 4 - Surrogate Locker Thread (Concurrent GC)             |     1000 |        0 |      104480 |      7966292 |         0 |      0 |           0 |      0 |      0 |         0 
 34467 Thread 5 - Signal Dispatcher                                   |        0 |        0 |           0 |            0 |         0 |      0 |           0 |      0 |      0 |         0 
 34477 Thread 12 - RMI Scheduler(0)                                   |     2000 |     2000 |     1191351 |     39061335 |      4096 |      0 |      116184 |      0 |      0 |         0 
 34478 Thread 13 - RMI RenewClean-[10.231.182.152:40906]              |     1000 |        0 |       83058 |      7893253 |      1024 |      0 |           0 |      0 |      0 |         0 
 34479 Thread 14 - GC Daemon                                          |        0 |        0 |           0 |            0 |         0 |      0 |       10086 |      0 |      0 |         0 
 34481 Thread 15 - DecatonSubscriptionThread-decaton-benchmark        | 27668000 | 30244000 | 16741718741 | 564171562712 | 572995584 | 153600 | 17831815784 | 223797 |      0 |         0 
 34484 Thread 16 - kafka-coordinator-hear...hread | decaton-benchmark |   268000 |    66000 |    96084081 |   3249641296 |   6757376 |   7168 |    54349159 | 910426 |      0 |         0 
 34487 Thread 17 - PartitionProcessorThre...fb3-9b26-e058e9e03d76-2-0 |  1332000 |   407000 |   502567535 |  16951799387 |     34816 |      0 |  1679640269 |      0 |      0 |         0 
 34488 Thread 18 - PartitionProcessorThre...fb3-9b26-e058e9e03d76-2-1 |  1434000 |   399000 |   531166902 |  17875681172 |         0 |      0 |  1689353612 |      0 |      0 |         0 
 34489 Thread 19 - PartitionProcessorThre...fb3-9b26-e058e9e03d76-2-2 |  1353000 |   371000 |   498477840 |  16808149172 |      2048 |      0 |  1610605916 |      0 |      0 |         0 
 34490 Thread 20 - PartitionProcessorThre...fb3-9b26-e058e9e03d76-2-3 |  1379000 |   404000 |   516316429 |  17387735769 |      1024 |      0 |  1750993103 |      0 |      0 |         0 
 34491 Thread 21 - PartitionProcessorThre...fb3-9b26-e058e9e03d76-2-4 |  1317000 |   433000 |   507090437 |  17067357187 |      1024 |      0 |  1706478620 |      0 |      0 |         0 
 34492 Thread 22 - PartitionProcessorThre...fb3-9b26-e058e9e03d76-2-5 |  1357000 |   411000 |   511763957 |  17247457012 |         0 |      0 |  1838886444 |      0 |      0 |         0 
 34493 Thread 23 - PartitionProcessorThre...fb3-9b26-e058e9e03d76-2-6 |  1282000 |   388000 |   481486066 |  16284666484 |      3072 |      0 |  1602613633 |      0 |      0 |         0 
 34494 Thread 24 - PartitionProcessorThre...fb3-9b26-e058e9e03d76-2-7 |  1349000 |   406000 |   509962082 |  17121394996 |         0 |      0 |  1592492495 |      0 |      0 |         0 
 34495 Thread 25 - PartitionProcessorThre...fb3-9b26-e058e9e03d76-2-8 |  1355000 |   385000 |   505346754 |  16974637508 |         0 |      0 |  1774036028 |      0 |      0 |         0 
 34496 Thread 26 - PartitionProcessorThre...fb3-9b26-e058e9e03d76-2-9 |  1406000 |   409000 |   524936054 |  17701222422 |         0 |      0 |  1668634023 |      0 |      0 |         0 
 34497 Thread 27 - PartitionProcessorThre...b3-9b26-e058e9e03d76-2-10 |  1302000 |   457000 |   510067043 |  17157823414 |         0 |      0 |  1835866924 |      0 |      0 |         0 
 34498 Thread 28 - PartitionProcessorThre...b3-9b26-e058e9e03d76-2-11 |  1362000 |   396000 |   509948148 |  17149054148 |         0 |      0 |  1572587704 |      0 |      0 |         0 
 34499 Thread 29 - PartitionProcessorThre...b3-9b26-e058e9e03d76-2-12 |  1334000 |   377000 |   494858363 |  16690161316 |         0 |      0 |  1682863353 |      0 |      0 |         0 
 34500 Thread 30 - PartitionProcessorThre...b3-9b26-e058e9e03d76-2-13 |  1423000 |   396000 |   526034015 |  17741341011 |         0 |      0 |  1612209702 |      0 |      0 |         0 
 34501 Thread 31 - PartitionProcessorThre...b3-9b26-e058e9e03d76-2-14 |  1342000 |   420000 |   511304601 |  17187401730 |         0 |      0 |  1831442140 |      0 |      0 |         0 
 34502 Thread 32 - PartitionProcessorThre...b3-9b26-e058e9e03d76-2-15 |  1363000 |   402000 |   510551383 |  17215335797 |  10831872 |      0 |  1707551977 |      0 |      0 |         0 
 34503 Thread 33 - PartitionProcessorThre...b3-9b26-e058e9e03d76-2-16 |  1337000 |   431000 |   512255429 |  17246294972 |         0 |      0 |  1629105516 |      0 |      0 |         0 
 34504 Thread 34 - PartitionProcessorThre...b3-9b26-e058e9e03d76-2-17 |  1406000 |   408000 |   525361429 |  17694912695 |         0 |      0 |  1766349314 |      0 |      0 |         0 
 34505 Thread 35 - PartitionProcessorThre...b3-9b26-e058e9e03d76-2-18 |  1356000 |   430000 |   519062570 |  17423812890 |         0 |      0 |  1805184443 |      0 |      0 |         0 
 34506 Thread 36 - PartitionProcessorThre...b3-9b26-e058e9e03d76-2-19 |  1367000 |   391000 |   509627801 |  17148233082 |         0 |      0 |  1788912470 |      0 |      0 |         0 
 34507 Thread 37 - PartitionProcessorThre...fb3-9b26-e058e9e03d76-1-0 |  1341000 |   447000 |   514006793 |  17447149738 |         0 |      0 |  1640956056 |      0 |      0 |         0 
 34508 Thread 38 - PartitionProcessorThre...fb3-9b26-e058e9e03d76-1-1 |  1336000 |   398000 |   499527289 |  16919923266 |         0 |      0 |  1539547706 |      0 |      0 |         0 
 34509 Thread 39 - PartitionProcessorThre...fb3-9b26-e058e9e03d76-1-2 |  1377000 |   452000 |   530776039 |  17847681449 |         0 |      0 |  1733570061 |      0 |      0 |         0 
 34510 Thread 40 - PartitionProcessorThre...fb3-9b26-e058e9e03d76-1-3 |  1278000 |   368000 |   476628203 |  16062006602 |         0 |      0 |  1397436171 |      0 |      0 |         0 
 34511 Thread 41 - PartitionProcessorThre...fb3-9b26-e058e9e03d76-1-4 |  1266000 |   431000 |   489440172 |  16559290602 |         0 |      0 |  1719057207 |      0 |      0 |         0 
 34512 Thread 42 - PartitionProcessorThre...fb3-9b26-e058e9e03d76-1-5 |  1304000 |   360000 |   479932973 |  16237269805 |         0 |      0 |  1485664765 |      0 |      0 |         0 
 34513 Thread 43 - PartitionProcessorThre...fb3-9b26-e058e9e03d76-1-6 |  1357000 |   437000 |   518063519 |  17505802074 |         0 |      0 |  1682614830 |      0 |      0 |         0 
 34514 Thread 44 - PartitionProcessorThre...fb3-9b26-e058e9e03d76-1-7 |  1434000 |   444000 |   543619664 |  18325594769 |         0 |      0 |  1830404354 |      0 |      0 |         0 
 34515 Thread 45 - PartitionProcessorThre...fb3-9b26-e058e9e03d76-1-8 |  1355000 |   412000 |   512623422 |  17242602988 |         0 |      0 |  1656033676 |      0 |      0 |         0 
 34516 Thread 46 - PartitionProcessorThre...fb3-9b26-e058e9e03d76-1-9 |  1342000 |   399000 |   503210386 |  16988801031 |         0 |      0 |  1670930756 |      0 |      0 |         0 
 34517 Thread 47 - PartitionProcessorThre...b3-9b26-e058e9e03d76-1-10 |  1294000 |   396000 |   488994394 |  16491299633 |         0 |      0 |  1614650755 |      0 |      0 |         0 
 34518 Thread 48 - PartitionProcessorThre...b3-9b26-e058e9e03d76-1-11 |  1309000 |   432000 |   503653855 |  16988687051 |         0 |      0 |  1696234247 |      0 |      0 |         0 
 34519 Thread 49 - PartitionProcessorThre...b3-9b26-e058e9e03d76-1-12 |  1330000 |   411000 |   503759160 |  16989116707 |         0 |      0 |  1671880251 |      0 |      0 |         0 
 34520 Thread 50 - PartitionProcessorThre...b3-9b26-e058e9e03d76-1-13 |  1398000 |   457000 |   537080418 |  18101104664 |         0 |      0 |  1644423181 |      0 |      0 |         0 
 34521 Thread 51 - PartitionProcessorThre...b3-9b26-e058e9e03d76-1-14 |  1320000 |   432000 |   505320996 |  17096119551 |         0 |      0 |  1571268795 |      0 |      0 |         0 
 34522 Thread 52 - PartitionProcessorThre...b3-9b26-e058e9e03d76-1-15 |  1313000 |   422000 |   501260336 |  16930269719 |         0 |      0 |  1520235995 |      0 |      0 |         0 
 34523 Thread 53 - PartitionProcessorThre...b3-9b26-e058e9e03d76-1-16 |  1406000 |   406000 |   523120152 |  17681433261 |         0 |      0 |  1563131573 |      0 |      0 |         0 
 34524 Thread 54 - PartitionProcessorThre...b3-9b26-e058e9e03d76-1-17 |  1421000 |   458000 |   543518804 |  18335738699 |         0 |      0 |  1852971019 |      0 |      0 |         0 
 34525 Thread 55 - PartitionProcessorThre...b3-9b26-e058e9e03d76-1-18 |  1331000 |   397000 |   499265379 |  16861938801 |         0 |      0 |  1614087606 |      0 |      0 |         0 
 34526 Thread 56 - PartitionProcessorThre...b3-9b26-e058e9e03d76-1-19 |  1407000 |   409000 |   525458867 |  17720755418 |         0 |      0 |  1674826147 |      0 |      0 |         0 
 34527 Thread 57 - PartitionProcessorThre...fb3-9b26-e058e9e03d76-0-0 |  1418000 |   412000 |   532747109 |  17857982722 |         0 |      0 |  1569233089 |      0 |      0 |         0 
 34528 Thread 58 - PartitionProcessorThre...fb3-9b26-e058e9e03d76-0-1 |  1317000 |   409000 |   502920156 |  16842920176 |         0 |      0 |  1664399910 |      0 |      0 |         0 
 34529 Thread 59 - PartitionProcessorThre...fb3-9b26-e058e9e03d76-0-2 |  1283000 |   398000 |   489618586 |  16403909754 |         0 |      0 |  1652775608 |      0 |      0 |         0 
 34530 Thread 60 - PartitionProcessorThre...fb3-9b26-e058e9e03d76-0-3 |  1331000 |   381000 |   499364055 |  16706833316 |         0 |      0 |  1551904665 |      0 |      0 |         0 
 34531 Thread 61 - PartitionProcessorThre...fb3-9b26-e058e9e03d76-0-4 |  1244000 |   415000 |   482914887 |  16189439453 |         0 |      0 |  1468703264 |      0 |      0 |         0 
 34532 Thread 62 - PartitionProcessorThre...fb3-9b26-e058e9e03d76-0-5 |  1365000 |   392000 |   511675594 |  17145168418 |         0 |      0 |  1725542611 |      0 |      0 |         0 
 34533 Thread 63 - PartitionProcessorThre...fb3-9b26-e058e9e03d76-0-6 |  1349000 |   409000 |   512307511 |  17154945113 |         0 |      0 |  1657801209 |      0 |      0 |         0 
 34534 Thread 64 - PartitionProcessorThre...fb3-9b26-e058e9e03d76-0-7 |  1295000 |   437000 |   505018238 |  16901386191 |         0 |      0 |  1529533574 |      0 |      0 |         0 
 34535 Thread 65 - PartitionProcessorThre...fb3-9b26-e058e9e03d76-0-8 |  1335000 |   394000 |   504415929 |  16872332074 |         0 |      0 |  1458236083 |      0 |      0 |         0 
 34536 Thread 66 - PartitionProcessorThre...fb3-9b26-e058e9e03d76-0-9 |  1307000 |   420000 |   503487496 |  16852591508 |         0 |      0 |  1431507921 |      0 |      0 |         0 
 34537 Thread 67 - PartitionProcessorThre...b3-9b26-e058e9e03d76-0-10 |  1360000 |   389000 |   508781898 |  17067357855 |         0 |      0 |  1680973571 |      0 |      0 |         0 
 34538 Thread 68 - PartitionProcessorThre...b3-9b26-e058e9e03d76-0-11 |  1282000 |   407000 |   492353047 |  16482055008 |         0 |      0 |  1426757341 |      0 |      0 |         0 
 34539 Thread 69 - PartitionProcessorThre...b3-9b26-e058e9e03d76-0-12 |  1349000 |   450000 |   523497304 |  17555140785 |         0 |      0 |  1553359161 |      0 |      0 |         0 
 34540 Thread 70 - PartitionProcessorThre...b3-9b26-e058e9e03d76-0-13 |  1337000 |   410000 |   508884437 |  17047468262 |         0 |      0 |  1689914868 |      0 |      0 |         0 
 34541 Thread 71 - PartitionProcessorThre...b3-9b26-e058e9e03d76-0-14 |  1331000 |   435000 |   514980515 |  17233143879 |         0 |      0 |  1651757660 |      0 |      0 |         0 
 34542 Thread 72 - PartitionProcessorThre...b3-9b26-e058e9e03d76-0-15 |  1298000 |   423000 |   501028129 |  16793928098 |         0 |      0 |  1672847815 |      0 |      0 |         0 
 34543 Thread 73 - PartitionProcessorThre...b3-9b26-e058e9e03d76-0-16 |  1368000 |   400000 |   514585972 |  17252943043 |         0 |      0 |  1487437436 |      0 |      0 |         0 
 34544 Thread 74 - PartitionProcessorThre...b3-9b26-e058e9e03d76-0-17 |  1299000 |   436000 |   505419930 |  16930691621 |         0 |      0 |  1459735612 |      0 |      0 |         0 
 34545 Thread 75 - PartitionProcessorThre...b3-9b26-e058e9e03d76-0-18 |  1316000 |   418000 |   505573082 |  16920782863 |      1024 |      0 |  1557329856 |      0 |      0 |         0 
 34546 Thread 76 - PartitionProcessorThre...b3-9b26-e058e9e03d76-0-19 |  1292000 |   404000 |   493899543 |  16550087059 |         0 |      0 |  1631157632 |      0 |      0 |         0 
 34950 Thread 77 - process reaper                                     |     1000 |     1000 |      618917 |     19577484 |         0 |      0 |        9916 |      0 |      0 |         0 
 34955 Thread 78 - Attach Listener                                    |   447000 |   101000 |   163065124 |   5356660757 |   5144576 | 140288 |     5491132 |      0 |      0 |         0 
