                                 Task                                  |  utime   |  stime   |     rss     |     vmem     |   read    | write  |    d:cpu    | d:bio  | d:swap | d:reclaim 
 103380 Thread 1 - main                                                |   558000 |    85000 |    39155549 |   4871200064 |  21054464 |   1024 |     5216079 |      0 |      0 |         0 
 103402 Thread 2 - Reference Handler                                   |     4000 |     1000 |      404304 |     37864386 |         0 |      0 |     2155700 |      0 |      0 |         0 
 103403 Thread 3 - Finalizer                                           |     6000 |        0 |      722761 |     47779386 |      5120 |      0 |     1600134 |      0 |      0 |         0 
 103404 Thread 4 - Surrogate Locker Thread (Concurrent GC)             |        0 |     1000 |       31441 |      7163285 |         0 |      0 |       31337 |      0 |      0 |         0 
 103405 Thread 5 - Signal Dispatcher                                   |        0 |        0 |           0 |            0 |         0 |      0 |       23948 |      0 |      0 |         0 
 103415 Thread 11 - DecatonSubscriptionThread-decaton-benchmark        | 29637000 | 32080000 | 18744849353 | 600939391493 | 636196864 | 121856 | 17785920853 |  57287 |      0 |         0 
 103416 Thread 13 - kafka-coordinator-hear...hread | decaton-benchmark |   155000 |    39000 |    58059745 |   1887008468 |   6932480 |   4096 |    42653508 | 150215 |      0 |         0 
 103419 Thread 14 - PartitionProcessorThre...ff1-a333-28468512fdeb-0-0 |  1287000 |   466000 |   530853785 |  17101966453 |     33792 |      0 |  1458563236 |      0 |      0 |         0 
 103420 Thread 15 - PartitionProcessorThre...ff1-a333-28468512fdeb-0-1 |  1230000 |   454000 |   511347352 |  16427680055 |         0 |      0 |  1234907256 |      0 |      0 |         0 
 103421 Thread 16 - PartitionProcessorThre...ff1-a333-28468512fdeb-0-2 |  1256000 |   483000 |   528971324 |  16967055852 |         0 |      0 |  1157528539 |      0 |      0 |         0 
 103422 Thread 17 - PartitionProcessorThre...ff1-a333-28468512fdeb-0-3 |  1224000 |   463000 |   512761817 |  16457129047 |         0 |      0 |  1244147375 |      0 |      0 |         0 
 103423 Thread 18 - PartitionProcessorThre...ff1-a333-28468512fdeb-0-4 |  1266000 |   480000 |   530300449 |  17032720887 |         0 |      0 |  1337714990 |      0 |      0 |         0 
 103424 Thread 19 - PartitionProcessorThre...ff1-a333-28468512fdeb-0-5 |  1293000 |   462000 |   531041586 |  17120537309 |      2048 |      0 |  1371984714 |      0 |      0 |         0 
 103425 Thread 20 - PartitionProcessorThre...ff1-a333-28468512fdeb-0-6 |  1328000 |   416000 |   526772660 |  17008063125 |    121856 |      0 |  1287322018 |      0 |      0 |         0 
 103426 Thread 21 - PartitionProcessorThre...ff1-a333-28468512fdeb-0-7 |  1235000 |   504000 |   525744332 |  16966728661 |         0 |      0 |  1458555691 |      0 |      0 |         0 
 103427 Thread 22 - PartitionProcessorThre...ff1-a333-28468512fdeb-0-8 |  1317000 |   459000 |   538947512 |  17327354000 |         0 |      0 |  1361414215 |      0 |      0 |         0 
 103428 Thread 23 - PartitionProcessorThre...ff1-a333-28468512fdeb-0-9 |  1305000 |   420000 |   523710910 |  16830573250 |      1024 |      0 |  1526314628 |      0 |      0 |         0 
 103429 Thread 24 - PartitionProcessorThre...f1-a333-28468512fdeb-0-10 |  1211000 |   429000 |   499420403 |  16001471352 |         0 |      0 |  1401673449 |      0 |      0 |         0 
 103430 Thread 25 - PartitionProcessorThre...f1-a333-28468512fdeb-0-11 |  1265000 |   458000 |   520484371 |  16808573692 |         0 |      0 |  1290721558 |      0 |      0 |         0 
 103431 Thread 26 - PartitionProcessorThre...f1-a333-28468512fdeb-0-12 |  1227000 |   457000 |   512986680 |  16431150868 |         0 |      0 |  1366867184 |      0 |      0 |         0 
 103432 Thread 27 - PartitionProcessorThre...f1-a333-28468512fdeb-0-13 |  1232000 |   494000 |   524381778 |  16840484891 |         0 |      0 |  1482878889 |      0 |      0 |         0 
 103433 Thread 28 - PartitionProcessorThre...f1-a333-28468512fdeb-0-14 |  1211000 |   447000 |   501711469 |  16174625653 |         0 |      0 |  1466942709 |      0 |      0 |         0 
 103434 Thread 29 - PartitionProcessorThre...f1-a333-28468512fdeb-0-15 |  1314000 |   491000 |   544398574 |  17609543035 |     43008 |      0 |  1515968843 |      0 |      0 |         0 
 103435 Thread 30 - PartitionProcessorThre...f1-a333-28468512fdeb-0-16 |  1259000 |   458000 |   520239899 |  16752519262 |      3072 |      0 |  1450825548 |      0 |      0 |         0 
 103436 Thread 31 - PartitionProcessorThre...f1-a333-28468512fdeb-0-17 |  1284000 |   484000 |   536202109 |  17251313403 |         0 |      0 |  1334200809 |      0 |      0 |         0 
 103437 Thread 32 - PartitionProcessorThre...f1-a333-28468512fdeb-0-18 |  1260000 |   473000 |   526592606 |  16911344516 |         0 |      0 |  1294621428 |      0 |      0 |         0 
 103438 Thread 33 - PartitionProcessorThre...f1-a333-28468512fdeb-0-19 |  1280000 |   467000 |   530243363 |  17046976211 |         0 |      0 |  1464750503 |      0 |      0 |         0 
 103439 Thread 34 - PartitionProcessorThre...ff1-a333-28468512fdeb-2-0 |  1194000 |   432000 |   496590000 |  15866158997 |         0 |      0 |  1179982897 |      0 |      0 |         0 
 103440 Thread 35 - PartitionProcessorThre...ff1-a333-28468512fdeb-2-1 |  1253000 |   408000 |   507761067 |  16208457868 |         0 |      0 |  1324572950 |      0 |      0 |         0 
 103441 Thread 36 - PartitionProcessorThre...ff1-a333-28468512fdeb-2-2 |  1168000 |   468000 |   500012930 |  15963333504 |         0 |      0 |  1275411346 |      0 |      0 |         0 
 103442 Thread 37 - PartitionProcessorThre...ff1-a333-28468512fdeb-2-3 |  1275000 |   411000 |   515349539 |  16452008415 |         0 |      0 |  1421487793 |      0 |      0 |         0 
 103443 Thread 38 - PartitionProcessorThre...ff1-a333-28468512fdeb-2-4 |  1246000 |   437000 |   513707442 |  16422069774 |         0 |      0 |  1451098933 |      0 |      0 |         0 
 103444 Thread 39 - PartitionProcessorThre...ff1-a333-28468512fdeb-2-5 |  1291000 |   516000 |   551763601 |  17632848895 |         0 |      0 |  1313729955 |      0 |      0 |         0 
 103445 Thread 40 - PartitionProcessorThre...ff1-a333-28468512fdeb-2-6 |  1256000 |   485000 |   531424668 |  16988195133 |         0 |      0 |  1507728947 |      0 |      0 |         0 
 103446 Thread 41 - PartitionProcessorThre...ff1-a333-28468512fdeb-2-7 |  1199000 |   456000 |   505674586 |  16149588227 |         0 |      0 |  1520041691 |      0 |      0 |         0 
 103447 Thread 42 - PartitionProcessorThre...ff1-a333-28468512fdeb-2-8 |  1203000 |   441000 |   502084500 |  16042642645 |         0 |      0 |  1468350457 |      0 |      0 |         0 
 103448 Thread 43 - PartitionProcessorThre...ff1-a333-28468512fdeb-2-9 |  1220000 |   473000 |   517352781 |  16520105258 |         0 |      0 |  1543807866 |      0 |      0 |         0 
 103449 Thread 44 - PartitionProcessorThre...f1-a333-28468512fdeb-2-10 |  1211000 |   430000 |   501163426 |  16012623274 |         0 |      0 |  1532454325 |      0 |      0 |         0 
 103450 Thread 45 - PartitionProcessorThre...f1-a333-28468512fdeb-2-11 |  1241000 |   459000 |   520138852 |  16588611747 |         0 |      0 |  1464656678 |      0 |      0 |         0 
 103451 Thread 46 - PartitionProcessorThre...f1-a333-28468512fdeb-2-12 |  1298000 |   446000 |   532492711 |  17018140809 |         0 |      0 |  1288783291 |      0 |      0 |         0 
 103452 Thread 47 - PartitionProcessorThre...f1-a333-28468512fdeb-2-13 |  1244000 |   460000 |   519949641 |  16627876243 |         0 |      0 |  1405395043 |      0 |      0 |         0 
 103453 Thread 48 - PartitionProcessorThre...f1-a333-28468512fdeb-2-14 |  1194000 |   453000 |   504100981 |  16071817911 |         0 |      0 |  1400195141 |      0 |      0 |         0 
 103454 Thread 49 - PartitionProcessorThre...f1-a333-28468512fdeb-2-15 |  1245000 |   425000 |   510504906 |  16295180895 |         0 |      0 |  1259729314 |      0 |      0 |         0 
 103455 Thread 50 - PartitionProcessorThre...f1-a333-28468512fdeb-2-16 |  1218000 |   492000 |   523129176 |  16685741454 |         0 |      0 |  1133452728 |      0 |      0 |         0 
 103456 Thread 51 - PartitionProcessorThre...f1-a333-28468512fdeb-2-17 |  1229000 |   444000 |   510904973 |  16324776180 |         0 |      0 |  1398202585 |      0 |      0 |         0 
 103457 Thread 52 - PartitionProcessorThre...f1-a333-28468512fdeb-2-18 |  1256000 |   476000 |   529705922 |  16900805118 |         0 |      0 |  1500276039 |      0 |      0 |         0 
 103458 Thread 53 - PartitionProcessorThre...f1-a333-28468512fdeb-2-19 |  1197000 |   464000 |   508026481 |  16207680102 |         0 |      0 |  1422045273 |      0 |      0 |         0 
 103459 Thread 54 - PartitionProcessorThre...ff1-a333-28468512fdeb-1-0 |  1203000 |   418000 |   496614571 |  15817972469 |      1024 |      0 |  1299633032 |      0 |      0 |         0 
 103460 Thread 55 - PartitionProcessorThre...ff1-a333-28468512fdeb-1-1 |  1251000 |   486000 |   531786703 |  16949729461 |         0 |      0 |  1236151282 |      0 |      0 |         0 
 103461 Thread 56 - PartitionProcessorThre...ff1-a333-28468512fdeb-1-2 |  1211000 |   468000 |   514194363 |  16384104500 |         0 |      0 |  1406343575 |      0 |      0 |         0 
 103462 Thread 57 - PartitionProcessorThre...ff1-a333-28468512fdeb-1-3 |  1243000 |   498000 |   532863469 |  16988951950 |         0 |      0 |  1451667315 |      0 |      0 |         0 
 103463 Thread 58 - PartitionProcessorThre...ff1-a333-28468512fdeb-1-4 |  1225000 |   470000 |   519619625 |  16540265942 |         0 |      0 |  1468937395 |      0 |      0 |         0 
 103464 Thread 59 - PartitionProcessorThre...ff1-a333-28468512fdeb-1-5 |  1204000 |   420000 |   497482223 |  15846976278 |         0 |      0 |  1310839403 |      0 |      0 |         0 
 103465 Thread 60 - PartitionProcessorThre...ff1-a333-28468512fdeb-1-6 |  1134000 |   485000 |   495921700 |  15797753563 |         0 |      0 |  1318355355 |      0 |      0 |         0 
 103466 Thread 61 - PartitionProcessorThre...ff1-a333-28468512fdeb-1-7 |  1291000 |   471000 |   539738277 |  17193967879 |         0 |      0 |  1380929119 |      0 |      0 |         0 
 103467 Thread 62 - PartitionProcessorThre...ff1-a333-28468512fdeb-1-8 |  1227000 |   452000 |   514304320 |  16383972715 |         0 |      0 |  1467800029 |      0 |      0 |         0 
 103468 Thread 63 - PartitionProcessorThre...ff1-a333-28468512fdeb-1-9 |  1198000 |   439000 |   501873965 |  15974247567 |         0 |      0 |  1254675896 |      0 |      0 |         0 
 103469 Thread 64 - PartitionProcessorThre...f1-a333-28468512fdeb-1-10 |  1257000 |   457000 |   525518797 |  16725218926 |         0 |      0 |  1348669517 |      0 |      0 |         0 
 103470 Thread 65 - PartitionProcessorThre...f1-a333-28468512fdeb-1-11 |  1169000 |   433000 |   491186043 |  15633114989 |         0 |      0 |  1298021658 |      0 |      0 |         0 
 103471 Thread 66 - PartitionProcessorThre...f1-a333-28468512fdeb-1-12 |  1233000 |   408000 |   503013301 |  16013242649 |         0 |      0 |  1416222715 |      0 |      0 |         0 
 103472 Thread 67 - PartitionProcessorThre...f1-a333-28468512fdeb-1-13 |  1167000 |   477000 |   503041996 |  16041874313 |         0 |      0 |  1244961195 |      0 |      0 |         0 
 103473 Thread 68 - PartitionProcessorThre...f1-a333-28468512fdeb-1-14 |  1194000 |   444000 |   501927086 |  15983932024 |         0 |      0 |  1504174453 |      0 |      0 |         0 
 103474 Thread 69 - PartitionProcessorThre...f1-a333-28468512fdeb-1-15 |  1185000 |   429000 |   494077723 |  15749577118 |         0 |      0 |  1074677901 |      0 |      0 |         0 
 103475 Thread 70 - PartitionProcessorThre...f1-a333-28468512fdeb-1-16 |  1196000 |   475000 |   512334965 |  16305734969 |         0 |      0 |  1325855024 |      0 |      0 |         0 
 103476 Thread 71 - PartitionProcessorThre...f1-a333-28468512fdeb-1-17 |  1238000 |   491000 |   529559859 |  16871844930 |         0 |      0 |  1451199211 |      0 |      0 |         0 
 103477 Thread 72 - PartitionProcessorThre...f1-a333-28468512fdeb-1-18 |  1221000 |   451000 |   511788305 |  16314797653 |         0 |      0 |  1418936738 |      0 |      0 |         0 
 103478 Thread 73 - PartitionProcessorThre...f1-a333-28468512fdeb-1-19 |  1218000 |   453000 |   512104582 |  16305325532 |         0 |      0 |  1503415584 |      0 |      0 |         0 
 103806 Thread 74 - process reaper                                     |     1000 |     2000 |      944468 |     29326265 |      2048 |      0 |           0 |      0 |      0 |         0 
 103812 Thread 75 - Attach Listener                                    |   359000 |   105000 |   144027913 |   4534489663 |   5304320 | 167936 |     2613589 |      0 |      0 |         0 
