                                 Task                                  |  utime   |  stime   |     rss     |     vmem     |   read    | write  |    d:cpu    | d:bio  | d:swap | d:reclaim 
 146141 Thread 1 - main                                                |   820000 |   150000 |    64311431 |   7433844994 |  34336768 |   1024 |     5620423 |      0 |      0 |         0 
 146163 Thread 2 - Reference Handler                                   |     7000 |        0 |      958851 |     58821363 |         0 |      0 |      233747 |      0 |      0 |         0 
 146164 Thread 3 - Finalizer                                           |     7000 |        0 |      646292 |     55815550 |      5120 |      0 |     4483664 |      0 |      0 |         0 
 146165 Thread 4 - Surrogate Locker Thread (Concurrent GC)             |        0 |        0 |           0 |            0 |         0 |      0 |       11064 |      0 |      0 |         0 
 146166 Thread 5 - Signal Dispatcher                                   |        0 |        0 |           0 |            0 |         0 |      0 |        7172 |      0 |      0 |         0 
 146175 Thread 12 - RMI Scheduler(0)                                   |     3000 |        0 |      907332 |     29272593 |      4096 |      0 |        5666 |      0 |      0 |         0 
 146176 Thread 13 - RMI RenewClean-[10.231.182.152:46360]              |        0 |        0 |           0 |            0 |      1024 |      0 |      459746 |      0 |      0 |         0 
 146177 Thread 14 - GC Daemon                                          |        0 |        0 |           0 |            0 |         0 |      0 |           0 |      0 |      0 |         0 
 146180 Thread 15 - DecatonSubscriptionThread-decaton-benchmark        | 28461000 | 33912000 | 18764201485 | 607940843382 | 623531008 | 129024 | 21352058794 | 107324 |      0 |         0 
 146181 Thread 16 - kafka-coordinator-hear...hread | decaton-benchmark |   211000 |    50000 |    76563624 |   2534803140 |   7472128 |   5120 |    18453316 | 261520 |      0 |         0 
 146185 Thread 17 - PartitionProcessorThre...087-aa34-5de2e909aa0a-1-0 |  1492000 |   494000 |   595491022 |  19354472163 |     41984 |      0 |  1498900744 |      0 |      0 |         0 
 146186 Thread 18 - PartitionProcessorThre...087-aa34-5de2e909aa0a-1-1 |  1572000 |   487000 |   618712272 |  20086149835 |         0 |      0 |  1511297552 |      0 |      0 |         0 
 146187 Thread 19 - PartitionProcessorThre...087-aa34-5de2e909aa0a-1-2 |  1511000 |   473000 |   596159675 |  19353528343 |         0 |      0 |  1522328573 |      0 |      0 |         0 
 146188 Thread 20 - PartitionProcessorThre...087-aa34-5de2e909aa0a-1-3 |  1479000 |   446000 |   578465562 |  18777976284 |         0 |      0 |  1704644309 |      0 |      0 |         0 
 146189 Thread 21 - PartitionProcessorThre...087-aa34-5de2e909aa0a-1-4 |  1420000 |   459000 |   566278109 |  18332715718 |         0 |      0 |  1378532415 |      0 |      0 |         0 
 146190 Thread 22 - PartitionProcessorThre...087-aa34-5de2e909aa0a-1-5 |  1436000 |   460000 |   569496374 |  18497906183 |         0 |      0 |  1733091438 |      0 |      0 |         0 
 146191 Thread 23 - PartitionProcessorThre...087-aa34-5de2e909aa0a-1-6 |  1406000 |   473000 |   565033652 |  18332067089 |         0 |      0 |  1618384236 |      0 |      0 |         0 
 146192 Thread 24 - PartitionProcessorThre...087-aa34-5de2e909aa0a-1-7 |  1492000 |   487000 |   595630331 |  19309473277 |         0 |      0 |  1468248164 |      0 |      0 |         0 
 146193 Thread 25 - PartitionProcessorThre...087-aa34-5de2e909aa0a-1-8 |  1455000 |   484000 |   581516812 |  18917881972 |         0 |      0 |  1208711891 |      0 |      0 |         0 
 146194 Thread 26 - PartitionProcessorThre...087-aa34-5de2e909aa0a-1-9 |  1480000 |   468000 |   584412198 |  19005655991 |         0 |      0 |  1305436829 |      0 |      0 |         0 
 146195 Thread 27 - PartitionProcessorThre...87-aa34-5de2e909aa0a-1-10 |  1472000 |   481000 |   586893616 |  19055614902 |         0 |      0 |  1593121325 |      0 |      0 |         0 
 146196 Thread 28 - PartitionProcessorThre...87-aa34-5de2e909aa0a-1-11 |  1506000 |   449000 |   587309527 |  19073942261 |         0 |      0 |  1572983504 |      0 |      0 |         0 
 146197 Thread 29 - PartitionProcessorThre...87-aa34-5de2e909aa0a-1-12 |  1491000 |   474000 |   591470632 |  19174126163 |         0 |      0 |  1621222013 |      0 |      0 |         0 
 146198 Thread 30 - PartitionProcessorThre...87-aa34-5de2e909aa0a-1-13 |  1474000 |   494000 |   591311245 |  19201852616 |         0 |      0 |  1702326501 |      0 |      0 |         0 
 146199 Thread 31 - PartitionProcessorThre...87-aa34-5de2e909aa0a-1-14 |  1447000 |   479000 |   579441991 |  18792462093 |         0 |      0 |  1503336488 |      0 |      0 |         0 
 146200 Thread 32 - PartitionProcessorThre...87-aa34-5de2e909aa0a-1-15 |  1482000 |   442000 |   579417726 |  18773381636 |         0 |      0 |  1549356142 |      0 |      0 |         0 
 146201 Thread 33 - PartitionProcessorThre...87-aa34-5de2e909aa0a-1-16 |  1517000 |   430000 |   584260714 |  18996140624 |         0 |      0 |  1700994221 |      0 |      0 |         0 
 146202 Thread 34 - PartitionProcessorThre...87-aa34-5de2e909aa0a-1-17 |  1445000 |   527000 |   593065933 |  19242574159 |         0 |      0 |  1692688854 |      0 |      0 |         0 
 146203 Thread 35 - PartitionProcessorThre...87-aa34-5de2e909aa0a-1-18 |  1463000 |   463000 |   581703968 |  18796510491 |         0 |      0 |  1747754024 |      0 |      0 |         0 
 146204 Thread 36 - PartitionProcessorThre...87-aa34-5de2e909aa0a-1-19 |  1482000 |   449000 |   581164062 |  18841512734 |         0 |      0 |  1626233836 |      0 |      0 |         0 
 146205 Thread 37 - PartitionProcessorThre...087-aa34-5de2e909aa0a-0-0 |  1448000 |   475000 |   577442804 |  18768984257 |         0 |      0 |  1407711496 |      0 |      0 |         0 
 146206 Thread 38 - PartitionProcessorThre...087-aa34-5de2e909aa0a-0-1 |  1428000 |   467000 |   568485831 |  18496288632 |         0 |      0 |  1509522582 |      0 |      0 |         0 
 146207 Thread 39 - PartitionProcessorThre...087-aa34-5de2e909aa0a-0-2 |  1491000 |   497000 |   596530229 |  19402649073 |         0 |      0 |  1635168225 |      0 |      0 |         0 
 146208 Thread 40 - PartitionProcessorThre...087-aa34-5de2e909aa0a-0-3 |  1501000 |   452000 |   587530987 |  19061540620 |      1024 |      0 |  1487995122 |      0 |      0 |         0 
 146209 Thread 41 - PartitionProcessorThre...087-aa34-5de2e909aa0a-0-4 |  1499000 |   440000 |   582282253 |  18925943468 |         0 |      0 |  1602806545 |      0 |      0 |         0 
 146210 Thread 42 - PartitionProcessorThre...087-aa34-5de2e909aa0a-0-5 |  1431000 |   398000 |   547746308 |  17851752617 |         0 |      0 |  1602199969 |      0 |      0 |         0 
 146211 Thread 43 - PartitionProcessorThre...087-aa34-5de2e909aa0a-0-6 |  1436000 |   522000 |   587026187 |  19111102593 |         0 |      0 |  1536115037 |      0 |      0 |         0 
 146212 Thread 44 - PartitionProcessorThre...087-aa34-5de2e909aa0a-0-7 |  1386000 |   468000 |   556698675 |  18096173074 |         0 |      0 |  1614554127 |      0 |      0 |         0 
 146213 Thread 45 - PartitionProcessorThre...087-aa34-5de2e909aa0a-0-8 |  1459000 |   422000 |   563983136 |  18359135964 |         0 |      0 |  1693388854 |      0 |      0 |         0 
 146214 Thread 46 - PartitionProcessorThre...087-aa34-5de2e909aa0a-0-9 |  1388000 |   438000 |   547941046 |  17822669972 |         0 |      0 |  1468097832 |      0 |      0 |         0 
 146215 Thread 47 - PartitionProcessorThre...87-aa34-5de2e909aa0a-0-10 |  1422000 |   446000 |   561222667 |  18233193921 |         0 |      0 |  1385579607 |      0 |      0 |         0 
 146216 Thread 48 - PartitionProcessorThre...87-aa34-5de2e909aa0a-0-11 |  1479000 |   471000 |   586662062 |  19032536753 |         0 |      0 |  1713155095 |      0 |      0 |         0 
 146217 Thread 49 - PartitionProcessorThre...87-aa34-5de2e909aa0a-0-12 |  1448000 |   421000 |   561665687 |  18241970593 |         0 |      0 |  1408074075 |      0 |      0 |         0 
 146218 Thread 50 - PartitionProcessorThre...87-aa34-5de2e909aa0a-0-13 |  1464000 |   400000 |   559239214 |  18193201722 |         0 |      0 |  1741675820 |      0 |      0 |         0 
 146219 Thread 51 - PartitionProcessorThre...87-aa34-5de2e909aa0a-0-14 |  1450000 |   491000 |   585130339 |  18945766577 |         0 |      0 |  1357853109 |      0 |      0 |         0 
 146220 Thread 52 - PartitionProcessorThre...87-aa34-5de2e909aa0a-0-15 |  1517000 |   472000 |   598129644 |  19413897819 |         0 |      0 |  1646844426 |      0 |      0 |         0 
 146221 Thread 53 - PartitionProcessorThre...87-aa34-5de2e909aa0a-0-16 |  1489000 |   462000 |   584198569 |  19042284718 |         0 |      0 |  1601773200 |      0 |      0 |         0 
 146222 Thread 54 - PartitionProcessorThre...87-aa34-5de2e909aa0a-0-17 |  1492000 |   456000 |   586525343 |  19013491124 |         0 |      0 |  1709877259 |      0 |      0 |         0 
 146223 Thread 55 - PartitionProcessorThre...87-aa34-5de2e909aa0a-0-18 |  1521000 |   497000 |   604112210 |  19695999054 |         0 |      0 |  1742522915 |      0 |      0 |         0 
 146224 Thread 56 - PartitionProcessorThre...87-aa34-5de2e909aa0a-0-19 |  1570000 |   500000 |   622206221 |  20203923046 |         0 |      0 |  1506954874 |      0 |      0 |         0 
 146226 Thread 57 - PartitionProcessorThre...087-aa34-5de2e909aa0a-2-0 |  1429000 |   491000 |   580141609 |  18740666722 |         0 |      0 |  1446158057 |      0 |      0 |         0 
 146227 Thread 58 - PartitionProcessorThre...087-aa34-5de2e909aa0a-2-1 |  1427000 |   436000 |   563519284 |  18184897433 |         0 |      0 |  1586102469 |      0 |      0 |         0 
 146228 Thread 59 - PartitionProcessorThre...087-aa34-5de2e909aa0a-2-2 |  1388000 |   485000 |   566493554 |  18282430257 |         0 |      0 |  1608939467 |      0 |      0 |         0 
 146229 Thread 60 - PartitionProcessorThre...087-aa34-5de2e909aa0a-2-3 |  1411000 |   456000 |   565449542 |  18223993730 |         0 |      0 |  1500555641 |      0 |      0 |         0 
 146230 Thread 61 - PartitionProcessorThre...087-aa34-5de2e909aa0a-2-4 |  1433000 |   467000 |   575356741 |  18545926089 |      1024 |      0 |  1554135444 |      0 |      0 |         0 
 146231 Thread 62 - PartitionProcessorThre...087-aa34-5de2e909aa0a-2-5 |  1396000 |   490000 |   570230015 |  18408167722 |         0 |      0 |  1758428145 |      0 |      0 |         0 
 146232 Thread 63 - PartitionProcessorThre...087-aa34-5de2e909aa0a-2-6 |  1395000 |   454000 |   559131902 |  18047295121 |         0 |      0 |  1358581465 |      0 |      0 |         0 
 146233 Thread 64 - PartitionProcessorThre...087-aa34-5de2e909aa0a-2-7 |  1444000 |   496000 |   587029206 |  18935858480 |         0 |      0 |  1649970644 |      0 |      0 |         0 
 146234 Thread 65 - PartitionProcessorThre...087-aa34-5de2e909aa0a-2-8 |  1447000 |   472000 |   579779655 |  18730907300 |         0 |      0 |  1517638069 |      0 |      0 |         0 
 146235 Thread 66 - PartitionProcessorThre...087-aa34-5de2e909aa0a-2-9 |  1461000 |   471000 |   584334722 |  18857763222 |         0 |      0 |  1467989563 |      0 |      0 |         0 
 146236 Thread 67 - PartitionProcessorThre...87-aa34-5de2e909aa0a-2-10 |  1416000 |   516000 |   585298530 |  18858011034 |         0 |      0 |  1524435875 |      0 |      0 |         0 
 146237 Thread 68 - PartitionProcessorThre...87-aa34-5de2e909aa0a-2-11 |  1390000 |   489000 |   568144515 |  18339866910 |         0 |      0 |  1506896762 |      0 |      0 |         0 
 146238 Thread 69 - PartitionProcessorThre...87-aa34-5de2e909aa0a-2-12 |  1427000 |   452000 |   568153730 |  18339759324 |         0 |      0 |  1563478234 |      0 |      0 |         0 
 146239 Thread 70 - PartitionProcessorThre...87-aa34-5de2e909aa0a-2-13 |  1508000 |   437000 |   588304374 |  18984295019 |         0 |      0 |  1546042565 |      0 |      0 |         0 
 146240 Thread 71 - PartitionProcessorThre...87-aa34-5de2e909aa0a-2-14 |  1506000 |   433000 |   586316769 |  18926625862 |         0 |      0 |  1635950340 |      0 |      0 |         0 
 146241 Thread 72 - PartitionProcessorThre...87-aa34-5de2e909aa0a-2-15 |  1459000 |   467000 |   583810655 |  18800060745 |         0 |      0 |  1715884906 |      0 |      0 |         0 
 146242 Thread 73 - PartitionProcessorThre...87-aa34-5de2e909aa0a-2-16 |  1464000 |   436000 |   574738792 |  18546021597 |         0 |      0 |  1683011437 |      0 |      0 |         0 
 146243 Thread 74 - PartitionProcessorThre...87-aa34-5de2e909aa0a-2-17 |  1359000 |   484000 |   558250308 |  17989779894 |         0 |      0 |  1649384941 |      0 |      0 |         0 
 146244 Thread 75 - PartitionProcessorThre...87-aa34-5de2e909aa0a-2-18 |  1349000 |   427000 |   538436722 |  17335650769 |         0 |      0 |  1483535031 |      0 |      0 |         0 
 146245 Thread 76 - PartitionProcessorThre...87-aa34-5de2e909aa0a-2-19 |  1387000 |   496000 |   568973878 |  18379860792 |         0 |      0 |  1701878528 |      0 |      0 |         0 
 146532 Thread 77 - process reaper                                     |     1000 |        0 |      310218 |      9788742 |         0 |      0 |       11836 |      0 |      0 |         0 
 146538 Thread 78 - Attach Listener                                    |   444000 |   101000 |   167505807 |   5327448050 |   5144576 | 217088 |     3222993 |      0 |      0 |         0 
