                                 Task                                  |  utime   |  stime   |     rss     |     vmem     |   read    | write  |    d:cpu    | d:bio  | d:swap | d:reclaim 
 128151 Thread 1 - main                                                |   576000 |    80000 |    39796651 |   4963106964 |  21218304 |   1024 |     5897068 |      0 |      0 |         0 
 128173 Thread 2 - Reference Handler                                   |     5000 |        0 |      494390 |     38768867 |         0 |      0 |     1590614 |      0 |      0 |         0 
 128174 Thread 3 - Finalizer                                           |     3000 |     2000 |      406726 |     37929406 |      5120 |      0 |      788283 |      0 |      0 |         0 
 128175 Thread 4 - Surrogate Locker Thread (Concurrent GC)             |        0 |     1000 |       30347 |      7291285 |         0 |      0 |         739 |      0 |      0 |         0 
 128176 Thread 5 - Signal Dispatcher                                   |        0 |     1000 |      306597 |      9756039 |         0 |      0 |        9935 |      0 |      0 |         0 
 128187 Thread 11 - DecatonSubscriptionThread-decaton-benchmark        | 29164000 | 32103000 | 18542031163 | 596661172740 | 638169088 | 119808 | 18806692971 | 102719 |      0 |         0 
 128188 Thread 13 - kafka-coordinator-hear...hread | decaton-benchmark |   162000 |    34000 |    58912581 |   1910074585 |   4786176 |   3072 |    16313456 | 637802 |      0 |         0 
 128192 Thread 14 - PartitionProcessorThre...7f2-92da-271b6d0d6f0e-2-0 |  1372000 |   452000 |   553333738 |  17794327093 |     33792 |      0 |  1305377810 |      0 |      0 |         0 
 128193 Thread 15 - PartitionProcessorThre...7f2-92da-271b6d0d6f0e-2-1 |  1379000 |   428000 |   544600163 |  17622852675 |         0 |      0 |  1497935148 |      0 |      0 |         0 
 128194 Thread 16 - PartitionProcessorThre...7f2-92da-271b6d0d6f0e-2-2 |  1338000 |   485000 |   550649218 |  17770583632 |    118784 |      0 |  1666109213 |      0 |      0 |         0 
 128195 Thread 17 - PartitionProcessorThre...7f2-92da-271b6d0d6f0e-2-3 |  1397000 |   461000 |   559104042 |  18112026042 |      6144 |      0 |  1522033981 |      0 |      0 |         0 
 128196 Thread 18 - PartitionProcessorThre...7f2-92da-271b6d0d6f0e-2-4 |  1298000 |   456000 |   530507495 |  17112390746 |      3072 |      0 |  1605127976 |      0 |      0 |         0 
 128199 Thread 19 - PartitionProcessorThre...7f2-92da-271b6d0d6f0e-2-5 |  1345000 |   495000 |   557673597 |  17952494074 |      1024 |      0 |  1600343602 |      0 |      0 |         0 
 128201 Thread 20 - PartitionProcessorThre...7f2-92da-271b6d0d6f0e-2-6 |  1285000 |   440000 |   523568843 |  16830622093 |         0 |      0 |  1444639121 |      0 |      0 |         0 
 128202 Thread 21 - PartitionProcessorThre...7f2-92da-271b6d0d6f0e-2-7 |  1324000 |   452000 |   536942300 |  17329547789 |         0 |      0 |  1554839104 |      0 |      0 |         0 
 128204 Thread 22 - PartitionProcessorThre...7f2-92da-271b6d0d6f0e-2-8 |  1324000 |   434000 |   531163909 |  17151847281 |         0 |      0 |  1318140435 |      0 |      0 |         0 
 128205 Thread 23 - PartitionProcessorThre...7f2-92da-271b6d0d6f0e-2-9 |  1338000 |   440000 |   538417261 |  17347534316 |         0 |      0 |  1637749963 |      0 |      0 |         0 
 128207 Thread 24 - PartitionProcessorThre...f2-92da-271b6d0d6f0e-2-10 |  1331000 |   435000 |   533830406 |  17229510277 |         0 |      0 |  1508973699 |      0 |      0 |         0 
 128209 Thread 25 - PartitionProcessorThre...f2-92da-271b6d0d6f0e-2-11 |  1361000 |   451000 |   547683843 |  17678078488 |         0 |      0 |  1197800021 |      0 |      0 |         0 
 128210 Thread 26 - PartitionProcessorThre...f2-92da-271b6d0d6f0e-2-12 |  1343000 |   422000 |   534898605 |  17221611140 |         0 |      0 |  1620880051 |      0 |      0 |         0 
 128213 Thread 27 - PartitionProcessorThre...f2-92da-271b6d0d6f0e-2-13 |  1347000 |   438000 |   539588343 |  17415754144 |         0 |      0 |  1367829837 |      0 |      0 |         0 
 128214 Thread 28 - PartitionProcessorThre...f2-92da-271b6d0d6f0e-2-14 |  1312000 |   443000 |   529092632 |  17119241249 |     43008 |      0 |  1236779135 |      0 |      0 |         0 
 128215 Thread 29 - PartitionProcessorThre...f2-92da-271b6d0d6f0e-2-15 |  1328000 |   451000 |   538156101 |  17356106550 |         0 |      0 |  1481013564 |      0 |      0 |         0 
 128216 Thread 30 - PartitionProcessorThre...f2-92da-271b6d0d6f0e-2-16 |  1253000 |   439000 |   511879285 |  16508741179 |         0 |      0 |  1560948545 |      0 |      0 |         0 
 128219 Thread 31 - PartitionProcessorThre...f2-92da-271b6d0d6f0e-2-17 |  1315000 |   406000 |   519853253 |  16791440468 |         0 |      0 |  1558069742 |      0 |      0 |         0 
 128220 Thread 32 - PartitionProcessorThre...f2-92da-271b6d0d6f0e-2-18 |  1332000 |   470000 |   546434327 |  17582529164 |         0 |      0 |  1572321462 |      0 |      0 |         0 
 128221 Thread 33 - PartitionProcessorThre...f2-92da-271b6d0d6f0e-2-19 |  1346000 |   436000 |   540794226 |  17387788749 |         0 |      0 |  1429144336 |      0 |      0 |         0 
 128222 Thread 34 - PartitionProcessorThre...7f2-92da-271b6d0d6f0e-0-0 |  1233000 |   427000 |   504156293 |  16197915335 |         0 |      0 |  1492576778 |      0 |      0 |         0 
 128223 Thread 35 - PartitionProcessorThre...7f2-92da-271b6d0d6f0e-0-1 |  1193000 |   443000 |   496710152 |  15964276468 |         0 |      0 |  1485820206 |      0 |      0 |         0 
 128224 Thread 36 - PartitionProcessorThre...7f2-92da-271b6d0d6f0e-0-2 |  1341000 |   452000 |   544004054 |  17496242812 |         0 |      0 |  1642961307 |      0 |      0 |         0 
 128225 Thread 37 - PartitionProcessorThre...7f2-92da-271b6d0d6f0e-0-3 |  1302000 |   431000 |   526819499 |  16910601796 |         0 |      0 |  1559469349 |      0 |      0 |         0 
 128226 Thread 38 - PartitionProcessorThre...7f2-92da-271b6d0d6f0e-0-4 |  1329000 |   442000 |   537586710 |  17281129253 |         0 |      0 |  1385270767 |      0 |      0 |         0 
 128227 Thread 39 - PartitionProcessorThre...7f2-92da-271b6d0d6f0e-0-5 |  1302000 |   452000 |   532896199 |  17115715656 |         0 |      0 |  1525844741 |      0 |      0 |         0 
 128228 Thread 40 - PartitionProcessorThre...7f2-92da-271b6d0d6f0e-0-6 |  1325000 |   450000 |   538994726 |  17320391863 |         0 |      0 |  1591214134 |      0 |      0 |         0 
 128229 Thread 41 - PartitionProcessorThre...7f2-92da-271b6d0d6f0e-0-7 |  1287000 |   427000 |   520706394 |  16725473128 |      1024 |      0 |  1681821318 |      0 |      0 |         0 
 128230 Thread 42 - PartitionProcessorThre...7f2-92da-271b6d0d6f0e-0-8 |  1245000 |   437000 |   511077304 |  16412338167 |         0 |      0 |  1594366084 |      0 |      0 |         0 
 128231 Thread 43 - PartitionProcessorThre...7f2-92da-271b6d0d6f0e-0-9 |  1289000 |   434000 |   523404730 |  16812073605 |         0 |      0 |  1527726542 |      0 |      0 |         0 
 128232 Thread 44 - PartitionProcessorThre...f2-92da-271b6d0d6f0e-0-10 |  1299000 |   432000 |   526102792 |  16890726828 |         0 |      0 |  1644508033 |      0 |      0 |         0 
 128233 Thread 45 - PartitionProcessorThre...f2-92da-271b6d0d6f0e-0-11 |  1297000 |   430000 |   525445066 |  16852323140 |         0 |      0 |  1644909415 |      0 |      0 |         0 
 128234 Thread 46 - PartitionProcessorThre...f2-92da-271b6d0d6f0e-0-12 |  1302000 |   485000 |   543086171 |  17437932906 |         0 |      0 |  1587564408 |      0 |      0 |         0 
 128235 Thread 47 - PartitionProcessorThre...f2-92da-271b6d0d6f0e-0-13 |  1250000 |   432000 |   510240109 |  16412488835 |         0 |      0 |  1648530097 |      0 |      0 |         0 
 128236 Thread 48 - PartitionProcessorThre...f2-92da-271b6d0d6f0e-0-14 |  1254000 |   433000 |   512725429 |  16461192289 |         0 |      0 |  1323457771 |      0 |      0 |         0 
 128237 Thread 49 - PartitionProcessorThre...f2-92da-271b6d0d6f0e-0-15 |  1267000 |   431000 |   515822558 |  16568721406 |         0 |      0 |  1380097581 |      0 |      0 |         0 
 128238 Thread 50 - PartitionProcessorThre...f2-92da-271b6d0d6f0e-0-16 |  1240000 |   430000 |   507084156 |  16295611843 |         0 |      0 |  1662570644 |      0 |      0 |         0 
 128239 Thread 51 - PartitionProcessorThre...f2-92da-271b6d0d6f0e-0-17 |  1270000 |   476000 |   530623390 |  17037210875 |         0 |      0 |  1397698957 |      0 |      0 |         0 
 128240 Thread 52 - PartitionProcessorThre...f2-92da-271b6d0d6f0e-0-18 |  1288000 |   498000 |   542388788 |  17427020156 |         0 |      0 |  1508409070 |      0 |      0 |         0 
 128241 Thread 53 - PartitionProcessorThre...f2-92da-271b6d0d6f0e-0-19 |  1223000 |   412000 |   496228347 |  15953762394 |         0 |      0 |  1620272116 |      0 |      0 |         0 
 128242 Thread 54 - PartitionProcessorThre...7f2-92da-271b6d0d6f0e-1-0 |  1278000 |   428000 |   519064847 |  16646893746 |         0 |      0 |  1399832232 |      0 |      0 |         0 
 128243 Thread 55 - PartitionProcessorThre...7f2-92da-271b6d0d6f0e-1-1 |  1306000 |   471000 |   541803027 |  17339538500 |         0 |      0 |  1453515327 |      0 |      0 |         0 
 128244 Thread 56 - PartitionProcessorThre...7f2-92da-271b6d0d6f0e-1-2 |  1297000 |   469000 |   537635171 |  17232516011 |         0 |      0 |  1346362170 |      0 |      0 |         0 
 128245 Thread 57 - PartitionProcessorThre...7f2-92da-271b6d0d6f0e-1-3 |  1215000 |   442000 |   504797578 |  16168769187 |         0 |      0 |  1238388664 |      0 |      0 |         0 
 128246 Thread 58 - PartitionProcessorThre...7f2-92da-271b6d0d6f0e-1-4 |  1311000 |   454000 |   537945292 |  17223119687 |         0 |      0 |  1524025340 |      0 |      0 |         0 
 128247 Thread 59 - PartitionProcessorThre...7f2-92da-271b6d0d6f0e-1-5 |  1253000 |   440000 |   516907957 |  16521117199 |         0 |      0 |  1462911331 |      0 |      0 |         0 
 128248 Thread 60 - PartitionProcessorThre...7f2-92da-271b6d0d6f0e-1-6 |  1218000 |   464000 |   512893086 |  16413276765 |         0 |      0 |  1356093697 |      0 |      0 |         0 
 128249 Thread 61 - PartitionProcessorThre...7f2-92da-271b6d0d6f0e-1-7 |  1173000 |   444000 |   492313621 |  15778673042 |         0 |      0 |  1271420478 |      0 |      0 |         0 
 128250 Thread 62 - PartitionProcessorThre...7f2-92da-271b6d0d6f0e-1-8 |  1218000 |   399000 |   492828398 |  15778947625 |         0 |      0 |  1498937842 |      0 |      0 |         0 
 128251 Thread 63 - PartitionProcessorThre...7f2-92da-271b6d0d6f0e-1-9 |  1339000 |   423000 |   536969820 |  17193786875 |         0 |      0 |  1423592388 |      0 |      0 |         0 
 128252 Thread 64 - PartitionProcessorThre...f2-92da-271b6d0d6f0e-1-10 |  1316000 |   425000 |   530245449 |  16989106625 |         0 |      0 |  1540101169 |      0 |      0 |         0 
 128253 Thread 65 - PartitionProcessorThre...f2-92da-271b6d0d6f0e-1-11 |  1354000 |   425000 |   542630956 |  17359798312 |         0 |      0 |  1546114219 |      0 |      0 |         0 
 128254 Thread 66 - PartitionProcessorThre...f2-92da-271b6d0d6f0e-1-12 |  1300000 |   455000 |   534216921 |  17125314054 |         0 |      0 |  1328773200 |      0 |      0 |         0 
 128255 Thread 67 - PartitionProcessorThre...f2-92da-271b6d0d6f0e-1-13 |  1277000 |   476000 |   534806648 |  17106314425 |         0 |      0 |  1417690818 |      0 |      0 |         0 
 128256 Thread 68 - PartitionProcessorThre...f2-92da-271b6d0d6f0e-1-14 |  1260000 |   478000 |   529280296 |  16959490242 |         0 |      0 |  1548484177 |      0 |      0 |         0 
 128257 Thread 69 - PartitionProcessorThre...f2-92da-271b6d0d6f0e-1-15 |  1347000 |   457000 |   549925546 |  17602698117 |         0 |      0 |  1371542080 |      0 |      0 |         0 
 128258 Thread 70 - PartitionProcessorThre...f2-92da-271b6d0d6f0e-1-16 |  1247000 |   440000 |   514053433 |  16461472617 |         0 |      0 |  1612039819 |      0 |      0 |         0 
 128259 Thread 71 - PartitionProcessorThre...f2-92da-271b6d0d6f0e-1-17 |  1305000 |   412000 |   523092339 |  16754568804 |         0 |      0 |  1476289580 |      0 |      0 |         0 
 128260 Thread 72 - PartitionProcessorThre...f2-92da-271b6d0d6f0e-1-18 |  1260000 |   450000 |   521353550 |  16685897359 |         0 |      0 |  1265161549 |      0 |      0 |         0 
 128261 Thread 73 - PartitionProcessorThre...f2-92da-271b6d0d6f0e-1-19 |  1325000 |   477000 |   549440058 |  17584462859 |         0 |      0 |  1285622143 |      0 |      0 |         0 
 128502 Thread 74 - process reaper                                     |        0 |        0 |           0 |            0 |      2048 |      0 |           0 |      0 |      0 |         0 
 128508 Thread 75 - Attach Listener                                    |   370000 |    93000 |   143473495 |   4524614545 |   5304320 | 211968 |     2776878 |      0 |      0 |         0 
