                                 Task                                 |  utime   |  stime   |     rss     |     vmem     |   read    | write  |    d:cpu    | d:bio  | d:swap | d:reclaim 
 67758 Thread 1 - main                                                |   833000 |   130000 |    64049115 |   7390460787 |  34516992 |   1024 |     6262765 |      0 |      0 |         0 
 67780 Thread 2 - Reference Handler                                   |     5000 |     1000 |      617714 |     49859281 |         0 |      0 |     2759089 |      0 |      0 |         0 
 67781 Thread 3 - Finalizer                                           |     7000 |        0 |      615253 |     55541285 |      5120 |      0 |     1523532 |      0 |      0 |         0 
 67782 Thread 4 - Surrogate Locker Thread (Concurrent GC)             |        0 |        0 |           0 |            0 |         0 |      0 |           0 |      0 |      0 |         0 
 67783 Thread 5 - Signal Dispatcher                                   |        0 |        0 |           0 |            0 |         0 |      0 |           0 |      0 |      0 |         0 
 67790 Thread 12 - RMI Scheduler(0)                                   |     3000 |     2000 |     1592621 |     48856671 |      2048 |      0 |       28583 |      0 |      0 |         0 
 67791 Thread 13 - RMI RenewClean-[10.231.182.152:39552]              |     1000 |        0 |       83007 |      7893574 |      1024 |      0 |           0 |      0 |      0 |         0 
 67792 Thread 14 - GC Daemon                                          |        0 |        0 |           0 |            0 |         0 |      0 |           0 |      0 |      0 |         0 
 67794 Thread 15 - DecatonSubscriptionThread-decaton-benchmark        | 26315000 | 35103000 | 18740301874 | 598444507308 | 574646272 | 108544 | 14783614471 | 198292 |      0 |         0 
 67799 Thread 16 - kafka-coordinator-hear...hread | decaton-benchmark |   225000 |    38000 |    79350792 |   2558201776 |   5421056 |   5120 |    28697242 | 212909 |      0 |         0 
 67802 Thread 17 - PartitionProcessorThre...3f8-a776-644399b2059a-1-0 |  1323000 |   413000 |   524075996 |  16918997902 |     34816 |      0 |  1067780383 |      0 |      0 |         0 
 67803 Thread 18 - PartitionProcessorThre...3f8-a776-644399b2059a-1-1 |  1276000 |   394000 |   503772293 |  16282684777 |         0 |      0 |  1174374581 |      0 |      0 |         0 
 67804 Thread 19 - PartitionProcessorThre...3f8-a776-644399b2059a-1-2 |  1186000 |   451000 |   493144097 |  15959813382 |         0 |      0 |  1272987924 |      0 |      0 |         0 
 67805 Thread 20 - PartitionProcessorThre...3f8-a776-644399b2059a-1-3 |  1263000 |   465000 |   522380691 |  16849299952 |         0 |      0 |  1338763725 |      0 |      0 |         0 
 67806 Thread 21 - PartitionProcessorThre...3f8-a776-644399b2059a-1-4 |  1170000 |   431000 |   484107269 |  15610424468 |         0 |      0 |   975541733 |      0 |      0 |         0 
 67807 Thread 22 - PartitionProcessorThre...3f8-a776-644399b2059a-1-5 |  1277000 |   430000 |   517352921 |  16646184659 |         0 |      0 |  1217729337 |      0 |      0 |         0 
 67808 Thread 23 - PartitionProcessorThre...3f8-a776-644399b2059a-1-6 |  1194000 |   398000 |   482154090 |  15526193871 |      4096 |      0 |  1115729512 |      0 |      0 |         0 
 67809 Thread 24 - PartitionProcessorThre...3f8-a776-644399b2059a-1-7 |  1274000 |   402000 |   507263843 |  16343955824 |         0 |      0 |  1312080179 |      0 |      0 |         0 
 67810 Thread 25 - PartitionProcessorThre...3f8-a776-644399b2059a-1-8 |  1199000 |   444000 |   495070105 |  16018206382 |         0 |      0 |  1230392272 |      0 |      0 |         0 
 67811 Thread 26 - PartitionProcessorThre...3f8-a776-644399b2059a-1-9 |  1195000 |   411000 |   486936980 |  15662946878 |      1024 |      0 |  1085344712 |      0 |      0 |         0 
 67812 Thread 27 - PartitionProcessorThre...f8-a776-644399b2059a-1-10 |  1199000 |   386000 |   477047484 |  15451481500 |         0 |      0 |  1046029822 |      0 |      0 |         0 
 67813 Thread 28 - PartitionProcessorThre...f8-a776-644399b2059a-1-11 |  1224000 |   377000 |   483188551 |  15614656566 |         0 |      0 |  1195321699 |      0 |      0 |         0 
 67814 Thread 29 - PartitionProcessorThre...f8-a776-644399b2059a-1-12 |  1309000 |   437000 |   526209707 |  17022062573 |  10831872 |      0 |  1197643329 |      0 |      0 |         0 
 67815 Thread 30 - PartitionProcessorThre...f8-a776-644399b2059a-1-13 |  1212000 |   375000 |   478904363 |  15471852546 |         0 |      0 |  1100884526 |      0 |      0 |         0 
 67816 Thread 31 - PartitionProcessorThre...f8-a776-644399b2059a-1-14 |  1213000 |   439000 |   500322441 |  16108940421 |         0 |      0 |  1319683031 |      0 |      0 |         0 
 67817 Thread 32 - PartitionProcessorThre...f8-a776-644399b2059a-1-15 |  1212000 |   381000 |   482194211 |  15534662265 |         0 |      0 |  1276973979 |      0 |      0 |         0 
 67818 Thread 33 - PartitionProcessorThre...f8-a776-644399b2059a-1-16 |  1213000 |   382000 |   485339785 |  15559013249 |         0 |      0 |  1237984856 |      0 |      0 |         0 
 67819 Thread 34 - PartitionProcessorThre...f8-a776-644399b2059a-1-17 |  1203000 |   434000 |   495919359 |  15963803714 |      1024 |      0 |  1233973546 |      0 |      0 |         0 
 67820 Thread 35 - PartitionProcessorThre...f8-a776-644399b2059a-1-18 |  1245000 |   407000 |   498572015 |  16106328765 |      2048 |      0 |   920953571 |      0 |      0 |         0 
 67821 Thread 36 - PartitionProcessorThre...f8-a776-644399b2059a-1-19 |  1195000 |   465000 |   503441910 |  16188112617 |         0 |      0 |  1052057248 |      0 |      0 |         0 
 67822 Thread 37 - PartitionProcessorThre...3f8-a776-644399b2059a-0-0 |  1121000 |   416000 |   470348894 |  15001168898 |         0 |      0 |  1022066823 |      0 |      0 |         0 
 67823 Thread 38 - PartitionProcessorThre...3f8-a776-644399b2059a-0-1 |  1134000 |   373000 |   462079547 |  14708371300 |         0 |      0 |  1078592280 |      0 |      0 |         0 
 67824 Thread 39 - PartitionProcessorThre...3f8-a776-644399b2059a-0-2 |  1099000 |   416000 |   464939227 |  14786824742 |         0 |      0 |  1033454706 |      0 |      0 |         0 
 67825 Thread 40 - PartitionProcessorThre...3f8-a776-644399b2059a-0-3 |  1168000 |   400000 |   481800777 |  15304130218 |         0 |      0 |  1106551687 |      0 |      0 |         0 
 67826 Thread 41 - PartitionProcessorThre...3f8-a776-644399b2059a-0-4 |  1151000 |   405000 |   478580402 |  15186925418 |         0 |      0 |  1007235470 |      0 |      0 |         0 
 67827 Thread 42 - PartitionProcessorThre...3f8-a776-644399b2059a-0-5 |  1123000 |   422000 |   473742668 |  15079517714 |         0 |      0 |   935937769 |      0 |      0 |         0 
 67828 Thread 43 - PartitionProcessorThre...3f8-a776-644399b2059a-0-6 |  1167000 |   400000 |   479963031 |  15294395597 |         0 |      0 |   921436680 |      0 |      0 |         0 
 67829 Thread 44 - PartitionProcessorThre...3f8-a776-644399b2059a-0-7 |  1103000 |   411000 |   465387145 |  14777178547 |         0 |      0 |  1076387291 |      0 |      0 |         0 
 67830 Thread 45 - PartitionProcessorThre...3f8-a776-644399b2059a-0-8 |  1190000 |   396000 |   486346726 |  15479749195 |         0 |      0 |  1102242528 |      0 |      0 |         0 
 67831 Thread 46 - PartitionProcessorThre...3f8-a776-644399b2059a-0-9 |  1165000 |   432000 |   488643961 |  15586846960 |         0 |      0 |   940451382 |      0 |      0 |         0 
 67832 Thread 47 - PartitionProcessorThre...f8-a776-644399b2059a-0-10 |  1178000 |   401000 |   484404640 |  15411298730 |         0 |      0 |  1021757432 |      0 |      0 |         0 
 67833 Thread 48 - PartitionProcessorThre...f8-a776-644399b2059a-0-11 |  1180000 |   410000 |   487837414 |  15518790593 |         0 |      0 |  1101624196 |      0 |      0 |         0 
 67834 Thread 49 - PartitionProcessorThre...f8-a776-644399b2059a-0-12 |  1116000 |   403000 |   465084016 |  14825687500 |         0 |      0 |  1198507533 |      0 |      0 |         0 
 67835 Thread 50 - PartitionProcessorThre...f8-a776-644399b2059a-0-13 |  1217000 |   421000 |   501359539 |  15986847417 |         0 |      0 |  1179930631 |      0 |      0 |         0 
 67836 Thread 51 - PartitionProcessorThre...f8-a776-644399b2059a-0-14 |  1188000 |   399000 |   487582160 |  15489716218 |         0 |      0 |  1170863002 |      0 |      0 |         0 
 67837 Thread 52 - PartitionProcessorThre...f8-a776-644399b2059a-0-15 |  1194000 |   398000 |   487992160 |  15538191238 |         0 |      0 |   918184406 |      0 |      0 |         0 
 67838 Thread 53 - PartitionProcessorThre...f8-a776-644399b2059a-0-16 |  1197000 |   471000 |   512307156 |  16280281452 |         0 |      0 |  1111010306 |      0 |      0 |         0 
 67839 Thread 54 - PartitionProcessorThre...f8-a776-644399b2059a-0-17 |  1136000 |   396000 |   469469430 |  14952662136 |         0 |      0 |  1005106918 |      0 |      0 |         0 
 67840 Thread 55 - PartitionProcessorThre...f8-a776-644399b2059a-0-18 |  1126000 |   432000 |   477852152 |  15206223550 |         0 |      0 |  1062164530 |      0 |      0 |         0 
 67841 Thread 56 - PartitionProcessorThre...f8-a776-644399b2059a-0-19 |  1163000 |   406000 |   480983207 |  15313869113 |         0 |      0 |  1008881169 |      0 |      0 |         0 
 67842 Thread 57 - PartitionProcessorThre...3f8-a776-644399b2059a-2-0 |  1169000 |   389000 |   477648363 |  15206321980 |         0 |      0 |  1171264441 |      0 |      0 |         0 
 67843 Thread 58 - PartitionProcessorThre...3f8-a776-644399b2059a-2-1 |  1109000 |   395000 |   462602031 |  14679448300 |         0 |      0 |  1051021780 |      0 |      0 |         0 
 67844 Thread 59 - PartitionProcessorThre...3f8-a776-644399b2059a-2-2 |  1186000 |   365000 |   476543363 |  15138046496 |         0 |      0 |  1121779787 |      0 |      0 |         0 
 67845 Thread 60 - PartitionProcessorThre...3f8-a776-644399b2059a-2-3 |  1137000 |   388000 |   469165562 |  14884447539 |         0 |      0 |  1039220439 |      0 |      0 |         0 
 67846 Thread 61 - PartitionProcessorThre...3f8-a776-644399b2059a-2-4 |  1223000 |   384000 |   493393875 |  15684772578 |         0 |      0 |  1160563431 |      0 |      0 |         0 
 67847 Thread 62 - PartitionProcessorThre...3f8-a776-644399b2059a-2-5 |  1109000 |   415000 |   468806226 |  14874731453 |         0 |      0 |  1060931640 |      0 |      0 |         0 
 67848 Thread 63 - PartitionProcessorThre...3f8-a776-644399b2059a-2-6 |  1110000 |   369000 |   455354012 |  14435595547 |         0 |      0 |   961960355 |      0 |      0 |         0 
 67849 Thread 64 - PartitionProcessorThre...3f8-a776-644399b2059a-2-7 |  1178000 |   430000 |   494149484 |  15694561136 |         0 |      0 |  1057246024 |      0 |      0 |         0 
 67850 Thread 65 - PartitionProcessorThre...3f8-a776-644399b2059a-2-8 |  1200000 |   387000 |   488220543 |  15489659515 |         0 |      0 |  1129494950 |      0 |      0 |         0 
 67851 Thread 66 - PartitionProcessorThre...3f8-a776-644399b2059a-2-9 |  1187000 |   402000 |   488722691 |  15509066542 |         0 |      0 |  1089516311 |      0 |      0 |         0 
 67852 Thread 67 - PartitionProcessorThre...f8-a776-644399b2059a-2-10 |  1231000 |   431000 |   510678535 |  16221668054 |         0 |      0 |  1036520932 |      0 |      0 |         0 
 67853 Thread 68 - PartitionProcessorThre...f8-a776-644399b2059a-2-11 |  1170000 |   384000 |   477807984 |  15167607097 |         0 |      0 |  1121251489 |      0 |      0 |         0 
 67854 Thread 69 - PartitionProcessorThre...f8-a776-644399b2059a-2-12 |  1181000 |   411000 |   489558515 |  15538372796 |         0 |      0 |  1034337528 |      0 |      0 |         0 
 67855 Thread 70 - PartitionProcessorThre...f8-a776-644399b2059a-2-13 |  1159000 |   424000 |   486790312 |  15450650968 |         0 |      0 |  1006726395 |      0 |      0 |         0 
 67856 Thread 71 - PartitionProcessorThre...f8-a776-644399b2059a-2-14 |  1224000 |   366000 |   488362785 |  15518826539 |         0 |      0 |  1033854764 |      0 |      0 |         0 
 67857 Thread 72 - PartitionProcessorThre...f8-a776-644399b2059a-2-15 |  1256000 |   411000 |   511933152 |  16270564620 |         0 |      0 |  1080376596 |      0 |      0 |         0 
 67858 Thread 73 - PartitionProcessorThre...f8-a776-644399b2059a-2-16 |  1188000 |   417000 |   493189859 |  15665448660 |         0 |      0 |   994468910 |      0 |      0 |         0 
 67859 Thread 74 - PartitionProcessorThre...f8-a776-644399b2059a-2-17 |  1160000 |   405000 |   481237363 |  15275117175 |         0 |      0 |  1040495030 |      0 |      0 |         0 
 67860 Thread 75 - PartitionProcessorThre...f8-a776-644399b2059a-2-18 |  1159000 |   363000 |   468224801 |  14855383992 |         0 |      0 |  1037023575 |      0 |      0 |         0 
 67861 Thread 76 - PartitionProcessorThre...f8-a776-644399b2059a-2-19 |  1177000 |   401000 |   484552324 |  15401879636 |         0 |      0 |   981705265 |      0 |      0 |         0 
 68315 Thread 77 - process reaper                                     |     4000 |        0 |     1300027 |     39153453 |         0 |      0 |        1726 |      0 |      0 |         0 
 68321 Thread 78 - Attach Listener                                    |   466000 |    92000 |   174517210 |   5455298549 |   4931584 | 112640 |     1509988 |      0 |      0 |         0 
