                                 Task                                  |  utime   |  stime   |     rss     |     vmem     |   read    | write  |    d:cpu    | d:bio  | d:swap | d:reclaim 
 117478 Thread 1 - main                                                |   658000 |   129000 |    46441564 |   5960336553 |  21204992 |   2048 |     7454353 |      0 |      0 |         0 
 117500 Thread 2 - Reference Handler                                   |     3000 |     1000 |      268226 |     30091855 |         0 |      0 |      576438 |      0 |      0 |         0 
 117501 Thread 3 - Finalizer                                           |     5000 |        0 |      656199 |     40716667 |      5120 |      0 |     2121019 |      0 |      0 |         0 
 117502 Thread 4 - Surrogate Locker Thread (Concurrent GC)             |        0 |        0 |           0 |            0 |         0 |      0 |           0 |      0 |      0 |         0 
 117503 Thread 5 - Signal Dispatcher                                   |        0 |        0 |           0 |            0 |         0 |      0 |        1597 |      0 |      0 |         0 
 117513 Thread 11 - DecatonSubscriptionThread-decaton-benchmark        | 31191000 | 34047000 | 18804653242 | 635289331227 | 636487680 | 144384 | 21718997694 | 251300 |      0 |         0 
 117515 Thread 13 - kafka-coordinator-hear...hread | decaton-benchmark |   260000 |    72000 |    95984007 |   3239005679 |   6513664 |   6144 |    50062780 | 554283 |      0 |         0 
 117518 Thread 14 - PartitionProcessorThre...e81-9d81-3e41ce3bf846-0-0 |  1422000 |   448000 |   538065263 |  18235327321 |     38912 |      0 |  1755520363 |      0 |      0 |         0 
 117519 Thread 15 - PartitionProcessorThre...e81-9d81-3e41ce3bf846-0-1 |  1406000 |   433000 |   529414751 |  17937239669 |     59392 |      0 |  1746710808 |      0 |      0 |         0 
 117520 Thread 16 - PartitionProcessorThre...e81-9d81-3e41ce3bf846-0-2 |  1345000 |   474000 |   523941689 |  17737626040 |      1024 |      0 |  1642017461 |      0 |      0 |         0 
 117521 Thread 17 - PartitionProcessorThre...e81-9d81-3e41ce3bf846-0-3 |  1379000 |   439000 |   524520372 |  17732155485 |         0 |      0 |  1591350181 |      0 |      0 |         0 
 117522 Thread 18 - PartitionProcessorThre...e81-9d81-3e41ce3bf846-0-4 |  1485000 |   464000 |   561257759 |  19014684688 |         0 |      0 |  1735920324 |      0 |      0 |         0 
 117523 Thread 19 - PartitionProcessorThre...e81-9d81-3e41ce3bf846-0-5 |  1480000 |   427000 |   551690466 |  18602880915 |      3072 |      0 |  1688237167 |      0 |      0 |         0 
 117524 Thread 20 - PartitionProcessorThre...e81-9d81-3e41ce3bf846-0-6 |  1532000 |   476000 |   579329013 |  19590078356 |         0 |      0 |  1677938673 |      0 |      0 |         0 
 117525 Thread 21 - PartitionProcessorThre...e81-9d81-3e41ce3bf846-0-7 |  1514000 |   469000 |   571217141 |  19349261188 |         0 |      0 |  1519492286 |      0 |      0 |         0 
 117526 Thread 22 - PartitionProcessorThre...e81-9d81-3e41ce3bf846-0-8 |  1432000 |   451000 |   539791821 |  18362570110 |     65536 |      0 |  1764901126 |      0 |      0 |         0 
 117527 Thread 23 - PartitionProcessorThre...e81-9d81-3e41ce3bf846-0-9 |  1447000 |   469000 |   551861938 |  18691593302 |         0 |      0 |  1786410251 |      0 |      0 |         0 
 117528 Thread 24 - PartitionProcessorThre...81-9d81-3e41ce3bf846-0-10 |  1469000 |   459000 |   556031763 |  18811761212 |         0 |      0 |  1759986811 |      0 |      0 |         0 
 117529 Thread 25 - PartitionProcessorThre...81-9d81-3e41ce3bf846-0-11 |  1397000 |   472000 |   539184208 |  18234070091 |         0 |      0 |  1761254719 |      0 |      0 |         0 
 117530 Thread 26 - PartitionProcessorThre...81-9d81-3e41ce3bf846-0-12 |  1380000 |   445000 |   525230427 |  17805191122 |         0 |      0 |  1499933520 |      0 |      0 |         0 
 117531 Thread 27 - PartitionProcessorThre...81-9d81-3e41ce3bf846-0-13 |  1412000 |   460000 |   540724278 |  18265240298 |         0 |      0 |  1726755577 |      0 |      0 |         0 
 117532 Thread 28 - PartitionProcessorThre...81-9d81-3e41ce3bf846-0-14 |  1477000 |   467000 |   562374696 |  18966978501 |         0 |      0 |  1719269374 |      0 |      0 |         0 
 117533 Thread 29 - PartitionProcessorThre...81-9d81-3e41ce3bf846-0-15 |  1473000 |   435000 |   551924235 |  18616184021 |         0 |      0 |  1606348077 |      0 |      0 |         0 
 117534 Thread 30 - PartitionProcessorThre...81-9d81-3e41ce3bf846-0-16 |  1421000 |   423000 |   530111145 |  17985974954 |     37888 |      0 |  1619670209 |      0 |      0 |         0 
 117535 Thread 31 - PartitionProcessorThre...81-9d81-3e41ce3bf846-0-17 |  1383000 |   456000 |   531046470 |  17942802353 |         0 |      0 |  1501055815 |      0 |      0 |         0 
 117536 Thread 32 - PartitionProcessorThre...81-9d81-3e41ce3bf846-0-18 |  1379000 |   513000 |   546901927 |  18458694360 |         0 |      0 |  1748365881 |      0 |      0 |         0 
 117537 Thread 33 - PartitionProcessorThre...81-9d81-3e41ce3bf846-0-19 |  1472000 |   438000 |   552089321 |  18634536989 |         0 |      0 |  1481419318 |      0 |      0 |         0 
 117538 Thread 34 - PartitionProcessorThre...e81-9d81-3e41ce3bf846-1-0 |  1398000 |   422000 |   527055071 |  17758113126 |         0 |      0 |  1659539256 |      0 |      0 |         0 
 117539 Thread 35 - PartitionProcessorThre...e81-9d81-3e41ce3bf846-1-1 |  1460000 |   465000 |   557301724 |  18782448907 |         0 |      0 |  1651575777 |      0 |      0 |         0 
 117540 Thread 36 - PartitionProcessorThre...e81-9d81-3e41ce3bf846-1-2 |  1468000 |   487000 |   565130235 |  19074473138 |         0 |      0 |  1650398977 |      0 |      0 |         0 
 117541 Thread 37 - PartitionProcessorThre...e81-9d81-3e41ce3bf846-1-3 |  1476000 |   482000 |   567697708 |  19105694716 |         0 |      0 |  1810058549 |      0 |      0 |         0 
 117542 Thread 38 - PartitionProcessorThre...e81-9d81-3e41ce3bf846-1-4 |  1460000 |   458000 |   554876888 |  18714539239 |         0 |      0 |  1635056889 |      0 |      0 |         0 
 117543 Thread 39 - PartitionProcessorThre...e81-9d81-3e41ce3bf846-1-5 |  1504000 |   465000 |   569338173 |  19211471329 |         0 |      0 |  1724405477 |      0 |      0 |         0 
 117544 Thread 40 - PartitionProcessorThre...e81-9d81-3e41ce3bf846-1-6 |  1454000 |   463000 |   553989743 |  18704074489 |         0 |      0 |  1661554124 |      0 |      0 |         0 
 117545 Thread 41 - PartitionProcessorThre...e81-9d81-3e41ce3bf846-1-7 |  1457000 |   493000 |   563649665 |  19026680552 |         0 |      0 |  1736327532 |      0 |      0 |         0 
 117546 Thread 42 - PartitionProcessorThre...e81-9d81-3e41ce3bf846-1-8 |  1438000 |   471000 |   552369767 |  18626948755 |         0 |      0 |  1866856123 |      0 |      0 |         0 
 117547 Thread 43 - PartitionProcessorThre...e81-9d81-3e41ce3bf846-1-9 |  1379000 |   487000 |   540857614 |  18208140411 |         0 |      0 |  1430470319 |      0 |      0 |         0 
 117548 Thread 44 - PartitionProcessorThre...81-9d81-3e41ce3bf846-1-10 |  1483000 |   499000 |   575448938 |  19340173056 |         0 |      0 |  1821772634 |      0 |      0 |         0 
 117549 Thread 45 - PartitionProcessorThre...81-9d81-3e41ce3bf846-1-11 |  1381000 |   506000 |   546962278 |  18412742138 |         0 |      0 |  1875943431 |      0 |      0 |         0 
 117550 Thread 46 - PartitionProcessorThre...81-9d81-3e41ce3bf846-1-12 |  1494000 |   486000 |   573505931 |  19320506485 |         0 |      0 |  1771839193 |      0 |      0 |         0 
 117551 Thread 47 - PartitionProcessorThre...81-9d81-3e41ce3bf846-1-13 |  1438000 |   523000 |   568336634 |  19135197142 |         0 |      0 |  1734836577 |      0 |      0 |         0 
 117552 Thread 48 - PartitionProcessorThre...81-9d81-3e41ce3bf846-1-14 |  1442000 |   508000 |   566130161 |  19027229536 |         0 |      0 |  1788948965 |      0 |      0 |         0 
 117553 Thread 49 - PartitionProcessorThre...81-9d81-3e41ce3bf846-1-15 |  1471000 |   546000 |   584866352 |  19680472759 |         0 |      0 |  1737853257 |      0 |      0 |         0 
 117554 Thread 50 - PartitionProcessorThre...81-9d81-3e41ce3bf846-1-16 |  1484000 |   450000 |   560938853 |  18870979720 |         0 |      0 |  1765563470 |      0 |      0 |         0 
 117555 Thread 51 - PartitionProcessorThre...81-9d81-3e41ce3bf846-1-17 |  1395000 |   514000 |   555043091 |  18627738317 |         0 |      0 |  1788891161 |      0 |      0 |         0 
 117556 Thread 52 - PartitionProcessorThre...81-9d81-3e41ce3bf846-1-18 |  1375000 |   433000 |   523250177 |  17640915228 |         0 |      0 |  1716351353 |      0 |      0 |         0 
 117557 Thread 53 - PartitionProcessorThre...81-9d81-3e41ce3bf846-1-19 |  1376000 |   447000 |   526889294 |  17786935321 |         0 |      0 |  1760443001 | 385737 |      0 |         0 
 117558 Thread 54 - PartitionProcessorThre...e81-9d81-3e41ce3bf846-2-0 |  1447000 |   456000 |   551535071 |  18568319001 |         0 |      0 |  1557381832 |      0 |      0 |         0 
 117559 Thread 55 - PartitionProcessorThre...e81-9d81-3e41ce3bf846-2-1 |  1391000 |   483000 |   543574177 |  18286020794 |         0 |      0 |  1536886623 |      0 |      0 |         0 
 117560 Thread 56 - PartitionProcessorThre...e81-9d81-3e41ce3bf846-2-2 |  1489000 |   460000 |   565078626 |  19017418520 |         0 |      0 |  1650375227 |      0 |      0 |         0 
 117561 Thread 57 - PartitionProcessorThre...e81-9d81-3e41ce3bf846-2-3 |  1433000 |   469000 |   551924849 |  18559566513 |         0 |      0 |  1677786939 |      0 |      0 |         0 
 117562 Thread 58 - PartitionProcessorThre...e81-9d81-3e41ce3bf846-2-4 |  1472000 |   458000 |   560664563 |  18832305798 |         0 |      0 |  1699769581 |      0 |      0 |         0 
 117563 Thread 59 - PartitionProcessorThre...e81-9d81-3e41ce3bf846-2-5 |  1396000 |   432000 |   531037712 |  17836517638 |         0 |      0 |  1546654542 |      0 |      0 |         0 
 117564 Thread 60 - PartitionProcessorThre...e81-9d81-3e41ce3bf846-2-6 |  1446000 |   465000 |   555027228 |  18646880958 |         0 |      0 |  1638223964 |      0 |      0 |         0 
 117565 Thread 61 - PartitionProcessorThre...e81-9d81-3e41ce3bf846-2-7 |  1418000 |   503000 |   558207626 |  18744635642 |         0 |      0 |  1666931599 |      0 |      0 |         0 
 117566 Thread 62 - PartitionProcessorThre...e81-9d81-3e41ce3bf846-2-8 |  1310000 |   479000 |   521267208 |  17457396470 |         0 |      0 |  1624044515 |      0 |      0 |         0 
 117567 Thread 63 - PartitionProcessorThre...e81-9d81-3e41ce3bf846-2-9 |  1357000 |   463000 |   528789872 |  17759112931 |         0 |      0 |  1588463380 |      0 |      0 |         0 
 117568 Thread 64 - PartitionProcessorThre...81-9d81-3e41ce3bf846-2-10 |  1374000 |   467000 |   535009071 |  17964046454 |      1024 |      0 |  1708953088 |      0 |      0 |         0 
 117569 Thread 65 - PartitionProcessorThre...81-9d81-3e41ce3bf846-2-11 |  1374000 |   462000 |   532786298 |  17913967423 |         0 |      0 |  1642539039 |      0 |      0 |         0 
 117570 Thread 66 - PartitionProcessorThre...81-9d81-3e41ce3bf846-2-12 |  1427000 |   470000 |   550704688 |  18509771325 |         0 |      0 |  1441796781 |      0 |      0 |         0 
 117571 Thread 67 - PartitionProcessorThre...81-9d81-3e41ce3bf846-2-13 |  1441000 |   441000 |   546083774 |  18363024048 |         0 |      0 |  1412274877 |      0 |      0 |         0 
 117572 Thread 68 - PartitionProcessorThre...81-9d81-3e41ce3bf846-2-14 |  1467000 |   459000 |   559636645 |  18793011407 |         0 |      0 |  1768030121 |      0 |      0 |         0 
 117573 Thread 69 - PartitionProcessorThre...81-9d81-3e41ce3bf846-2-15 |  1381000 |   499000 |   544992021 |  18344559571 |         0 |      0 |  1749300290 |      0 |      0 |         0 
 117574 Thread 70 - PartitionProcessorThre...81-9d81-3e41ce3bf846-2-16 |  1382000 |   459000 |   533899454 |  17964413068 |         0 |      0 |  1580015117 |      0 |      0 |         0 
 117575 Thread 71 - PartitionProcessorThre...81-9d81-3e41ce3bf846-2-17 |  1415000 |   431000 |   535642798 |  18012363763 |         0 |      0 |  1424722212 |      0 |      0 |         0 
 117576 Thread 72 - PartitionProcessorThre...81-9d81-3e41ce3bf846-2-18 |  1449000 |   494000 |   564154958 |  18958635630 |         0 |      0 |  1614627588 |      0 |      0 |         0 
 117577 Thread 73 - PartitionProcessorThre...81-9d81-3e41ce3bf846-2-19 |  1469000 |   448000 |   556038825 |  18705167638 |         0 |      0 |  1617245672 |      0 |      0 |         0 
 118033 Thread 74 - process reaper                                     |     1000 |        0 |      303832 |      9785675 |         0 |      0 |           0 |      0 |      0 |         0 
 118039 Thread 75 - Attach Listener                                    |   375000 |    94000 |   139038366 |   4583133361 |   5304320 | 331776 |     4501968 |      0 |      0 |         0 
