                                 Task                                 |  utime   |  stime   |     rss     |     vmem     |   read    | write  |    d:cpu    | d:bio  | d:swap | d:reclaim 
 59922 Thread 1 - main                                                |   599000 |    73000 |    41512955 |   5087657404 |  21203968 |   1024 |     8981603 |      0 |      0 |         0 
 59944 Thread 2 - Reference Handler                                   |     8000 |        0 |     1185167 |     66144289 |         0 |      0 |      556161 |      0 |      0 |         0 
 59945 Thread 3 - Finalizer                                           |     7000 |        0 |      791343 |     55582820 |      5120 |      0 |     1217129 |      0 |      0 |         0 
 59946 Thread 4 - Surrogate Locker Thread (Concurrent GC)             |        0 |        0 |           0 |            0 |         0 |      0 |           0 |      0 |      0 |         0 
 59947 Thread 5 - Signal Dispatcher                                   |        0 |        0 |           0 |            0 |         0 |      0 |       15743 |      0 |      0 |         0 
 59956 Thread 11 - DecatonSubscriptionThread-decaton-benchmark        | 28536000 | 31870000 | 17628028696 | 588267280075 | 637124608 | 125952 | 18713939560 |  77253 |      0 |         0 
 59957 Thread 13 - kafka-coordinator-hear...hread | decaton-benchmark |   161000 |    54000 |    62347183 |   2095789159 |   5854208 |   4096 |    25729413 | 366285 |      0 |         0 
 59960 Thread 14 - PartitionProcessorThre...b70-9653-72c0bb62d350-0-0 |  1322000 |   448000 |   515355387 |  17262110148 |     33792 |      0 |  1400623512 |      0 |      0 |         0 
 59961 Thread 15 - PartitionProcessorThre...b70-9653-72c0bb62d350-0-1 |  1284000 |   510000 |   522456246 |  17501029285 |      3072 |      0 |  1441656119 |      0 |      0 |         0 
 59962 Thread 16 - PartitionProcessorThre...b70-9653-72c0bb62d350-0-2 |  1315000 |   409000 |   501192188 |  16809442660 |    118784 |      0 |  1350572774 |      0 |      0 |         0 
 59963 Thread 17 - PartitionProcessorThre...b70-9653-72c0bb62d350-0-3 |  1313000 |   507000 |   530472863 |  17757740367 |         0 |      0 |  1541467289 |      0 |      0 |         0 
 59964 Thread 18 - PartitionProcessorThre...b70-9653-72c0bb62d350-0-4 |  1337000 |   419000 |   513298621 |  17130264152 |         0 |      0 |  1473270411 |      0 |      0 |         0 
 59965 Thread 19 - PartitionProcessorThre...b70-9653-72c0bb62d350-0-5 |  1241000 |   457000 |   495476992 |  16559810832 |      5120 |      0 |  1337573314 |      0 |      0 |         0 
 59966 Thread 20 - PartitionProcessorThre...b70-9653-72c0bb62d350-0-6 |  1259000 |   446000 |   497959707 |  16636070363 |         0 |      0 |  1372149883 |      0 |      0 |         0 
 59967 Thread 21 - PartitionProcessorThre...b70-9653-72c0bb62d350-0-7 |  1324000 |   417000 |   507474824 |  16985296914 |         0 |      0 |  1444677867 |      0 |      0 |         0 
 59968 Thread 22 - PartitionProcessorThre...b70-9653-72c0bb62d350-0-8 |  1321000 |   449000 |   517128988 |  17266239175 |      4096 |      0 |  1482338525 |      0 |      0 |         0 
 59969 Thread 23 - PartitionProcessorThre...b70-9653-72c0bb62d350-0-9 |  1290000 |   472000 |   513575309 |  17191581566 |         0 |      0 |  1295663458 |      0 |      0 |         0 
 59970 Thread 24 - PartitionProcessorThre...70-9653-72c0bb62d350-0-10 |  1295000 |   502000 |   524261875 |  17533054218 |      2048 |      0 |  1512111779 |      0 |      0 |         0 
 59971 Thread 25 - PartitionProcessorThre...70-9653-72c0bb62d350-0-11 |  1398000 |   487000 |   550510359 |  18393420722 |         0 |      0 |  1266615540 |      0 |      0 |         0 
 59972 Thread 26 - PartitionProcessorThre...70-9653-72c0bb62d350-0-12 |  1247000 |   461000 |   498557586 |  16663622882 |         0 |      0 |  1428508667 |      0 |      0 |         0 
 59973 Thread 27 - PartitionProcessorThre...70-9653-72c0bb62d350-0-13 |  1303000 |   448000 |   511822527 |  17083967402 |      1024 |      0 |  1418698219 |      0 |      0 |         0 
 59974 Thread 28 - PartitionProcessorThre...70-9653-72c0bb62d350-0-14 |  1267000 |   478000 |   509506695 |  17027775531 |         0 |      0 |  1388344928 |      0 |      0 |         0 
 59975 Thread 29 - PartitionProcessorThre...70-9653-72c0bb62d350-0-15 |  1263000 |   455000 |   501146195 |  16761007168 |         0 |      0 |  1462134839 |      0 |      0 |         0 
 59976 Thread 30 - PartitionProcessorThre...70-9653-72c0bb62d350-0-16 |  1218000 |   442000 |   485285071 |  16196338273 |         0 |      0 |  1466037075 |      0 |      0 |         0 
 59977 Thread 31 - PartitionProcessorThre...70-9653-72c0bb62d350-0-17 |  1272000 |   464000 |   505064695 |  16938173066 |         0 |      0 |  1201332559 |      0 |      0 |         0 
 59978 Thread 32 - PartitionProcessorThre...70-9653-72c0bb62d350-0-18 |  1416000 |   454000 |   543626703 |  18243223355 |     35840 |      0 |  1425646755 |      0 |      0 |         0 
 59979 Thread 33 - PartitionProcessorThre...70-9653-72c0bb62d350-0-19 |  1246000 |   474000 |   501771344 |  16783135027 |         0 |      0 |  1332166396 |      0 |      0 |         0 
 59981 Thread 34 - PartitionProcessorThre...b70-9653-72c0bb62d350-2-0 |  1281000 |   397000 |   491270024 |  16373590519 |         0 |      0 |  1381888578 |      0 |      0 |         0 
 59982 Thread 35 - PartitionProcessorThre...b70-9653-72c0bb62d350-2-1 |  1291000 |   464000 |   515350852 |  17124779046 |         0 |      0 |  1325466463 |      0 |      0 |         0 
 59983 Thread 36 - PartitionProcessorThre...b70-9653-72c0bb62d350-2-2 |  1361000 |   505000 |   545928594 |  18207456323 |         0 |      0 |  1487758878 |      0 |      0 |         0 
 59984 Thread 37 - PartitionProcessorThre...b70-9653-72c0bb62d350-2-3 |  1288000 |   464000 |   513244805 |  17095670355 |         0 |      0 |  1467700331 |      0 |      0 |         0 
 59985 Thread 38 - PartitionProcessorThre...b70-9653-72c0bb62d350-2-4 |  1304000 |   457000 |   516345566 |  17183467206 |         0 |      0 |  1561689900 |      0 |      0 |         0 
 59986 Thread 39 - PartitionProcessorThre...b70-9653-72c0bb62d350-2-5 |  1256000 |   476000 |   507831281 |  16901273121 |         0 |      0 |  1348181749 |      0 |      0 |         0 
 59987 Thread 40 - PartitionProcessorThre...b70-9653-72c0bb62d350-2-6 |  1242000 |   460000 |   498790414 |  16607978675 |         0 |      0 |  1394484557 |      0 |      0 |         0 
 59988 Thread 41 - PartitionProcessorThre...b70-9653-72c0bb62d350-2-7 |  1260000 |   459000 |   504675282 |  16774638585 |         0 |      0 |  1609153213 |      0 |      0 |         0 
 59989 Thread 42 - PartitionProcessorThre...b70-9653-72c0bb62d350-2-8 |  1310000 |   469000 |   522172813 |  17359865054 |         0 |      0 |  1549458721 |      0 |      0 |         0 
 59990 Thread 43 - PartitionProcessorThre...b70-9653-72c0bb62d350-2-9 |  1309000 |   442000 |   513796887 |  17086710117 |         0 |      0 |  1501154565 |      0 |      0 |         0 
 59991 Thread 44 - PartitionProcessorThre...70-9653-72c0bb62d350-2-10 |  1310000 |   502000 |   532481441 |  17681769027 |         0 |      0 |  1491500863 |      0 |      0 |         0 
 59992 Thread 45 - PartitionProcessorThre...70-9653-72c0bb62d350-2-11 |  1272000 |   453000 |   505488297 |  16831348031 |         0 |      0 |  1527301204 |      0 |      0 |         0 
 59993 Thread 46 - PartitionProcessorThre...70-9653-72c0bb62d350-2-12 |  1219000 |   424000 |   481193301 |  16032225304 |         0 |      0 |  1370231962 |      0 |      0 |         0 
 59994 Thread 47 - PartitionProcessorThre...70-9653-72c0bb62d350-2-13 |  1270000 |   451000 |   504534504 |  16793547261 |         0 |      0 |  1316980183 |      0 |      0 |         0 
 59995 Thread 48 - PartitionProcessorThre...70-9653-72c0bb62d350-2-14 |  1293000 |   464000 |   515701524 |  17145083093 |         0 |      0 |  1476697822 |      0 |      0 |         0 
 59996 Thread 49 - PartitionProcessorThre...70-9653-72c0bb62d350-2-15 |  1294000 |   508000 |   528426449 |  17584089081 |         0 |      0 |  1448256753 |      0 |      0 |         0 
 59997 Thread 50 - PartitionProcessorThre...70-9653-72c0bb62d350-2-16 |  1330000 |   451000 |   522155867 |  17379058550 |         0 |      0 |  1385899797 |      0 |      0 |         0 
 59998 Thread 51 - PartitionProcessorThre...70-9653-72c0bb62d350-2-17 |  1196000 |   433000 |   477994828 |  15895538551 |         0 |      0 |  1388021229 |      0 |      0 |         0 
 59999 Thread 52 - PartitionProcessorThre...70-9653-72c0bb62d350-2-18 |  1345000 |   462000 |   529593641 |  17633273738 |         0 |      0 |  1413535502 |      0 |      0 |         0 
 60000 Thread 53 - PartitionProcessorThre...70-9653-72c0bb62d350-2-19 |  1256000 |   438000 |   497599969 |  16530691582 |         0 |      0 |  1494452148 |      0 |      0 |         0 
 60001 Thread 54 - PartitionProcessorThre...b70-9653-72c0bb62d350-1-0 |  1193000 |   446000 |   482251176 |  15993370894 |         0 |      0 |  1570262329 |      0 |      0 |         0 
 60002 Thread 55 - PartitionProcessorThre...b70-9653-72c0bb62d350-1-1 |  1300000 |   419000 |   505633406 |  16774167644 |         0 |      0 |  1355109734 |      0 |      0 |         0 
 60003 Thread 56 - PartitionProcessorThre...b70-9653-72c0bb62d350-1-2 |  1312000 |   449000 |   518317098 |  17184383960 |         0 |      0 |  1305598877 |      0 |      0 |         0 
 60004 Thread 57 - PartitionProcessorThre...b70-9653-72c0bb62d350-1-3 |  1287000 |   432000 |   506181020 |  16774508531 |         0 |      0 |  1423321742 |      0 |      0 |         0 
 60005 Thread 58 - PartitionProcessorThre...b70-9653-72c0bb62d350-1-4 |  1332000 |   428000 |   517782723 |  17173759871 |         0 |      0 |  1433486811 |      0 |      0 |         0 
 60006 Thread 59 - PartitionProcessorThre...b70-9653-72c0bb62d350-1-5 |  1244000 |   428000 |   491171516 |  16315552507 |         0 |      0 |  1380222241 |      0 |      0 |         0 
 60007 Thread 60 - PartitionProcessorThre...b70-9653-72c0bb62d350-1-6 |  1276000 |   445000 |   506288754 |  16793226531 |         0 |      0 |  1505419376 |      0 |      0 |         0 
 60008 Thread 61 - PartitionProcessorThre...b70-9653-72c0bb62d350-1-7 |  1288000 |   454000 |   512123051 |  16998707578 |         0 |      0 |  1443683580 |      0 |      0 |         0 
 60009 Thread 62 - PartitionProcessorThre...b70-9653-72c0bb62d350-1-8 |  1324000 |   468000 |   527237918 |  17486354683 |         0 |      0 |  1275300108 |      0 |      0 |         0 
 60010 Thread 63 - PartitionProcessorThre...b70-9653-72c0bb62d350-1-9 |  1346000 |   493000 |   540753520 |  17945066515 |         0 |      0 |  1538685962 |      0 |      0 |         0 
 60011 Thread 64 - PartitionProcessorThre...70-9653-72c0bb62d350-1-10 |  1207000 |   459000 |   490214719 |  16257485300 |         0 |      0 |  1257183375 |      0 |      0 |         0 
 60012 Thread 65 - PartitionProcessorThre...70-9653-72c0bb62d350-1-11 |  1323000 |   425000 |   514616469 |  17058261425 |         0 |      0 |  1449458023 |      0 |      0 |         0 
 60013 Thread 66 - PartitionProcessorThre...70-9653-72c0bb62d350-1-12 |  1303000 |   498000 |   529524871 |  17574236710 |         0 |      0 |  1268759778 |      0 |      0 |         0 
 60014 Thread 67 - PartitionProcessorThre...70-9653-72c0bb62d350-1-13 |  1216000 |   436000 |   486414348 |  16120343324 |         0 |      0 |  1374868112 |      0 |      0 |         0 
 60015 Thread 68 - PartitionProcessorThre...70-9653-72c0bb62d350-1-14 |  1219000 |   429000 |   484913110 |  16081181308 |      1024 |      0 |  1495943553 |      0 |      0 |         0 
 60016 Thread 69 - PartitionProcessorThre...70-9653-72c0bb62d350-1-15 |  1291000 |   430000 |   506770106 |  16793793906 |         0 |      0 |  1386349136 |      0 |      0 |         0 
 60017 Thread 70 - PartitionProcessorThre...70-9653-72c0bb62d350-1-16 |  1276000 |   423000 |   500083188 |  16579225132 |         0 |      0 |  1357559848 |      0 |      0 |         0 
 60018 Thread 71 - PartitionProcessorThre...70-9653-72c0bb62d350-1-17 |  1320000 |   485000 |   530499145 |  17612619109 |         0 |      0 |  1508080650 |      0 |      0 |         0 
 60019 Thread 72 - PartitionProcessorThre...70-9653-72c0bb62d350-1-18 |  1249000 |   453000 |   500501156 |  16607951394 |         0 |      0 |  1516594127 |      0 |      0 |         0 
 60020 Thread 73 - PartitionProcessorThre...70-9653-72c0bb62d350-1-19 |  1281000 |   415000 |   499091883 |  16549399308 |         0 |      0 |  1456165343 |      0 |      0 |         0 
 60380 Thread 74 - process reaper                                     |        0 |     2000 |      604179 |     19541042 |      2048 |      0 |           0 |      0 |      0 |         0 
 60386 Thread 75 - Attach Listener                                    |   353000 |   102000 |   136201768 |   4446425190 |   5304320 | 187392 |     3411021 |      0 |      0 |         0 
