                                 Task                                 |  utime   |  stime   |     rss     |     vmem     |   read    | write  |    d:cpu    |  d:bio   | d:swap | d:reclaim 
 26849 Thread 1 - main                                                |   565000 |    73000 |    38718452 |   4833297885 |  21055488 |   1024 |     3078603 |        0 |      0 |         0 
 26871 Thread 2 - Reference Handler                                   |     7000 |        0 |      915363 |     56498238 |         0 |      0 |      493606 |        0 |      0 |         0 
 26872 Thread 3 - Finalizer                                           |     8000 |        0 |      748136 |     61503113 |      5120 |      0 |      654035 |        0 |      0 |         0 
 26873 Thread 4 - Surrogate Locker Thread (Concurrent GC)             |        0 |        0 |           0 |            0 |         0 |      0 |           0 |        0 |      0 |         0 
 26874 Thread 5 - Signal Dispatcher                                   |        0 |        0 |           0 |            0 |         0 |      0 |        1138 |        0 |      0 |         0 
 26885 Thread 11 - DecatonSubscriptionThread-decaton-benchmark        | 27477000 | 29382000 | 17341065463 | 553426370502 | 585617408 | 139264 | 18328735323 |   292132 |      0 |         0 
 26886 Thread 13 - kafka-coordinator-hear...hread | decaton-benchmark |   177000 |    51000 |    69400612 |   2221696265 |   6227968 |   5120 |    41850703 | 12537807 |      0 |         0 
 26889 Thread 14 - PartitionProcessorThre...e70-a3b8-5c3f41b99e8d-2-0 |  1165000 |   414000 |   479843925 |  15385441700 |     36864 |      0 |  1160027987 |        0 |      0 |         0 
 26890 Thread 15 - PartitionProcessorThre...e70-a3b8-5c3f41b99e8d-2-1 |  1158000 |   418000 |   481115695 |  15371193153 |         0 |      0 |  1317096374 |        0 |      0 |         0 
 26891 Thread 16 - PartitionProcessorThre...e70-a3b8-5c3f41b99e8d-2-2 |  1254000 |   432000 |   515595464 |  16442498813 |         0 |      0 |  1389523804 |        0 |      0 |         0 
 26892 Thread 17 - PartitionProcessorThre...e70-a3b8-5c3f41b99e8d-2-3 |  1186000 |   395000 |   482890652 |  15421438790 |         0 |      0 |  1273149134 |        0 |      0 |         0 
 26893 Thread 18 - PartitionProcessorThre...e70-a3b8-5c3f41b99e8d-2-4 |  1185000 |   405000 |   485507840 |  15506083157 |         0 |      0 |  1347088844 |        0 |      0 |         0 
 26894 Thread 19 - PartitionProcessorThre...e70-a3b8-5c3f41b99e8d-2-5 |  1185000 |   376000 |   474289000 |  15219895907 |         0 |      0 |  1198126787 |        0 |      0 |         0 
 26895 Thread 20 - PartitionProcessorThre...e70-a3b8-5c3f41b99e8d-2-6 |  1160000 |   417000 |   481780207 |  15383489950 |         0 |      0 |  1267612302 |        0 |      0 |         0 
 26896 Thread 21 - PartitionProcessorThre...e70-a3b8-5c3f41b99e8d-2-7 |  1198000 |   441000 |   499699136 |  15983018641 |     17408 |      0 |  1525439148 |        0 |      0 |         0 
 26897 Thread 22 - PartitionProcessorThre...e70-a3b8-5c3f41b99e8d-2-8 |  1174000 |   420000 |   485068914 |  15542032376 |    121856 |      0 |  1410540905 |        0 |      0 |         0 
 26898 Thread 23 - PartitionProcessorThre...e70-a3b8-5c3f41b99e8d-2-9 |  1116000 |   397000 |   462484008 |  14756890352 |      3072 |      0 |  1383021532 |        0 |      0 |         0 
 26899 Thread 24 - PartitionProcessorThre...70-a3b8-5c3f41b99e8d-2-10 |  1110000 |   363000 |   451207371 |  14367605044 |         0 |      0 |  1321710936 |        0 |      0 |         0 
 26900 Thread 25 - PartitionProcessorThre...70-a3b8-5c3f41b99e8d-2-11 |  1177000 |   390000 |   480252593 |  15282394590 |      2048 |      0 |  1262752894 |        0 |      0 |         0 
 26901 Thread 26 - PartitionProcessorThre...70-a3b8-5c3f41b99e8d-2-12 |  1165000 |   410000 |   483025113 |  15363445508 |         0 |      0 |  1432874468 |        0 |      0 |         0 
 26902 Thread 27 - PartitionProcessorThre...70-a3b8-5c3f41b99e8d-2-13 |  1149000 |   378000 |   467403457 |  14895101325 |         0 |      0 |  1388916296 |        0 |      0 |         0 
 26903 Thread 28 - PartitionProcessorThre...70-a3b8-5c3f41b99e8d-2-14 |  1221000 |   376000 |   488398394 |  15577620770 |         0 |      0 |  1452161125 |        0 |      0 |         0 
 26904 Thread 29 - PartitionProcessorThre...70-a3b8-5c3f41b99e8d-2-15 |  1228000 |   376000 |   489688050 |  15644976610 |         0 |      0 |  1389193893 |        0 |      0 |         0 
 26905 Thread 30 - PartitionProcessorThre...70-a3b8-5c3f41b99e8d-2-16 |  1175000 |   394000 |   479255047 |  15305349231 |         0 |      0 |  1301145871 |        0 |      0 |         0 
 26906 Thread 31 - PartitionProcessorThre...70-a3b8-5c3f41b99e8d-2-17 |  1153000 |   434000 |   485316152 |  15481108469 |     23552 |      0 |  1181908756 |        0 |      0 |         0 
 26907 Thread 32 - PartitionProcessorThre...70-a3b8-5c3f41b99e8d-2-18 |  1176000 |   422000 |   489933238 |  15587801208 |         0 |      0 |  1272473402 |        0 |      0 |         0 
 26908 Thread 33 - PartitionProcessorThre...70-a3b8-5c3f41b99e8d-2-19 |  1098000 |   482000 |   482973031 |  15411866005 |         0 |      0 |  1396152863 |        0 |      0 |         0 
 26909 Thread 34 - PartitionProcessorThre...e70-a3b8-5c3f41b99e8d-1-0 |  1151000 |   409000 |   479564824 |  15218009778 |         0 |      0 |  1448131151 |        0 |      0 |         0 
 26910 Thread 35 - PartitionProcessorThre...e70-a3b8-5c3f41b99e8d-1-1 |  1164000 |   407000 |   482539988 |  15325061188 |         0 |      0 |  1356644672 |        0 |      0 |         0 
 26911 Thread 36 - PartitionProcessorThre...e70-a3b8-5c3f41b99e8d-1-2 |  1259000 |   386000 |   506441125 |  16047465891 |         0 |      0 |  1309061193 |        0 |      0 |         0 
 26912 Thread 37 - PartitionProcessorThre...e70-a3b8-5c3f41b99e8d-1-3 |  1209000 |   435000 |   505535207 |  16037787454 |         0 |      0 |  1260202898 |        0 |      0 |         0 
 26913 Thread 38 - PartitionProcessorThre...e70-a3b8-5c3f41b99e8d-1-4 |  1190000 |   454000 |   506205632 |  16038252129 |         0 |      0 |  1460643889 |        0 |      0 |         0 
 26914 Thread 39 - PartitionProcessorThre...e70-a3b8-5c3f41b99e8d-1-5 |  1161000 |   409000 |   482359109 |  15316021219 |         0 |      0 |  1351956504 |        0 |      0 |         0 
 26915 Thread 40 - PartitionProcessorThre...e70-a3b8-5c3f41b99e8d-1-6 |  1100000 |   418000 |   467541555 |  14809183884 |         0 |      0 |  1350023576 |        0 |      0 |         0 
 26916 Thread 41 - PartitionProcessorThre...e70-a3b8-5c3f41b99e8d-1-7 |  1224000 |   417000 |   504397257 |  16008380004 |         0 |      0 |  1490853667 |        0 |      0 |         0 
 26917 Thread 42 - PartitionProcessorThre...e70-a3b8-5c3f41b99e8d-1-8 |  1175000 |   391000 |   480653125 |  15277103450 |         0 |      0 |  1334567317 |        0 |      0 |         0 
 26918 Thread 43 - PartitionProcessorThre...e70-a3b8-5c3f41b99e8d-1-9 |  1158000 |   458000 |   496591937 |  15765351997 |  10831872 |      0 |  1178532044 |        0 |      0 |         0 
 26919 Thread 44 - PartitionProcessorThre...70-a3b8-5c3f41b99e8d-1-10 |  1134000 |   365000 |   460858469 |  14623768555 |         0 |      0 |  1121886492 |        0 |      0 |         0 
 26920 Thread 45 - PartitionProcessorThre...70-a3b8-5c3f41b99e8d-1-11 |  1096000 |   453000 |   475508551 |  15111060532 |         0 |      0 |  1320766101 |        0 |      0 |         0 
 26921 Thread 46 - PartitionProcessorThre...70-a3b8-5c3f41b99e8d-1-12 |  1143000 |   373000 |   465754176 |  14789196341 |         0 |      0 |  1182776241 |        0 |      0 |         0 
 26922 Thread 47 - PartitionProcessorThre...70-a3b8-5c3f41b99e8d-1-13 |  1152000 |   428000 |   485690371 |  15413652067 |         0 |      0 |  1186542594 |        0 |      0 |         0 
 26923 Thread 48 - PartitionProcessorThre...70-a3b8-5c3f41b99e8d-1-14 |  1228000 |   409000 |   502135859 |  15969679223 |         0 |      0 |  1370821548 |        0 |      0 |         0 
 26924 Thread 49 - PartitionProcessorThre...70-a3b8-5c3f41b99e8d-1-15 |  1248000 |   422000 |   513373816 |  16291899313 |         0 |      0 |  1395919313 |        0 |      0 |         0 
 26925 Thread 50 - PartitionProcessorThre...70-a3b8-5c3f41b99e8d-1-16 |  1152000 |   410000 |   480606105 |  15237964923 |         0 |      0 |  1265248094 |        0 |      0 |         0 
 26926 Thread 51 - PartitionProcessorThre...70-a3b8-5c3f41b99e8d-1-17 |  1140000 |   415000 |   476658680 |  15169790575 |         0 |      0 |  1363545023 |        0 |      0 |         0 
 26927 Thread 52 - PartitionProcessorThre...70-a3b8-5c3f41b99e8d-1-18 |  1165000 |   407000 |   482519195 |  15335463715 |      1024 |      0 |  1253130798 |        0 |      0 |         0 
 26928 Thread 53 - PartitionProcessorThre...70-a3b8-5c3f41b99e8d-1-19 |  1156000 |   412000 |   482746215 |  15296700372 |         0 |      0 |  1370753017 |        0 |      0 |         0 
 26929 Thread 54 - PartitionProcessorThre...e70-a3b8-5c3f41b99e8d-0-0 |  1176000 |   420000 |   491715523 |  15569821508 |         0 |      0 |  1143821773 |        0 |      0 |         0 
 26930 Thread 55 - PartitionProcessorThre...e70-a3b8-5c3f41b99e8d-0-1 |  1154000 |   401000 |   479710836 |  15170011313 |         0 |      0 |  1256366197 |        0 |      0 |         0 
 26931 Thread 56 - PartitionProcessorThre...e70-a3b8-5c3f41b99e8d-0-2 |  1115000 |   396000 |   466546484 |  14740797837 |         0 |      0 |  1060567543 |        0 |      0 |         0 
 26932 Thread 57 - PartitionProcessorThre...e70-a3b8-5c3f41b99e8d-0-3 |  1196000 |   432000 |   501274250 |  15882196501 |         0 |      0 |  1304652400 |        0 |      0 |         0 
 26933 Thread 58 - PartitionProcessorThre...e70-a3b8-5c3f41b99e8d-0-4 |  1207000 |   398000 |   493991058 |  15657739684 |         0 |      0 |  1162857978 |        0 |      0 |         0 
 26934 Thread 59 - PartitionProcessorThre...e70-a3b8-5c3f41b99e8d-0-5 |  1099000 |   434000 |   472539195 |  14955230544 |         0 |      0 |  1181382700 |        0 |      0 |         0 
 26935 Thread 60 - PartitionProcessorThre...e70-a3b8-5c3f41b99e8d-0-6 |  1169000 |   371000 |   474411297 |  15023820243 |         0 |      0 |  1353253419 |        0 |      0 |         0 
 26936 Thread 61 - PartitionProcessorThre...e70-a3b8-5c3f41b99e8d-0-7 |  1136000 |   417000 |   478205836 |  15150559274 |         0 |      0 |  1275823276 |        0 |      0 |         0 
 26937 Thread 62 - PartitionProcessorThre...e70-a3b8-5c3f41b99e8d-0-8 |  1151000 |   373000 |   469312035 |  14867728071 |         0 |      0 |  1242035894 |        0 |      0 |         0 
 26938 Thread 63 - PartitionProcessorThre...e70-a3b8-5c3f41b99e8d-0-9 |  1154000 |   395000 |   478025246 |  15111201676 |         0 |      0 |  1404025513 |        0 |      0 |         0 
 26939 Thread 64 - PartitionProcessorThre...70-a3b8-5c3f41b99e8d-0-10 |  1208000 |   426000 |   502949953 |  15940466602 |         0 |      0 |  1163750687 |        0 |      0 |         0 
 26940 Thread 65 - PartitionProcessorThre...70-a3b8-5c3f41b99e8d-0-11 |  1189000 |   418000 |   495828105 |  15676953817 |         0 |      0 |  1170136053 |        0 |      0 |         0 
 26941 Thread 66 - PartitionProcessorThre...70-a3b8-5c3f41b99e8d-0-12 |  1176000 |   407000 |   488716699 |  15443281258 |         0 |      0 |  1325743430 |        0 |      0 |         0 
 26942 Thread 67 - PartitionProcessorThre...70-a3b8-5c3f41b99e8d-0-13 |  1098000 |   340000 |   444117781 |  14028756309 |         0 |      0 |  1137643327 |        0 |      0 |         0 
 26943 Thread 68 - PartitionProcessorThre...70-a3b8-5c3f41b99e8d-0-14 |  1149000 |   424000 |   484811179 |  15345591848 |         0 |      0 |  1292405105 |        0 |      0 |         0 
 26944 Thread 69 - PartitionProcessorThre...70-a3b8-5c3f41b99e8d-0-15 |  1094000 |   390000 |   457843988 |  14477247313 |         0 |      0 |  1111791108 |        0 |      0 |         0 
 26945 Thread 70 - PartitionProcessorThre...70-a3b8-5c3f41b99e8d-0-16 |  1238000 |   387000 |   500899648 |  15852946930 |         0 |      0 |  1262790034 |        0 |      0 |         0 
 26946 Thread 71 - PartitionProcessorThre...70-a3b8-5c3f41b99e8d-0-17 |  1198000 |   372000 |   484545078 |  15316730403 |         0 |      0 |  1416873941 |        0 |      0 |         0 
 26947 Thread 72 - PartitionProcessorThre...70-a3b8-5c3f41b99e8d-0-18 |  1139000 |   415000 |   479236949 |  15160389454 |         0 |      0 |  1277308753 |        0 |      0 |         0 
 26948 Thread 73 - PartitionProcessorThre...70-a3b8-5c3f41b99e8d-0-19 |  1045000 |   384000 |   439786004 |  13940970903 |         0 |      0 |  1067370151 |        0 |      0 |         0 
 27350 Thread 74 - process reaper                                     |        0 |        0 |           0 |            0 |      2048 |      0 |     1740289 |        0 |      0 |         0 
 27356 Thread 75 - Attach Listener                                    |   365000 |    89000 |   142803081 |   4436671140 |   5304320 | 137216 |     2811809 |        0 |      0 |         0 
