                                 Task                                 |  utime   |  stime   |     rss     |     vmem     |   read    | write  |    d:cpu    |  d:bio  | d:swap | d:reclaim 
 29395 Thread 1 - main                                                |   586000 |    79000 |    40981260 |   5046803521 |  21055488 |   1024 |     5816683 |       0 |      0 |         0 
 29417 Thread 2 - Reference Handler                                   |     5000 |     1000 |      704886 |     47819203 |         0 |      0 |     1617813 |       0 |      0 |         0 
 29418 Thread 3 - Finalizer                                           |     6000 |     2000 |      633414 |     60589648 |      5120 |      0 |      669549 |       0 |      0 |         0 
 29419 Thread 4 - Surrogate Locker Thread (Concurrent GC)             |        0 |        0 |           0 |            0 |         0 |      0 |           0 |       0 |      0 |         0 
 29420 Thread 5 - Signal Dispatcher                                   |     1000 |     1000 |      335230 |     17047320 |         0 |      0 |           0 |       0 |      0 |         0 
 29430 Thread 11 - DecatonSubscriptionThread-decaton-benchmark        | 29884000 | 33249000 | 19057202260 | 614803079167 | 635601920 | 132096 | 19704993760 |   81880 |      0 |         0 
 29431 Thread 13 - kafka-coordinator-hear...hread | decaton-benchmark |   193000 |    46000 |    71234796 |   2329692741 |   7520256 |   5120 |    40114245 |  177729 |      0 |         0 
 29434 Thread 14 - PartitionProcessorThre...6ef-b010-3ea221726385-1-0 |  1294000 |   480000 |   534178067 |  17305620481 |         0 |      0 |  1466853038 |       0 |      0 |         0 
 29435 Thread 15 - PartitionProcessorThre...6ef-b010-3ea221726385-1-1 |  1314000 |   418000 |   517254977 |  16870021118 |    159744 |      0 |  1507336306 |       0 |      0 |         0 
 29436 Thread 16 - PartitionProcessorThre...6ef-b010-3ea221726385-1-2 |  1342000 |   434000 |   536612864 |  17327313653 |         0 |      0 |  1247961431 |       0 |      0 |         0 
 29437 Thread 17 - PartitionProcessorThre...6ef-b010-3ea221726385-1-3 |  1331000 |   459000 |   541127641 |  17464012078 |         0 |      0 |  1378864805 |       0 |      0 |         0 
 29438 Thread 18 - PartitionProcessorThre...6ef-b010-3ea221726385-1-4 |  1344000 |   431000 |   533474231 |  17316917821 |         0 |      0 |  1298670685 |       0 |      0 |         0 
 29439 Thread 19 - PartitionProcessorThre...6ef-b010-3ea221726385-1-5 |  1294000 |   432000 |   520793899 |  16840227344 |         0 |      0 |  1326979871 |       0 |      0 |         0 
 29440 Thread 20 - PartitionProcessorThre...6ef-b010-3ea221726385-1-6 |  1263000 |   450000 |   514083438 |  16712569836 |         0 |      0 |  1432578790 |       0 |      0 |         0 
 29441 Thread 21 - PartitionProcessorThre...6ef-b010-3ea221726385-1-7 |  1278000 |   429000 |   512534391 |  16652548243 |         0 |      0 |  1510462679 |       0 |      0 |         0 
 29442 Thread 22 - PartitionProcessorThre...6ef-b010-3ea221726385-1-8 |  1314000 |   439000 |   528315309 |  17103798270 |         0 |      0 |  1339812856 |       0 |      0 |         0 
 29443 Thread 23 - PartitionProcessorThre...6ef-b010-3ea221726385-1-9 |  1241000 |   458000 |   511627168 |  16572838770 |         0 |      0 |  1257241738 |       0 |      0 |         0 
 29444 Thread 24 - PartitionProcessorThre...ef-b010-3ea221726385-1-10 |  1386000 |   433000 |   548128739 |  17749053500 |         0 |      0 |  1407997356 |       0 |      0 |         0 
 29445 Thread 25 - PartitionProcessorThre...ef-b010-3ea221726385-1-11 |  1311000 |   462000 |   532941235 |  17299018657 |         0 |      0 |  1434850818 |       0 |      0 |         0 
 29446 Thread 26 - PartitionProcessorThre...ef-b010-3ea221726385-1-12 |  1252000 |   467000 |   519062954 |  16771077567 |         0 |      0 |  1455878065 |       0 |      0 |         0 
 29447 Thread 27 - PartitionProcessorThre...ef-b010-3ea221726385-1-13 |  1238000 |   410000 |   495180778 |  16079557524 |         0 |      0 |  1344256279 |       0 |      0 |         0 
 29448 Thread 28 - PartitionProcessorThre...ef-b010-3ea221726385-1-14 |  1365000 |   469000 |   552230360 |  17895997133 |         0 |      0 |  1446137407 |       0 |      0 |         0 
 29449 Thread 29 - PartitionProcessorThre...ef-b010-3ea221726385-1-15 |  1322000 |   511000 |   553267446 |  17883445774 |     44032 |      0 |  1303159394 |       0 |      0 |         0 
 29450 Thread 30 - PartitionProcessorThre...ef-b010-3ea221726385-1-16 |  1243000 |   444000 |   507411700 |  16458161680 |      3072 |      0 |  1451132229 |       0 |      0 |         0 
 29451 Thread 31 - PartitionProcessorThre...ef-b010-3ea221726385-1-17 |  1322000 |   444000 |   531928883 |  17230410610 |      1024 |      0 |  1452829720 |       0 |      0 |         0 
 29452 Thread 32 - PartitionProcessorThre...ef-b010-3ea221726385-1-18 |  1278000 |   462000 |   521652188 |  16975916161 |         0 |      0 |  1523673981 |       0 |      0 |         0 
 29453 Thread 33 - PartitionProcessorThre...ef-b010-3ea221726385-1-19 |  1334000 |   454000 |   538826055 |  17444702801 |         0 |      0 |  1317855536 |       0 |      0 |         0 
 29454 Thread 34 - PartitionProcessorThre...6ef-b010-3ea221726385-0-0 |  1221000 |   437000 |   503805180 |  16178539497 |         0 |      0 |  1374356494 |       0 |      0 |         0 
 29455 Thread 35 - PartitionProcessorThre...6ef-b010-3ea221726385-0-1 |  1202000 |   425000 |   496295536 |  15876200844 |         0 |      0 |  1445789880 |       0 |      0 |         0 
 29456 Thread 36 - PartitionProcessorThre...6ef-b010-3ea221726385-0-2 |  1338000 |   431000 |   536709461 |  17261214797 |         0 |      0 |  1423819214 |       0 |      0 |         0 
 29457 Thread 37 - PartitionProcessorThre...6ef-b010-3ea221726385-0-3 |  1224000 |   498000 |   523451528 |  16803307098 |         0 |      0 |  1174441450 |       0 |      0 |         0 
 29458 Thread 38 - PartitionProcessorThre...6ef-b010-3ea221726385-0-4 |  1251000 |   473000 |   523600692 |  16822842942 |         0 |      0 |  1322402113 |       0 |      0 |         0 
 29459 Thread 39 - PartitionProcessorThre...6ef-b010-3ea221726385-0-5 |  1245000 |   425000 |   507498563 |  16295763176 |         0 |      0 |  1366998202 |       0 |      0 |         0 
 29460 Thread 40 - PartitionProcessorThre...6ef-b010-3ea221726385-0-6 |  1315000 |   472000 |   544366489 |  17437669235 |         0 |      0 |  1298402118 |       0 |      0 |         0 
 29461 Thread 41 - PartitionProcessorThre...6ef-b010-3ea221726385-0-7 |  1331000 |   434000 |   535407860 |  17222111414 |         0 |      0 |  1246665271 |       0 |      0 |         0 
 29462 Thread 42 - PartitionProcessorThre...6ef-b010-3ea221726385-0-8 |  1327000 |   493000 |   551847047 |  17759025731 |         0 |      0 |  1373398198 |       0 |      0 |         0 
 29463 Thread 43 - PartitionProcessorThre...6ef-b010-3ea221726385-0-9 |  1276000 |   492000 |   537269067 |  17251399438 |         0 |      0 |  1235879771 |       0 |      0 |         0 
 29464 Thread 44 - PartitionProcessorThre...ef-b010-3ea221726385-0-10 |  1244000 |   447000 |   513420114 |  16500300364 |         0 |      0 |  1268215515 |       0 |      0 |         0 
 29465 Thread 45 - PartitionProcessorThre...ef-b010-3ea221726385-0-11 |  1266000 |   454000 |   523546559 |  16783844532 |         0 |      0 |  1238393756 |       0 |      0 |         0 
 29466 Thread 46 - PartitionProcessorThre...ef-b010-3ea221726385-0-12 |  1249000 |   428000 |   509003028 |  16363364793 |         0 |      0 |  1278062562 |       0 |      0 |         0 
 29467 Thread 47 - PartitionProcessorThre...ef-b010-3ea221726385-0-13 |  1253000 |   449000 |   518387063 |  16608500504 |         0 |      0 |  1128141151 |       0 |      0 |         0 
 29468 Thread 48 - PartitionProcessorThre...ef-b010-3ea221726385-0-14 |  1304000 |   482000 |   543476832 |  17427539297 |         0 |      0 |  1359751455 |       0 |      0 |         0 
 29469 Thread 49 - PartitionProcessorThre...ef-b010-3ea221726385-0-15 |  1247000 |   486000 |   526897496 |  16910269336 |         0 |      0 |  1447447241 |       0 |      0 |         0 
 29470 Thread 50 - PartitionProcessorThre...ef-b010-3ea221726385-0-16 |  1265000 |   441000 |   517902286 |  16646858723 |         0 |      0 |  1324872667 |       0 |      0 |         0 
 29471 Thread 51 - PartitionProcessorThre...ef-b010-3ea221726385-0-17 |  1296000 |   478000 |   541568106 |  17311846692 |         0 |      0 |  1382411035 |       0 |      0 |         0 
 29472 Thread 52 - PartitionProcessorThre...ef-b010-3ea221726385-0-18 |  1343000 |   521000 |   565997723 |  18188627910 |         0 |      0 |  1509067221 |       0 |      0 |         0 
 29473 Thread 53 - PartitionProcessorThre...ef-b010-3ea221726385-0-19 |  1164000 |   453000 |   492034254 |  15778978852 |         0 |      0 |  1445877405 |       0 |      0 |         0 
 29474 Thread 54 - PartitionProcessorThre...6ef-b010-3ea221726385-2-0 |  1261000 |   457000 |   523598649 |  16764339496 |         0 |      0 |  1340301927 |       0 |      0 |         0 
 29475 Thread 55 - PartitionProcessorThre...6ef-b010-3ea221726385-2-1 |  1252000 |   441000 |   515306485 |  16520156571 |         0 |      0 |  1308725797 |       0 |      0 |         0 
 29476 Thread 56 - PartitionProcessorThre...6ef-b010-3ea221726385-2-2 |  1239000 |   426000 |   507637458 |  16247376528 |         0 |      0 |  1294392986 |       0 |      0 |         0 
 29477 Thread 57 - PartitionProcessorThre...6ef-b010-3ea221726385-2-3 |  1270000 |   404000 |   509924598 |  16334384493 |         0 |      0 |  1234220135 |       0 |      0 |         0 
 29478 Thread 58 - PartitionProcessorThre...6ef-b010-3ea221726385-2-4 |  1306000 |   499000 |   549706278 |  17613683328 |         0 |      0 |  1219299700 |       0 |      0 |         0 
 29479 Thread 59 - PartitionProcessorThre...6ef-b010-3ea221726385-2-5 |  1351000 |   486000 |   559932766 |  17925545383 |         0 |      0 |  1382799038 |       0 |      0 |         0 
 29480 Thread 60 - PartitionProcessorThre...6ef-b010-3ea221726385-2-6 |  1322000 |   464000 |   543848496 |  17427298996 |         0 |      0 |  1410111593 |       0 |      0 |         0 
 29481 Thread 61 - PartitionProcessorThre...6ef-b010-3ea221726385-2-7 |  1219000 |   393000 |   492129114 |  15730737110 |         0 |      0 |  1460795998 |       0 |      0 |         0 
 29482 Thread 62 - PartitionProcessorThre...6ef-b010-3ea221726385-2-8 |  1262000 |   480000 |   531875715 |  16999617332 |         0 |      0 |  1438681421 |       0 |      0 |         0 
 29483 Thread 63 - PartitionProcessorThre...6ef-b010-3ea221726385-2-9 |  1246000 |   449000 |   516366344 |  16539402891 |         0 |      0 |  1330797902 |       0 |      0 |         0 
 29484 Thread 64 - PartitionProcessorThre...ef-b010-3ea221726385-2-10 |  1264000 |   455000 |   524616778 |  16774312657 |         0 |      0 |  1386141171 |       0 |      0 |         0 
 29485 Thread 65 - PartitionProcessorThre...ef-b010-3ea221726385-2-11 |  1248000 |   446000 |   516255118 |  16529956364 |         0 |      0 |  1282721661 |       0 |      0 |         0 
 29486 Thread 66 - PartitionProcessorThre...ef-b010-3ea221726385-2-12 |  1350000 |   439000 |   544940696 |  17457277649 |         0 |      0 |  1412671401 |       0 |      0 |         0 
 29487 Thread 67 - PartitionProcessorThre...ef-b010-3ea221726385-2-13 |  1299000 |   475000 |   540499348 |  17310840575 |         0 |      0 |  1617992569 |       0 |      0 |         0 
 29488 Thread 68 - PartitionProcessorThre...ef-b010-3ea221726385-2-14 |  1256000 |   462000 |   523176340 |  16764311340 |         0 |      0 |  1528434768 |       0 |      0 |         0 
 29489 Thread 69 - PartitionProcessorThre...ef-b010-3ea221726385-2-15 |  1273000 |   458000 |   527388977 |  16891263254 |         0 |      0 |  1496495822 | 5310631 |      0 |         0 
 29490 Thread 70 - PartitionProcessorThre...ef-b010-3ea221726385-2-16 |  1298000 |   441000 |   529415899 |  16969164321 |         0 |      0 |  1460813299 |       0 |      0 |         0 
 29491 Thread 71 - PartitionProcessorThre...ef-b010-3ea221726385-2-17 |  1287000 |   471000 |   536841805 |  17155820879 |         0 |      0 |  1427217300 |       0 |      0 |         0 
 29492 Thread 72 - PartitionProcessorThre...ef-b010-3ea221726385-2-18 |  1276000 |   430000 |   519785051 |  16647192965 |         0 |      0 |  1469864695 |       0 |      0 |         0 
 29493 Thread 73 - PartitionProcessorThre...ef-b010-3ea221726385-2-19 |  1193000 |   476000 |   508929411 |  16286119719 |         0 |      0 |  1388501296 |       0 |      0 |         0 
 29902 Thread 74 - process reaper                                     |     1000 |     1000 |      648863 |     19571234 |      2048 |      0 |           0 |       0 |      0 |         0 
 29908 Thread 75 - Attach Listener                                    |   363000 |    90000 |   139409788 |   4426877437 |   5304320 | 248832 |     1571974 |       0 |      0 |         0 
