                                 Task                                 |  utime   |  stime   |     rss     |     vmem     |   read    | write  |    d:cpu    | d:bio  | d:swap | d:reclaim 
 16973 Thread 1 - main                                                |   603000 |    82000 |    43886201 |   5218069589 |  21218304 |   1024 |     3340935 |      0 |      0 |         0 
 16995 Thread 2 - Reference Handler                                   |     6000 |        0 |      579781 |     46467437 |         0 |      0 |        9590 |      0 |      0 |         0 
 16996 Thread 3 - Finalizer                                           |     6000 |        0 |      729343 |     47779406 |      5120 |      0 |     1880382 |      0 |      0 |         0 
 16997 Thread 4 - Surrogate Locker Thread (Concurrent GC)             |        0 |        0 |           0 |            0 |         0 |      0 |       18500 |      0 |      0 |         0 
 16998 Thread 5 - Signal Dispatcher                                   |     1000 |        0 |      311808 |      9755035 |         0 |      0 |           0 |      0 |      0 |         0 
 17008 Thread 11 - DecatonSubscriptionThread-decaton-benchmark        | 28546000 | 32458000 | 18776600713 | 594117555881 | 636558336 | 124928 | 19511430308 |  89917 |      0 |         0 
 17010 Thread 13 - kafka-coordinator-hear...hread | decaton-benchmark |   189000 |    47000 |    71752081 |   2296782746 |   6449152 |   4096 |    17479313 | 254242 |      0 |         0 
 17013 Thread 14 - PartitionProcessorThre...983-803e-b40ed5ebb576-0-0 |  1257000 |   416000 |   511586653 |  16305151402 |     36864 |      0 |  1367136589 |      0 |      0 |         0 
 17014 Thread 15 - PartitionProcessorThre...983-803e-b40ed5ebb576-0-1 |  1240000 |   407000 |   505222122 |  16062693582 |    120832 |      0 |  1443251858 |      0 |      0 |         0 
 17015 Thread 16 - PartitionProcessorThre...983-803e-b40ed5ebb576-0-2 |  1266000 |   417000 |   517816110 |  16420615144 |         0 |      0 |  1308290446 |      0 |      0 |         0 
 17016 Thread 17 - PartitionProcessorThre...983-803e-b40ed5ebb576-0-3 |  1284000 |   450000 |   532859528 |  16913916437 |      1024 |      0 |  1287213928 |      0 |      0 |         0 
 17017 Thread 18 - PartitionProcessorThre...983-803e-b40ed5ebb576-0-4 |  1255000 |   456000 |   527229829 |  16693409386 |         0 |      0 |  1331570949 |      0 |      0 |         0 
 17018 Thread 19 - PartitionProcessorThre...983-803e-b40ed5ebb576-0-5 |  1165000 |   455000 |   497663169 |  15806765816 |         0 |      0 |  1209345528 |      0 |      0 |         0 
 17019 Thread 20 - PartitionProcessorThre...983-803e-b40ed5ebb576-0-6 |  1246000 |   473000 |   527573427 |  16769361710 |         0 |      0 |  1207627967 |      0 |      0 |         0 
 17020 Thread 21 - PartitionProcessorThre...983-803e-b40ed5ebb576-0-7 |  1246000 |   434000 |   517356317 |  16391040749 |         0 |      0 |  1304551424 |      0 |      0 |         0 
 17021 Thread 22 - PartitionProcessorThre...983-803e-b40ed5ebb576-0-8 |  1255000 |   474000 |   530295888 |  16870764722 |         0 |      0 |  1352893662 |      0 |      0 |         0 
 17022 Thread 23 - PartitionProcessorThre...983-803e-b40ed5ebb576-0-9 |  1283000 |   446000 |   530687688 |  16868660695 |         0 |      0 |  1559317677 |      0 |      0 |         0 
 17023 Thread 24 - PartitionProcessorThre...83-803e-b40ed5ebb576-0-10 |  1254000 |   458000 |   525787649 |  16703399480 |         0 |      0 |  1446803723 |      0 |      0 |         0 
 17024 Thread 25 - PartitionProcessorThre...83-803e-b40ed5ebb576-0-11 |  1296000 |   458000 |   541252985 |  17113881789 |         0 |      0 |  1215834941 |      0 |      0 |         0 
 17025 Thread 26 - PartitionProcessorThre...83-803e-b40ed5ebb576-0-12 |  1337000 |   437000 |   544052637 |  17306924437 |         0 |      0 |  1469619362 |      0 |      0 |         0 
 17026 Thread 27 - PartitionProcessorThre...83-803e-b40ed5ebb576-0-13 |  1262000 |   450000 |   525360247 |  16701913613 |         0 |      0 |  1372568134 |      0 |      0 |         0 
 17027 Thread 28 - PartitionProcessorThre...83-803e-b40ed5ebb576-0-14 |  1245000 |   439000 |   516817786 |  16430617624 |         0 |      0 |  1340639488 |      0 |      0 |         0 
 17028 Thread 29 - PartitionProcessorThre...83-803e-b40ed5ebb576-0-15 |  1332000 |   475000 |   556078481 |  17632423218 |         0 |      0 |  1377093806 |      0 |      0 |         0 
 17029 Thread 30 - PartitionProcessorThre...83-803e-b40ed5ebb576-0-16 |  1332000 |   445000 |   546528239 |  17338935722 |         0 |      0 |  1557621505 |      0 |      0 |         0 
 17030 Thread 31 - PartitionProcessorThre...83-803e-b40ed5ebb576-0-17 |  1299000 |   455000 |   538981063 |  17114470777 |     34816 |      0 |  1207341009 |      0 |      0 |         0 
 17031 Thread 32 - PartitionProcessorThre...83-803e-b40ed5ebb576-0-18 |  1265000 |   502000 |   542431262 |  17240779687 |         0 |      0 |  1454735246 |      0 |      0 |         0 
 17032 Thread 33 - PartitionProcessorThre...83-803e-b40ed5ebb576-0-19 |  1236000 |   431000 |   513149782 |  16264193546 |      7168 |      0 |  1443542925 |      0 |      0 |         0 
 17033 Thread 34 - PartitionProcessorThre...983-803e-b40ed5ebb576-2-0 |  1291000 |   429000 |   529085993 |  16781309699 |         0 |      0 |  1458855025 |      0 |      0 |         0 
 17034 Thread 35 - PartitionProcessorThre...983-803e-b40ed5ebb576-2-1 |  1300000 |   440000 |   536341239 |  16978184035 |         0 |      0 |  1261794071 |      0 |      0 |         0 
 17035 Thread 36 - PartitionProcessorThre...983-803e-b40ed5ebb576-2-2 |  1301000 |   444000 |   537688981 |  17026572253 |         0 |      0 |  1377854307 |      0 |      0 |         0 
 17036 Thread 37 - PartitionProcessorThre...983-803e-b40ed5ebb576-2-3 |  1307000 |   449000 |   541690012 |  17135195124 |         0 |      0 |  1488598348 |      0 |      0 |         0 
 17037 Thread 38 - PartitionProcessorThre...983-803e-b40ed5ebb576-2-4 |  1339000 |   444000 |   550417325 |  17398207312 |         0 |      0 |  1200097938 |      0 |      0 |         0 
 17038 Thread 39 - PartitionProcessorThre...983-803e-b40ed5ebb576-2-5 |  1274000 |   434000 |   526200856 |  16666844984 |      1024 |      0 |  1381643204 |      0 |      0 |         0 
 17039 Thread 40 - PartitionProcessorThre...983-803e-b40ed5ebb576-2-6 |  1268000 |   433000 |   524891516 |  16598050406 |         0 |      0 |  1231364668 |      0 |      0 |         0 
 17040 Thread 41 - PartitionProcessorThre...983-803e-b40ed5ebb576-2-7 |  1345000 |   442000 |   552213798 |  17437733742 |         0 |      0 |  1176948218 |      0 |      0 |         0 
 17041 Thread 42 - PartitionProcessorThre...983-803e-b40ed5ebb576-2-8 |  1271000 |   463000 |   536137583 |  16920687414 |         0 |      0 |  1275697953 |      0 |      0 |         0 
 17042 Thread 43 - PartitionProcessorThre...983-803e-b40ed5ebb576-2-9 |  1247000 |   444000 |   521767716 |  16501144624 |         0 |      0 |  1461138326 |      0 |      0 |         0 
 17043 Thread 44 - PartitionProcessorThre...83-803e-b40ed5ebb576-2-10 |  1233000 |   452000 |   520982575 |  16442229242 |         0 |      0 |  1321761613 |      0 |      0 |         0 
 17044 Thread 45 - PartitionProcessorThre...83-803e-b40ed5ebb576-2-11 |  1266000 |   495000 |   542485907 |  17183465433 |         0 |      0 |  1234863882 |      0 |      0 |         0 
 17045 Thread 46 - PartitionProcessorThre...83-803e-b40ed5ebb576-2-12 |  1260000 |   444000 |   524064591 |  16627311457 |         0 |      0 |  1460764608 |      0 |      0 |         0 
 17046 Thread 47 - PartitionProcessorThre...83-803e-b40ed5ebb576-2-13 |  1298000 |   439000 |   536708833 |  16949845089 |         0 |      0 |  1269507526 |      0 |      0 |         0 
 17047 Thread 48 - PartitionProcessorThre...83-803e-b40ed5ebb576-2-14 |  1262000 |   457000 |   529739181 |  16773821968 |         0 |      0 |  1199431591 |      0 |      0 |         0 
 17048 Thread 49 - PartitionProcessorThre...83-803e-b40ed5ebb576-2-15 |  1282000 |   421000 |   525411009 |  16618409015 |         0 |      0 |  1143703947 |      0 |      0 |         0 
 17049 Thread 50 - PartitionProcessorThre...83-803e-b40ed5ebb576-2-16 |  1243000 |   430000 |   515612372 |  16324240453 |         0 |      0 |  1154994521 |      0 |      0 |         0 
 17050 Thread 51 - PartitionProcessorThre...83-803e-b40ed5ebb576-2-17 |  1292000 |   453000 |   536740508 |  17026865640 |      1024 |      0 |  1314264964 |      0 |      0 |         0 
 17051 Thread 52 - PartitionProcessorThre...83-803e-b40ed5ebb576-2-18 |  1334000 |   432000 |   545409219 |  17232521359 |         0 |      0 |  1437959317 |      0 |      0 |         0 
 17052 Thread 53 - PartitionProcessorThre...83-803e-b40ed5ebb576-2-19 |  1308000 |   448000 |   541653606 |  17135152359 |         0 |      0 |  1526047885 |      0 |      0 |         0 
 17053 Thread 54 - PartitionProcessorThre...983-803e-b40ed5ebb576-1-0 |  1250000 |   431000 |   521611411 |  16403662667 |         0 |      0 |  1442253748 |      0 |      0 |         0 
 17054 Thread 55 - PartitionProcessorThre...983-803e-b40ed5ebb576-1-1 |  1248000 |   382000 |   505485548 |  15906243062 |         0 |      0 |  1477631054 |      0 |      0 |         0 
 17055 Thread 56 - PartitionProcessorThre...983-803e-b40ed5ebb576-1-2 |  1330000 |   420000 |   541857200 |  17076994300 |         0 |      0 |  1243148472 |      0 |      0 |         0 
 17056 Thread 57 - PartitionProcessorThre...983-803e-b40ed5ebb576-1-3 |  1251000 |   439000 |   523952493 |  16490938187 |         0 |      0 |  1222751309 |      0 |      0 |         0 
 17057 Thread 58 - PartitionProcessorThre...983-803e-b40ed5ebb576-1-4 |  1295000 |   445000 |   539708520 |  16979346558 |         0 |      0 |  1367711429 |      0 |      0 |         0 
 17058 Thread 59 - PartitionProcessorThre...983-803e-b40ed5ebb576-1-5 |  1259000 |   452000 |   530560239 |  16696270195 |         0 |      0 |  1194771605 |      0 |      0 |         0 
 17059 Thread 60 - PartitionProcessorThre...983-803e-b40ed5ebb576-1-6 |  1228000 |   463000 |   524318391 |  16500539062 |         0 |      0 |  1268913819 |      0 |      0 |         0 
 17060 Thread 61 - PartitionProcessorThre...983-803e-b40ed5ebb576-1-7 |  1218000 |   451000 |   516577063 |  16285755210 |      3072 |      0 |  1429184282 |      0 |      0 |         0 
 17061 Thread 62 - PartitionProcessorThre...983-803e-b40ed5ebb576-1-8 |  1223000 |   447000 |   516440341 |  16295712335 |         0 |      0 |  1425834472 |      0 |      0 |         0 
 17062 Thread 63 - PartitionProcessorThre...983-803e-b40ed5ebb576-1-9 |  1233000 |   494000 |   535648391 |  16852620414 |         0 |      0 |  1421080828 |      0 |      0 |         0 
 17063 Thread 64 - PartitionProcessorThre...83-803e-b40ed5ebb576-1-10 |  1257000 |   460000 |   532274614 |  16754908656 |         0 |      0 |  1195418847 |      0 |      0 |         0 
 17064 Thread 65 - PartitionProcessorThre...83-803e-b40ed5ebb576-1-11 |  1156000 |   439000 |   494716587 |  15563698804 |         0 |      0 |  1320788783 |      0 |      0 |         0 
 17065 Thread 66 - PartitionProcessorThre...83-803e-b40ed5ebb576-1-12 |  1182000 |   420000 |   496804950 |  15631955312 |         0 |      0 |  1212257914 |      0 |      0 |         0 
 17066 Thread 67 - PartitionProcessorThre...83-803e-b40ed5ebb576-1-13 |  1274000 |   400000 |   517472747 |  16335460937 |         0 |      0 |  1232413627 |      0 |      0 |         0 
 17067 Thread 68 - PartitionProcessorThre...83-803e-b40ed5ebb576-1-14 |  1135000 |   409000 |   478475833 |  15067107812 |         0 |      0 |  1252588637 |      0 |      0 |         0 
 17068 Thread 69 - PartitionProcessorThre...83-803e-b40ed5ebb576-1-15 |  1305000 |   476000 |   551993137 |  17379466187 |         0 |      0 |  1437125335 |      0 |      0 |         0 
 17069 Thread 70 - PartitionProcessorThre...83-803e-b40ed5ebb576-1-16 |  1228000 |   426000 |   513049126 |  16139770937 |         0 |      0 |  1479472706 |      0 |      0 |         0 
 17070 Thread 71 - PartitionProcessorThre...83-803e-b40ed5ebb576-1-17 |  1257000 |   465000 |   533133751 |  16803094179 |         0 |      0 |  1523850700 |      0 |      0 |         0 
 17071 Thread 72 - PartitionProcessorThre...83-803e-b40ed5ebb576-1-18 |  1287000 |   429000 |   531371180 |  16744440238 |         0 |      0 |  1503202508 |      0 |      0 |         0 
 17072 Thread 73 - PartitionProcessorThre...83-803e-b40ed5ebb576-1-19 |  1238000 |   423000 |   514650165 |  16208541625 |         0 |      0 |  1437722429 |      0 |      0 |         0 
 17447 Thread 74 - process reaper                                     |     3000 |        0 |      959027 |     29326277 |      2048 |      0 |       27522 |      0 |      0 |         0 
 17453 Thread 75 - Attach Listener                                    |   372000 |    87000 |   144639455 |   4485544784 |   5304320 | 193536 |     1570602 |      0 |      0 |         0 
