                                 Task                                 |  utime   |  stime   |     rss     |     vmem     |   read    | write  |    d:cpu    | d:bio  | d:swap | d:reclaim 
 87090 Thread 1 - main                                                |   590000 |    75000 |    40906705 |   5042748565 |  21195776 |   1024 |     5522192 |      0 |      0 |         0 
 87112 Thread 2 - Reference Handler                                   |     8000 |     1000 |     1022734 |     71752480 |         0 |      0 |     1326901 |      0 |      0 |         0 
 87113 Thread 3 - Finalizer                                           |     9000 |     1000 |     1282707 |     80903027 |     13312 |      0 |     1634614 |      0 |      0 |         0 
 87114 Thread 4 - Surrogate Locker Thread (Concurrent GC)             |        0 |        0 |           0 |            0 |         0 |      0 |           0 |      0 |      0 |         0 
 87115 Thread 5 - Signal Dispatcher                                   |        0 |     1000 |      294566 |      9755714 |         0 |      0 |       97484 |      0 |      0 |         0 
 87124 Thread 11 - DecatonSubscriptionThread-decaton-benchmark        | 25874000 | 29259000 | 15945676898 | 536538449361 | 585531392 | 132096 | 17772080123 | 125949 |      0 |         0 
 87126 Thread 13 - kafka-coordinator-hear...hread | decaton-benchmark |   199000 |    42000 |    69987136 |   2347923714 |   6164480 |   5120 |    24914629 | 253879 |      0 |         0 
 87129 Thread 14 - PartitionProcessorThre...aa5-8d98-2f3e4866fff7-1-0 |  1195000 |   431000 |   469724990 |  15844264783 |     34816 |      0 |  1470721461 |      0 |      0 |         0 
 87130 Thread 15 - PartitionProcessorThre...aa5-8d98-2f3e4866fff7-1-1 |  1236000 |   390000 |   470149889 |  15849160525 |    120832 |      0 |  1498832195 |      0 |      0 |         0 
 87131 Thread 16 - PartitionProcessorThre...aa5-8d98-2f3e4866fff7-1-2 |  1168000 |   433000 |   463087721 |  15608727915 |         0 |      0 |  1467616596 |      0 |      0 |         0 
 87132 Thread 17 - PartitionProcessorThre...aa5-8d98-2f3e4866fff7-1-3 |  1231000 |   384000 |   467294404 |  15748314259 |      3072 |      0 |  1507980010 |      0 |      0 |         0 
 87133 Thread 18 - PartitionProcessorThre...aa5-8d98-2f3e4866fff7-1-4 |  1254000 |   465000 |   498094662 |  16767539560 |         0 |      0 |  1511235602 |      0 |      0 |         0 
 87134 Thread 19 - PartitionProcessorThre...aa5-8d98-2f3e4866fff7-1-5 |  1211000 |   370000 |   457274736 |  15419147197 |         0 |      0 |  1417812152 |      0 |      0 |         0 
 87135 Thread 20 - PartitionProcessorThre...aa5-8d98-2f3e4866fff7-1-6 |  1198000 |   398000 |   462129955 |  15565259826 |         0 |      0 |  1565237276 |      0 |      0 |         0 
 87136 Thread 21 - PartitionProcessorThre...aa5-8d98-2f3e4866fff7-1-7 |  1240000 |   396000 |   473863463 |  15956585619 |      4096 |      0 |  1261470710 |      0 |      0 |         0 
 87137 Thread 22 - PartitionProcessorThre...aa5-8d98-2f3e4866fff7-1-8 |  1252000 |   424000 |   485026037 |  16345937786 |         0 |      0 |  1508619745 |      0 |      0 |         0 
 87138 Thread 23 - PartitionProcessorThre...aa5-8d98-2f3e4866fff7-1-9 |  1207000 |   448000 |   480665943 |  16143931165 |         0 |      0 |  1334149205 |      0 |      0 |         0 
 87139 Thread 24 - PartitionProcessorThre...a5-8d98-2f3e4866fff7-1-10 |  1272000 |   394000 |   479929002 |  16247722107 |      1024 |      0 |  1679708899 |      0 |      0 |         0 
 87140 Thread 25 - PartitionProcessorThre...a5-8d98-2f3e4866fff7-1-11 |  1198000 |   423000 |   470293072 |  15811917615 |         0 |      0 |  1482166241 |      0 |      0 |         0 
 87141 Thread 26 - PartitionProcessorThre...a5-8d98-2f3e4866fff7-1-12 |  1238000 |   441000 |   484312553 |  16374857435 |         0 |      0 |  1342477275 |      0 |      0 |         0 
 87142 Thread 27 - PartitionProcessorThre...a5-8d98-2f3e4866fff7-1-13 |  1280000 |   412000 |   489830689 |  16503427501 |         0 |      0 |  1505333026 |      0 |      0 |         0 
 87143 Thread 28 - PartitionProcessorThre...a5-8d98-2f3e4866fff7-1-14 |  1205000 |   393000 |   462734068 |  15586808259 |         0 |      0 |  1471513696 |      0 |      0 |         0 
 87144 Thread 29 - PartitionProcessorThre...a5-8d98-2f3e4866fff7-1-15 |  1178000 |   442000 |   470305303 |  15802330951 |         0 |      0 |  1487117673 |      0 |      0 |         0 
 87145 Thread 30 - PartitionProcessorThre...a5-8d98-2f3e4866fff7-1-16 |  1206000 |   368000 |   455744439 |  15352838396 |     35840 |      0 |  1387709294 |      0 |      0 |         0 
 87146 Thread 31 - PartitionProcessorThre...a5-8d98-2f3e4866fff7-1-17 |  1199000 |   417000 |   468247717 |  15763942341 |         0 |      0 |  1595987801 |      0 |      0 |         0 
 87147 Thread 32 - PartitionProcessorThre...a5-8d98-2f3e4866fff7-1-18 |  1224000 |   394000 |   468685959 |  15781585747 |      2048 |      0 |  1458711515 |      0 |      0 |         0 
 87148 Thread 33 - PartitionProcessorThre...a5-8d98-2f3e4866fff7-1-19 |  1269000 |   419000 |   489347510 |  16466560763 |         0 |      0 |  1642044939 |      0 |      0 |         0 
 87149 Thread 34 - PartitionProcessorThre...aa5-8d98-2f3e4866fff7-2-0 |  1217000 |   415000 |   475354486 |  15920429841 |         0 |      0 |  1392560178 |      0 |      0 |         0 
 87150 Thread 35 - PartitionProcessorThre...aa5-8d98-2f3e4866fff7-2-1 |  1201000 |   410000 |   469464631 |  15715683150 |         0 |      0 |  1395264996 |      0 |      0 |         0 
 87151 Thread 36 - PartitionProcessorThre...aa5-8d98-2f3e4866fff7-2-2 |  1292000 |   399000 |   492513459 |  16495331193 |         0 |      0 |  1525677990 |      0 |      0 |         0 
 87152 Thread 37 - PartitionProcessorThre...aa5-8d98-2f3e4866fff7-2-3 |  1118000 |   408000 |   443819338 |  14886382677 |         0 |      0 |  1316282864 |      0 |      0 |         0 
 87153 Thread 38 - PartitionProcessorThre...aa5-8d98-2f3e4866fff7-2-4 |  1167000 |   443000 |   468356729 |  15705625158 |         0 |      0 |  1428263400 |      0 |      0 |         0 
 87154 Thread 39 - PartitionProcessorThre...aa5-8d98-2f3e4866fff7-2-5 |  1192000 |   399000 |   464310029 |  15520559087 |         0 |      0 |  1610134167 |      0 |      0 |         0 
 87155 Thread 40 - PartitionProcessorThre...aa5-8d98-2f3e4866fff7-2-6 |  1242000 |   370000 |   469967459 |  15725654919 |         0 |      0 |  1427422337 |      0 |      0 |         0 
 87156 Thread 41 - PartitionProcessorThre...aa5-8d98-2f3e4866fff7-2-7 |  1211000 |   407000 |   471382494 |  15783550162 |         0 |      0 |  1314456588 |      0 |      0 |         0 
 87157 Thread 42 - PartitionProcessorThre...aa5-8d98-2f3e4866fff7-2-8 |  1226000 |   423000 |   480212689 |  16086207845 |      3072 |      0 |  1435583852 |      0 |      0 |         0 
 87158 Thread 43 - PartitionProcessorThre...aa5-8d98-2f3e4866fff7-2-9 |  1174000 |   417000 |   462868783 |  15520479822 |         0 |      0 |  1495437070 |      0 |      0 |         0 
 87159 Thread 44 - PartitionProcessorThre...a5-8d98-2f3e4866fff7-2-10 |  1257000 |   404000 |   483323877 |  16203259837 |         0 |      0 |  1545294113 |      0 |      0 |         0 
 87160 Thread 45 - PartitionProcessorThre...a5-8d98-2f3e4866fff7-2-11 |  1181000 |   390000 |   457453865 |  15325442435 |         0 |      0 |  1357540940 |      0 |      0 |         0 
 87161 Thread 46 - PartitionProcessorThre...a5-8d98-2f3e4866fff7-2-12 |  1223000 |   411000 |   474673295 |  15939332337 |         0 |      0 |  1578505011 |      0 |      0 |         0 
 87162 Thread 47 - PartitionProcessorThre...a5-8d98-2f3e4866fff7-2-13 |  1128000 |   416000 |   448835518 |  15061807669 |         0 |      0 |  1370695308 |      0 |      0 |         0 
 87163 Thread 48 - PartitionProcessorThre...a5-8d98-2f3e4866fff7-2-14 |  1206000 |   434000 |   477738178 |  15998547294 |         0 |      0 |  1393518766 |      0 |      0 |         0 
 87164 Thread 49 - PartitionProcessorThre...a5-8d98-2f3e4866fff7-2-15 |  1299000 |   401000 |   494359576 |  16583738216 |         0 |      0 |  1533022288 |      0 |      0 |         0 
 87165 Thread 50 - PartitionProcessorThre...a5-8d98-2f3e4866fff7-2-16 |  1129000 |   406000 |   447396608 |  14974306853 |         0 |      0 |  1260191734 |      0 |      0 |         0 
 87166 Thread 51 - PartitionProcessorThre...a5-8d98-2f3e4866fff7-2-17 |  1178000 |   414000 |   464006279 |  15530270388 |         0 |      0 |  1514226037 |      0 |      0 |         0 
 87167 Thread 52 - PartitionProcessorThre...a5-8d98-2f3e4866fff7-2-18 |  1204000 |   415000 |   472311928 |  15793807568 |         0 |      0 |  1252211754 |      0 |      0 |         0 
 87168 Thread 53 - PartitionProcessorThre...a5-8d98-2f3e4866fff7-2-19 |  1221000 |   401000 |   472236955 |  15823091271 |         0 |      0 |  1389870241 |      0 |      0 |         0 
 87169 Thread 54 - PartitionProcessorThre...aa5-8d98-2f3e4866fff7-0-0 |  1139000 |   416000 |   454138697 |  15169120830 |         0 |      0 |  1505899054 |      0 |      0 |         0 
 87170 Thread 55 - PartitionProcessorThre...aa5-8d98-2f3e4866fff7-0-1 |  1205000 |   375000 |   461191643 |  15413375462 |         0 |      0 |  1553352329 |      0 |      0 |         0 
 87171 Thread 56 - PartitionProcessorThre...aa5-8d98-2f3e4866fff7-0-2 |  1206000 |   416000 |   474317283 |  15823367767 |  10831872 |      0 |  1258847182 |      0 |      0 |         0 
 87172 Thread 57 - PartitionProcessorThre...aa5-8d98-2f3e4866fff7-0-3 |  1173000 |   395000 |   458522662 |  15296294310 |         0 |      0 |  1419702326 |      0 |      0 |         0 
 87173 Thread 58 - PartitionProcessorThre...aa5-8d98-2f3e4866fff7-0-4 |  1210000 |   396000 |   469346678 |  15666857263 |         0 |      0 |  1505732971 |      0 |      0 |         0 
 87174 Thread 59 - PartitionProcessorThre...aa5-8d98-2f3e4866fff7-0-5 |  1189000 |   407000 |   466145967 |  15569265154 |         0 |      0 |  1391199277 |      0 |      0 |         0 
 87175 Thread 60 - PartitionProcessorThre...aa5-8d98-2f3e4866fff7-0-6 |  1185000 |   381000 |   457488975 |  15276872896 |         0 |      0 |  1197456416 |      0 |      0 |         0 
 87176 Thread 61 - PartitionProcessorThre...aa5-8d98-2f3e4866fff7-0-7 |  1241000 |   400000 |   478770865 |  16008117556 |         0 |      0 |  1339007073 |      0 |      0 |         0 
 87177 Thread 62 - PartitionProcessorThre...aa5-8d98-2f3e4866fff7-0-8 |  1265000 |   362000 |   475169170 |  15871764904 |         0 |      0 |  1331772942 |      0 |      0 |         0 
 87178 Thread 63 - PartitionProcessorThre...aa5-8d98-2f3e4866fff7-0-9 |  1191000 |   380000 |   458666986 |  15325129271 |         0 |      0 |  1455549389 |      0 |      0 |         0 
 87179 Thread 64 - PartitionProcessorThre...a5-8d98-2f3e4866fff7-0-10 |  1159000 |   436000 |   466050943 |  15559609279 |         0 |      0 |  1481483361 |      0 |      0 |         0 
 87180 Thread 65 - PartitionProcessorThre...a5-8d98-2f3e4866fff7-0-11 |  1256000 |   396000 |   482560096 |  16115596951 |         0 |      0 |  1432268069 |      0 |      0 |         0 
 87181 Thread 66 - PartitionProcessorThre...a5-8d98-2f3e4866fff7-0-12 |  1219000 |   473000 |   494567338 |  16506057169 |         0 |      0 |  1660239920 |      0 |      0 |         0 
 87182 Thread 67 - PartitionProcessorThre...a5-8d98-2f3e4866fff7-0-13 |  1263000 |   377000 |   478781857 |  15998189009 |         0 |      0 |  1399686307 |      0 |      0 |         0 
 87183 Thread 68 - PartitionProcessorThre...a5-8d98-2f3e4866fff7-0-14 |  1154000 |   401000 |   454281467 |  15169655087 |         0 |      0 |  1401674863 |      0 |      0 |         0 
 87184 Thread 69 - PartitionProcessorThre...a5-8d98-2f3e4866fff7-0-15 |  1148000 |   452000 |   467374580 |  15608581873 |         0 |      0 |  1341751081 |      0 |      0 |         0 
 87185 Thread 70 - PartitionProcessorThre...a5-8d98-2f3e4866fff7-0-16 |  1138000 |   381000 |   443981451 |  14818686627 |         0 |      0 |  1355463324 |      0 |      0 |         0 
 87186 Thread 71 - PartitionProcessorThre...a5-8d98-2f3e4866fff7-0-17 |  1289000 |   388000 |   490017834 |  16359371595 |         0 |      0 |  1555655327 |      0 |      0 |         0 
 87187 Thread 72 - PartitionProcessorThre...a5-8d98-2f3e4866fff7-0-18 |  1172000 |   390000 |   455690701 |  15237836943 |         0 |      0 |  1493277784 |      0 |      0 |         0 
 87188 Thread 73 - PartitionProcessorThre...a5-8d98-2f3e4866fff7-0-19 |  1150000 |   442000 |   465332154 |  15530335654 |         0 |      0 |  1404134061 |      0 |      0 |         0 
 87449 Thread 74 - process reaper                                     |     2000 |     1000 |      935093 |     29355511 |         0 |      0 |        1552 |      0 |      0 |         0 
 87455 Thread 75 - Attach Listener                                    |   389000 |   109000 |   148413026 |   4866514162 |   5304320 | 116736 |    24756082 |      0 |      0 |         0 
