                                 Task                                 |  utime   |  stime   |     rss     |     vmem     |   read    | write  |    d:cpu    |  d:bio  | d:swap | d:reclaim 
 89531 Thread 1 - main                                                |   576000 |    87000 |    41592432 |   5023687678 |  21203968 |   1024 |     8584136 |       0 |      0 |         0 
 89553 Thread 2 - Reference Handler                                   |     5000 |        0 |      527324 |     38905253 |         0 |      0 |     3048104 |       0 |      0 |         0 
 89554 Thread 3 - Finalizer                                           |     5000 |        0 |      493609 |     38767246 |      5120 |      0 |      472566 |       0 |      0 |         0 
 89555 Thread 4 - Surrogate Locker Thread (Concurrent GC)             |        0 |        0 |           0 |            0 |         0 |      0 |       29786 |       0 |      0 |         0 
 89556 Thread 5 - Signal Dispatcher                                   |        0 |        0 |           0 |            0 |         0 |      0 |       19204 |       0 |      0 |         0 
 89564 Thread 11 - DecatonSubscriptionThread-decaton-benchmark        | 29491000 | 32865000 | 18979688794 | 607246011051 | 636625920 | 129024 | 19945403495 | 4100054 |      0 |         0 
 89566 Thread 13 - kafka-coordinator-hear...hread | decaton-benchmark |   196000 |    40000 |    70246210 |   2291011702 |   6336512 |   5120 |    21301120 |  300657 |      0 |         0 
 89569 Thread 14 - PartitionProcessorThre...337-ab0d-47af969766b1-0-0 |  1376000 |   493000 |   567571464 |  18224239923 |     33792 |      0 |  1505997280 |       0 |      0 |         0 
 89570 Thread 15 - PartitionProcessorThre...337-ab0d-47af969766b1-0-1 |  1445000 |   486000 |   585055967 |  18830847755 |    124928 |      0 |  1466293981 |       0 |      0 |         0 
 89571 Thread 16 - PartitionProcessorThre...337-ab0d-47af969766b1-0-2 |  1318000 |   478000 |   545473694 |  17512802782 |      6144 |      0 |  1320994851 |       0 |      0 |         0 
 89572 Thread 17 - PartitionProcessorThre...337-ab0d-47af969766b1-0-3 |  1376000 |   512000 |   572532315 |  18421027423 |         0 |      0 |  1447991206 |       0 |      0 |         0 
 89573 Thread 18 - PartitionProcessorThre...337-ab0d-47af969766b1-0-4 |  1406000 |   485000 |   574982050 |  18447891915 |         0 |      0 |  1471975053 |       0 |      0 |         0 
 89574 Thread 19 - PartitionProcessorThre...337-ab0d-47af969766b1-0-5 |  1339000 |   440000 |   540539425 |  17354229837 |         0 |      0 |  1357431766 |       0 |      0 |         0 
 89575 Thread 20 - PartitionProcessorThre...337-ab0d-47af969766b1-0-6 |  1331000 |   454000 |   541667796 |  17415556771 |      1024 |      0 |  1502724870 |       0 |      0 |         0 
 89576 Thread 21 - PartitionProcessorThre...337-ab0d-47af969766b1-0-7 |  1427000 |   450000 |   569638424 |  18310458134 |         0 |      0 |  1483496064 |       0 |      0 |         0 
 89577 Thread 22 - PartitionProcessorThre...337-ab0d-47af969766b1-0-8 |  1372000 |   436000 |   548876389 |  17641038138 |         0 |      0 |  1562164632 |       0 |      0 |         0 
 89578 Thread 23 - PartitionProcessorThre...337-ab0d-47af969766b1-0-9 |  1243000 |   410000 |   502742765 |  16128412587 |         0 |      0 |  1479121416 |       0 |      0 |         0 
 89579 Thread 24 - PartitionProcessorThre...37-ab0d-47af969766b1-0-10 |  1303000 |   453000 |   535599975 |  17132779568 |         0 |      0 |  1437827939 |       0 |      0 |         0 
 89580 Thread 25 - PartitionProcessorThre...37-ab0d-47af969766b1-0-11 |  1294000 |   454000 |   532041671 |  17055793517 |         0 |      0 |  1291779504 |       0 |      0 |         0 
 89581 Thread 26 - PartitionProcessorThre...37-ab0d-47af969766b1-0-12 |  1265000 |   454000 |   520993593 |  16771310728 |      1024 |      0 |  1631023756 |       0 |      0 |         0 
 89582 Thread 27 - PartitionProcessorThre...37-ab0d-47af969766b1-0-13 |  1249000 |   440000 |   513743222 |  16478594017 |         0 |      0 |  1538995597 |       0 |      0 |         0 
 89583 Thread 28 - PartitionProcessorThre...37-ab0d-47af969766b1-0-14 |  1375000 |   448000 |   554032139 |  17787413653 |         0 |      0 |  1468706574 |       0 |      0 |         0 
 89584 Thread 29 - PartitionProcessorThre...37-ab0d-47af969766b1-0-15 |  1345000 |   487000 |   558049159 |  17875231087 |         0 |      0 |  1532078289 |       0 |      0 |         0 
 89585 Thread 30 - PartitionProcessorThre...37-ab0d-47af969766b1-0-16 |  1418000 |   477000 |   574186241 |  18485367747 |     24576 |      0 |  1503406888 |       0 |      0 |         0 
 89586 Thread 31 - PartitionProcessorThre...37-ab0d-47af969766b1-0-17 |  1337000 |   463000 |   547476018 |  17563031622 |      3072 |      0 |  1541389517 |       0 |      0 |         0 
 89587 Thread 32 - PartitionProcessorThre...37-ab0d-47af969766b1-0-18 |  1334000 |   480000 |   549340733 |  17697759446 |     11264 |      0 |  1271146195 |       0 |      0 |         0 
 89588 Thread 33 - PartitionProcessorThre...37-ab0d-47af969766b1-0-19 |  1314000 |   475000 |   542837022 |  17454572310 |         0 |      0 |  1661460226 |       0 |      0 |         0 
 89589 Thread 34 - PartitionProcessorThre...337-ab0d-47af969766b1-2-0 |  1328000 |   447000 |   544715327 |  17320321591 |         0 |      0 |  1433708279 |       0 |      0 |         0 
 89590 Thread 35 - PartitionProcessorThre...337-ab0d-47af969766b1-2-1 |  1327000 |   504000 |   562120046 |  17865818068 |         0 |      0 |  1591603076 |       0 |      0 |         0 
 89591 Thread 36 - PartitionProcessorThre...337-ab0d-47af969766b1-2-2 |  1359000 |   461000 |   558991057 |  17758984216 |         0 |      0 |  1403686950 |       0 |      0 |         0 
 89592 Thread 37 - PartitionProcessorThre...337-ab0d-47af969766b1-2-3 |  1267000 |   439000 |   524806804 |  16647113673 |         0 |      0 |  1469474497 |       0 |      0 |         0 
 89593 Thread 38 - PartitionProcessorThre...337-ab0d-47af969766b1-2-4 |  1252000 |   421000 |   512933905 |  16324636470 |         0 |      0 |  1567674200 |       0 |      0 |         0 
 89594 Thread 39 - PartitionProcessorThre...337-ab0d-47af969766b1-2-5 |  1302000 |   442000 |   534458253 |  17017645665 |         0 |      0 |  1423368602 |       0 |      0 |         0 
 89595 Thread 40 - PartitionProcessorThre...337-ab0d-47af969766b1-2-6 |  1304000 |   458000 |   540531030 |  17193457583 |         0 |      0 |  1529151368 |       0 |      0 |         0 
 89596 Thread 41 - PartitionProcessorThre...337-ab0d-47af969766b1-2-7 |  1337000 |   457000 |   550047034 |  17505611443 |         0 |      0 |  1451441074 |       0 |      0 |         0 
 89597 Thread 42 - PartitionProcessorThre...337-ab0d-47af969766b1-2-8 |  1248000 |   467000 |   526307308 |  16734436462 |         0 |      0 |  1384337329 |       0 |      0 |         0 
 89598 Thread 43 - PartitionProcessorThre...337-ab0d-47af969766b1-2-9 |  1299000 |   445000 |   535473331 |  17017678091 |         0 |      0 |  1544145865 |       0 |      0 |         0 
 89599 Thread 44 - PartitionProcessorThre...37-ab0d-47af969766b1-2-10 |  1248000 |   439000 |   517330366 |  16460788185 |         0 |      0 |  1484611907 |       0 |      0 |         0 
 89600 Thread 45 - PartitionProcessorThre...37-ab0d-47af969766b1-2-11 |  1273000 |   425000 |   519793480 |  16568185716 |         0 |      0 |  1505954752 |       0 |      0 |         0 
 89601 Thread 46 - PartitionProcessorThre...37-ab0d-47af969766b1-2-12 |  1349000 |   464000 |   555069948 |  17689921861 |         0 |      0 |  1538987607 |       0 |      0 |         0 
 89602 Thread 47 - PartitionProcessorThre...37-ab0d-47af969766b1-2-13 |  1364000 |   444000 |   554729327 |  17641568505 |         0 |      0 |  1613534264 |       0 |      0 |         0 
 89603 Thread 48 - PartitionProcessorThre...37-ab0d-47af969766b1-2-14 |  1312000 |   425000 |   532904761 |  16948877669 |         0 |      0 |  1743113263 |       0 |      0 |         0 
 89604 Thread 49 - PartitionProcessorThre...37-ab0d-47af969766b1-2-15 |  1278000 |   513000 |   550857585 |  17476967173 |         0 |      0 |  1659146093 |       0 |      0 |         0 
 89605 Thread 50 - PartitionProcessorThre...37-ab0d-47af969766b1-2-16 |  1307000 |   461000 |   543934647 |  17251976763 |         0 |      0 |  1582114920 |       0 |      0 |         0 
 89606 Thread 51 - PartitionProcessorThre...37-ab0d-47af969766b1-2-17 |  1358000 |   449000 |   554886882 |  17632559747 |         0 |      0 |  1633991910 |       0 |      0 |         0 
 89607 Thread 52 - PartitionProcessorThre...37-ab0d-47af969766b1-2-18 |  1268000 |   449000 |   526402413 |  16753531923 |         0 |      0 |  1595603430 |       0 |      0 |         0 
 89608 Thread 53 - PartitionProcessorThre...37-ab0d-47af969766b1-2-19 |  1319000 |   469000 |   548672022 |  17447048595 |         0 |      0 |  1593046621 |       0 |      0 |         0 
 89609 Thread 54 - PartitionProcessorThre...337-ab0d-47af969766b1-1-0 |  1265000 |   466000 |   531352155 |  16890585669 |         0 |      0 |  1573684327 |       0 |      0 |         0 
 89610 Thread 55 - PartitionProcessorThre...337-ab0d-47af969766b1-1-1 |  1298000 |   448000 |   536188214 |  17037145087 |         0 |      0 |  1406370112 |       0 |      0 |         0 
 89611 Thread 56 - PartitionProcessorThre...337-ab0d-47af969766b1-1-2 |  1292000 |   478000 |   543383827 |  17270988239 |         0 |      0 |  1726907215 |       0 |      0 |         0 
 89612 Thread 57 - PartitionProcessorThre...337-ab0d-47af969766b1-1-3 |  1254000 |   447000 |   522976038 |  16597637341 |         0 |      0 |  1508072563 |       0 |      0 |         0 
 89613 Thread 58 - PartitionProcessorThre...337-ab0d-47af969766b1-1-4 |  1234000 |   489000 |   529509089 |  16812176743 |         0 |      0 |  1462524489 |       0 |      0 |         0 
 89614 Thread 59 - PartitionProcessorThre...337-ab0d-47af969766b1-1-5 |  1354000 |   442000 |   553157722 |  17525712786 |         0 |      0 |  1398041701 |       0 |      0 |         0 
 89615 Thread 60 - PartitionProcessorThre...337-ab0d-47af969766b1-1-6 |  1294000 |   443000 |   533496394 |  16949330548 |         0 |      0 |  1322823538 |       0 |      0 |         0 
 89616 Thread 61 - PartitionProcessorThre...337-ab0d-47af969766b1-1-7 |  1348000 |   461000 |   554829253 |  17651224337 |         0 |      0 |  1494334713 |       0 |      0 |         0 
 89617 Thread 62 - PartitionProcessorThre...337-ab0d-47af969766b1-1-8 |  1310000 |   501000 |   555904975 |  17671243685 |         0 |      0 |  1441996299 |       0 |      0 |         0 
 89618 Thread 63 - PartitionProcessorThre...337-ab0d-47af969766b1-1-9 |  1289000 |   441000 |   530725030 |  16880763841 |         0 |      0 |  1361594691 |       0 |      0 |         0 
 89619 Thread 64 - PartitionProcessorThre...37-ab0d-47af969766b1-1-10 |  1261000 |   442000 |   523500534 |  16617668415 |         0 |      0 |  1541667589 |       0 |      0 |         0 
 89620 Thread 65 - PartitionProcessorThre...37-ab0d-47af969766b1-1-11 |  1297000 |   456000 |   538536858 |  17105338454 |         0 |      0 |  1340805829 |       0 |      0 |         0 
 89621 Thread 66 - PartitionProcessorThre...37-ab0d-47af969766b1-1-12 |  1208000 |   404000 |   495024496 |  15729298474 |         0 |      0 |  1368266682 |       0 |      0 |         0 
 89622 Thread 67 - PartitionProcessorThre...37-ab0d-47af969766b1-1-13 |  1290000 |   496000 |   548278476 |  17427339196 |         0 |      0 |  1542267089 |       0 |      0 |         0 
 89623 Thread 68 - PartitionProcessorThre...37-ab0d-47af969766b1-1-14 |  1328000 |   424000 |   537772472 |  17095300568 |         0 |      0 |  1524275141 |       0 |      0 |         0 
 89624 Thread 69 - PartitionProcessorThre...37-ab0d-47af969766b1-1-15 |  1289000 |   420000 |   526449319 |  16676818611 |         0 |      0 |  1352656324 |       0 |      0 |         0 
 89625 Thread 70 - PartitionProcessorThre...37-ab0d-47af969766b1-1-16 |  1254000 |   430000 |   517739331 |  16432513779 |         0 |      0 |  1426949818 |       0 |      0 |         0 
 89626 Thread 71 - PartitionProcessorThre...37-ab0d-47af969766b1-1-17 |  1295000 |   461000 |   539265222 |  17134657361 |         0 |      0 |  1316084273 |       0 |      0 |         0 
 89627 Thread 72 - PartitionProcessorThre...37-ab0d-47af969766b1-1-18 |  1237000 |   447000 |   517976987 |  16432523138 |         0 |      0 |  1550127347 |       0 |      0 |         0 
 89628 Thread 73 - PartitionProcessorThre...37-ab0d-47af969766b1-1-19 |  1288000 |   441000 |   531219687 |  16871575798 |         0 |      0 |  1330184534 |       0 |      0 |         0 
 90039 Thread 74 - process reaper                                     |        0 |     1000 |      304363 |      9754710 |         0 |      0 |       31533 |       0 |      0 |         0 
 90045 Thread 75 - Attach Listener                                    |   371000 |   108000 |   148237675 |   4680942803 |   5304320 | 323584 |     2271017 |       0 |      0 |         0 
