                                 Task                                 |  utime   |  stime   |     rss     |     vmem     |   read    | write  |    d:cpu    | d:bio  | d:swap | d:reclaim 
 48091 Thread 1 - main                                                |  1025000 |   129000 |    79840064 |   8136124165 |  14834688 |   1024 |     7067643 |      0 |      0 |         0 
 48098 Thread 2 - Reference Handler                                   |     3000 |        0 |      621359 |     27260128 |         0 |      0 |      788978 |      0 |      0 |         0 
 48099 Thread 3 - Finalizer                                           |        0 |        0 |           0 |            0 |      5120 |      0 |      107713 |      0 |      0 |         0 
 48100 Thread 4 - Signal Dispatcher                                   |     1000 |     1000 |      402464 |     16265812 |         0 |      0 |        8572 |      0 |      0 |         0 
 48106 Thread 11 - Common-Cleaner                                     |     2000 |     1000 |      255566 |     24142187 |         0 |      0 |      252660 |      0 |      0 |         0 
 48111 Thread 13 - RMI Scheduler(0)                                   |     2000 |        0 |      458425 |     16867281 |      1024 |      0 |       15071 |      0 |      0 |         0 
 48117 Thread 14 - RMI RenewClean-[10.231.182.152:46447]              |     2000 |        0 |      171617 |     14875023 |         0 |      0 |           0 |      0 |      0 |         0 
 48118 Thread 15 - RMI GC Daemon                                      |        0 |        0 |           0 |            0 |         0 |      0 |       14639 |      0 |      0 |         0 
 48121 Thread 16 - DecatonSubscriptionThread-decaton-benchmark        | 24655000 | 36960000 | 23265584505 | 608147591842 | 625050624 |  96256 | 13298730853 | 104236 |      0 |         0 
 48126 Thread 17 - kafka-coordinator-hear...hread | decaton-benchmark |   218000 |    36000 |    94130741 |   2504013632 |   5316608 |   4096 |     6886891 | 192895 |      0 |         0 
 48130 Thread 18 - PartitionProcessorThre...119-970a-58023d9ebb99-1-0 |  1077000 |   405000 |   557586056 |  14640971316 |     35840 |      0 |   991735735 |      0 |      0 |         0 
 48131 Thread 19 - PartitionProcessorThre...119-970a-58023d9ebb99-1-1 |  1094000 |   435000 |   576695548 |  15110968948 |      3072 |      0 |   951741509 |      0 |      0 |         0 
 48132 Thread 20 - PartitionProcessorThre...119-970a-58023d9ebb99-1-2 |  1058000 |   381000 |   541700153 |  14220721523 |         0 |      0 |   879971849 |      0 |      0 |         0 
 48133 Thread 21 - PartitionProcessorThre...119-970a-58023d9ebb99-1-3 |  1126000 |   389000 |   571154466 |  14976047952 |         0 |      0 |   934851580 |      0 |      0 |         0 
 48134 Thread 22 - PartitionProcessorThre...119-970a-58023d9ebb99-1-4 |  1110000 |   430000 |   583917005 |  15220926343 |         0 |      0 |   851308153 |      0 |      0 |         0 
 48135 Thread 23 - PartitionProcessorThre...119-970a-58023d9ebb99-1-5 |  1021000 |   398000 |   538331696 |  14026983570 |         0 |      0 |   767851373 |      0 |      0 |         0 
 48136 Thread 24 - PartitionProcessorThre...119-970a-58023d9ebb99-1-6 |  1007000 |   452000 |   552146056 |  14423596937 |         0 |      0 |   938965349 |      0 |      0 |         0 
 48137 Thread 25 - PartitionProcessorThre...119-970a-58023d9ebb99-1-7 |  1055000 |   402000 |   551587567 |  14400782777 |      8192 |      0 |   955493016 |      0 |      0 |         0 
 48138 Thread 26 - PartitionProcessorThre...119-970a-58023d9ebb99-1-8 |  1064000 |   444000 |   569420329 |  14904211355 |         0 |      0 |   989431455 |      0 |      0 |         0 
 48139 Thread 27 - PartitionProcessorThre...119-970a-58023d9ebb99-1-9 |  1119000 |   422000 |   582094360 |  15232403120 |         0 |      0 |   740341879 |      0 |      0 |         0 
 48140 Thread 28 - PartitionProcessorThre...19-970a-58023d9ebb99-1-10 |  1075000 |   419000 |   562464958 |  14766172253 |         0 |      0 |   966239159 |      0 |      0 |         0 
 48141 Thread 29 - PartitionProcessorThre...19-970a-58023d9ebb99-1-11 |  1127000 |   403000 |   578493177 |  15127895316 |         0 |      0 |   906201296 |      0 |      0 |         0 
 48142 Thread 30 - PartitionProcessorThre...19-970a-58023d9ebb99-1-12 |  1029000 |   436000 |   551153067 |  14481402757 |         0 |      0 |   843468221 |      0 |      0 |         0 
 48143 Thread 31 - PartitionProcessorThre...19-970a-58023d9ebb99-1-13 |  1055000 |   419000 |   555684716 |  14574759699 |         0 |      0 |   813553103 |      0 |      0 |         0 
 48144 Thread 32 - PartitionProcessorThre...19-970a-58023d9ebb99-1-14 |  1044000 |   373000 |   533947712 |  14003708062 |      1024 |      0 |   861541120 |      0 |      0 |         0 
 48145 Thread 33 - PartitionProcessorThre...19-970a-58023d9ebb99-1-15 |  1064000 |   411000 |   554844899 |  14577243980 |      1024 |      0 |   915472007 |      0 |      0 |         0 
 48146 Thread 34 - PartitionProcessorThre...19-970a-58023d9ebb99-1-16 |  1065000 |   443000 |   568776317 |  14902526671 |         0 |      0 |  1008634317 |      0 |      0 |         0 
 48147 Thread 35 - PartitionProcessorThre...19-970a-58023d9ebb99-1-17 |  1069000 |   436000 |   569884286 |  14875547535 |         0 |      0 |  1025375789 |      0 |      0 |         0 
 48148 Thread 36 - PartitionProcessorThre...19-970a-58023d9ebb99-1-18 |  1054000 |   367000 |   537117196 |  14047484336 |         0 |      0 |   845471388 |      0 |      0 |         0 
 48149 Thread 37 - PartitionProcessorThre...19-970a-58023d9ebb99-1-19 |  1035000 |   393000 |   539349423 |  14119191074 |         0 |      0 |   939245535 |      0 |      0 |         0 
 48152 Thread 38 - PartitionProcessorThre...119-970a-58023d9ebb99-0-0 |  1050000 |   382000 |   533425454 |  14161350257 |         0 |      0 |   901445407 |      0 |      0 |         0 
 48153 Thread 39 - PartitionProcessorThre...119-970a-58023d9ebb99-0-1 |  1067000 |   417000 |   553442134 |  14675335328 |         0 |      0 |   954039331 |      0 |      0 |         0 
 48154 Thread 40 - PartitionProcessorThre...119-970a-58023d9ebb99-0-2 |  1101000 |   366000 |   545867063 |  14507445499 |         0 |      0 |   874459314 |      0 |      0 |         0 
 48155 Thread 41 - PartitionProcessorThre...119-970a-58023d9ebb99-0-3 |  1074000 |   417000 |   556306223 |  14744859597 |         0 |      0 |   825764990 |      0 |      0 |         0 
 48156 Thread 42 - PartitionProcessorThre...119-970a-58023d9ebb99-0-4 |  1087000 |   414000 |   558139102 |  14843666636 |         0 |      0 |   883172094 |      0 |      0 |         0 
 48157 Thread 43 - PartitionProcessorThre...119-970a-58023d9ebb99-0-5 |  1046000 |   420000 |   547932141 |  14497839515 |         0 |      0 |   951742495 |      0 |      0 |         0 
 48158 Thread 44 - PartitionProcessorThre...119-970a-58023d9ebb99-0-6 |  1103000 |   392000 |   558266009 |  14784048234 |         0 |      0 |  1017026302 |      0 |      0 |         0 
 48159 Thread 45 - PartitionProcessorThre...119-970a-58023d9ebb99-0-7 |  1112000 |   430000 |   572104173 |  15248716917 |         0 |      0 |   961296239 |      0 |      0 |         0 
 48160 Thread 46 - PartitionProcessorThre...119-970a-58023d9ebb99-0-8 |  1145000 |   467000 |   598962876 |  15941099034 |         0 |      0 |  1035484235 |      0 |      0 |         0 
 48161 Thread 47 - PartitionProcessorThre...119-970a-58023d9ebb99-0-9 |  1102000 |   372000 |   551201849 |  14577014429 |         0 |      0 |   903494472 |      0 |      0 |         0 
 48162 Thread 48 - PartitionProcessorThre...19-970a-58023d9ebb99-0-10 |  1122000 |   421000 |   574747165 |  15258841753 |         0 |      0 |  1139485334 |      0 |      0 |         0 
 48163 Thread 49 - PartitionProcessorThre...19-970a-58023d9ebb99-0-11 |  1109000 |   434000 |   577406981 |  15259776339 |         0 |      0 |   964767656 |      0 |      0 |         0 
 48164 Thread 50 - PartitionProcessorThre...19-970a-58023d9ebb99-0-12 |  1033000 |   395000 |   532669391 |  14122097957 |         0 |      0 |   884503421 |      0 |      0 |         0 
 48165 Thread 51 - PartitionProcessorThre...19-970a-58023d9ebb99-0-13 |  1081000 |   409000 |   555841122 |  14735019581 |         0 |      0 |   965969682 |      0 |      0 |         0 
 48166 Thread 52 - PartitionProcessorThre...19-970a-58023d9ebb99-0-14 |  1097000 |   396000 |   558278552 |  14764996136 |         0 |      0 |   994047311 |      0 |      0 |         0 
 48167 Thread 53 - PartitionProcessorThre...19-970a-58023d9ebb99-0-15 |  1076000 |   436000 |   565014102 |  14952472046 |         0 |      0 |  1081943910 |      0 |      0 |         0 
 48168 Thread 54 - PartitionProcessorThre...19-970a-58023d9ebb99-0-16 |  1123000 |   397000 |   565372059 |  15031697472 |         0 |      0 |   919391981 |      0 |      0 |         0 
 48171 Thread 55 - PartitionProcessorThre...19-970a-58023d9ebb99-0-17 |  1136000 |   385000 |   566924465 |  15040911355 |         0 |      0 |   995388996 |      0 |      0 |         0 
 48172 Thread 56 - PartitionProcessorThre...19-970a-58023d9ebb99-0-18 |  1135000 |   426000 |   586699321 |  15437620933 |         0 |      0 |   947513861 |      0 |      0 |         0 
 48173 Thread 57 - PartitionProcessorThre...19-970a-58023d9ebb99-0-19 |  1102000 |   360000 |   547400028 |  14458705253 |         0 |      0 |   994196376 |      0 |      0 |         0 
 48174 Thread 58 - PartitionProcessorThre...119-970a-58023d9ebb99-2-0 |  1098000 |   450000 |   586761180 |  15309084648 |         0 |      0 |   956266255 |      0 |      0 |         0 
 48175 Thread 59 - PartitionProcessorThre...119-970a-58023d9ebb99-2-1 |  1015000 |   381000 |   528678396 |  13805746375 |         0 |      0 |   883438170 |      0 |      0 |         0 
 48176 Thread 60 - PartitionProcessorThre...119-970a-58023d9ebb99-2-2 |  1089000 |   418000 |   570461591 |  14903982355 |         0 |      0 |   957552391 |      0 |      0 |         0 
 48177 Thread 61 - PartitionProcessorThre...119-970a-58023d9ebb99-2-3 |  1092000 |   420000 |   571840321 |  14952935601 |         0 |      0 |   993570388 |      0 |      0 |         0 
 48178 Thread 62 - PartitionProcessorThre...119-970a-58023d9ebb99-2-4 |  1018000 |   440000 |   550502431 |  14419304531 |         0 |      0 |   907393447 |      0 |      0 |         0 
 48179 Thread 63 - PartitionProcessorThre...119-970a-58023d9ebb99-2-5 |  1049000 |   444000 |   564373153 |  14765656976 |         0 |      0 |   936244033 |      0 |      0 |         0 
 48180 Thread 64 - PartitionProcessorThre...119-970a-58023d9ebb99-2-6 |  1046000 |   420000 |   554693126 |  14498802890 |         0 |      0 |   805215962 |      0 |      0 |         0 
 48181 Thread 65 - PartitionProcessorThre...119-970a-58023d9ebb99-2-7 |  1070000 |   405000 |   558096040 |  14587213269 |         0 |      0 |   878914055 |      0 |      0 |         0 
 48182 Thread 66 - PartitionProcessorThre...119-970a-58023d9ebb99-2-8 |  1138000 |   421000 |   589891931 |  15417908851 |         0 |      0 |  1048376803 |      0 |      0 |         0 
 48183 Thread 67 - PartitionProcessorThre...119-970a-58023d9ebb99-2-9 |  1110000 |   430000 |   582760415 |  15230337714 |         0 |      0 |   821195416 |      0 |      0 |         0 
 48184 Thread 68 - PartitionProcessorThre...19-970a-58023d9ebb99-2-10 |  1012000 |   423000 |   544859884 |  14192070898 |         0 |      0 |   853976105 |      0 |      0 |         0 
 48185 Thread 69 - PartitionProcessorThre...19-970a-58023d9ebb99-2-11 |  1011000 |   392000 |   531470735 |  13874971214 |         0 |      0 |   894859961 |      0 |      0 |         0 
 48186 Thread 70 - PartitionProcessorThre...19-970a-58023d9ebb99-2-12 |  1059000 |   469000 |   577534458 |  15111425335 |         0 |      0 |   831387831 |      0 |      0 |         0 
 48187 Thread 71 - PartitionProcessorThre...19-970a-58023d9ebb99-2-13 |  1020000 |   439000 |   550825282 |  14429595121 |         0 |      0 |  1032586356 |      0 |      0 |         0 
 48188 Thread 72 - PartitionProcessorThre...19-970a-58023d9ebb99-2-14 |  1043000 |   481000 |   577436188 |  15072204620 |         0 |      0 |   966713009 |      0 |      0 |         0 
 48189 Thread 73 - PartitionProcessorThre...19-970a-58023d9ebb99-2-15 |  1037000 |   430000 |   554962927 |  14508419218 |         0 |      0 |   919394424 |      0 |      0 |         0 
 48190 Thread 74 - PartitionProcessorThre...19-970a-58023d9ebb99-2-16 |  1095000 |   427000 |   574441091 |  15052402929 |         0 |      0 |   705742253 |      0 |      0 |         0 
 48191 Thread 75 - PartitionProcessorThre...19-970a-58023d9ebb99-2-17 |  1066000 |   383000 |   548236524 |  14330155835 |      2048 |      0 |   969634475 |      0 |      0 |         0 
 48192 Thread 76 - PartitionProcessorThre...19-970a-58023d9ebb99-2-18 |  1039000 |   392000 |   541153732 |  14151922507 |         0 |      0 |   972407445 |      0 |      0 |         0 
 48193 Thread 77 - PartitionProcessorThre...19-970a-58023d9ebb99-2-19 |  1053000 |   437000 |   562734462 |  14736086667 |         0 |      0 |   973812235 |      0 |      0 |         0 
 48615 Thread 78 - process reaper                                     |     1000 |     1000 |      782203 |     19803835 |      1024 |      0 |        1378 |      0 |      0 |         0 
 48617 Thread 79 - Attach Listener                                    |   122000 |    93000 |    84238772 |   2130987515 |   4657152 | 328704 |     1718185 |      0 |      0 |         0 
