                                 Task                                 |  utime   |  stime   |     rss     |     vmem     |   read    | write  |    d:cpu    | d:bio  | d:swap | d:reclaim 
 49374 Thread 1 - main                                                |   668000 |   147000 |    49385931 |   6203688202 |  22117376 |   1024 |     9700155 |      0 |      0 |         0 
 49396 Thread 2 - Reference Handler                                   |     7000 |        0 |      871445 |     59127355 |         0 |      0 |      282207 |      0 |      0 |         0 
 49397 Thread 3 - Finalizer                                           |     6000 |        0 |      616070 |     49369832 |      5120 |      0 |     1203723 |      0 |      0 |         0 
 49398 Thread 4 - Surrogate Locker Thread (Concurrent GC)             |        0 |        0 |           0 |            0 |         0 |      0 |        5061 |      0 |      0 |         0 
 49399 Thread 5 - Signal Dispatcher                                   |        0 |        0 |           0 |            0 |         0 |      0 |       25923 |      0 |      0 |         0 
 49408 Thread 12 - RMI Scheduler(0)                                   |     1000 |        0 |      289160 |      9757523 |      4096 |      0 |      141579 |      0 |      0 |         0 
 49409 Thread 13 - RMI RenewClean-[10.231.182.152:42093]              |        0 |        0 |           0 |            0 |      1024 |      0 |        8183 |      0 |      0 |         0 
 49410 Thread 14 - GC Daemon                                          |        0 |        0 |           0 |            0 |         0 |      0 |           0 |      0 |      0 |         0 
 49412 Thread 15 - DecatonSubscriptionThread-decaton-benchmark        | 32921000 | 34900000 | 19589944574 | 660848976606 | 634775552 | 133120 | 21662122202 | 233946 |      0 |         0 
 49414 Thread 16 - kafka-coordinator-hear...hread | decaton-benchmark |   218000 |    52000 |    77633616 |   2633633421 |   8038400 |   5120 |    37416989 | 158861 |      0 |         0 
 49418 Thread 17 - PartitionProcessorThre...aa2-a889-09162ba5727b-1-0 |  1495000 |   508000 |   569374437 |  19525244149 |     34816 |      0 |  1763221785 |      0 |      0 |         0 
 49419 Thread 18 - PartitionProcessorThre...aa2-a889-09162ba5727b-1-1 |  1503000 |   541000 |   584725004 |  19940192625 |    121856 |      0 |  2070847739 |      0 |      0 |         0 
 49420 Thread 19 - PartitionProcessorThre...aa2-a889-09162ba5727b-1-2 |  1441000 |   455000 |   542710035 |  18500275532 |      3072 |      0 |  1782494084 |      0 |      0 |         0 
 49421 Thread 20 - PartitionProcessorThre...aa2-a889-09162ba5727b-1-3 |  1472000 |   459000 |   553414617 |  18845788844 |         0 |      0 |  1793017752 |      0 |      0 |         0 
 49422 Thread 21 - PartitionProcessorThre...aa2-a889-09162ba5727b-1-4 |  1431000 |   512000 |   556805547 |  18959688235 |         0 |      0 |  1861264017 |      0 |      0 |         0 
 49423 Thread 22 - PartitionProcessorThre...aa2-a889-09162ba5727b-1-5 |  1418000 |   473000 |   543153422 |  18454169626 |         0 |      0 |  1899137835 |      0 |      0 |         0 
 49424 Thread 23 - PartitionProcessorThre...aa2-a889-09162ba5727b-1-6 |  1410000 |   495000 |   547212531 |  18589610477 |         0 |      0 |  1661257653 |      0 |      0 |         0 
 49425 Thread 24 - PartitionProcessorThre...aa2-a889-09162ba5727b-1-7 |  1312000 |   482000 |   513405117 |  17508322942 |         0 |      0 |  1570731213 |      0 |      0 |         0 
 49426 Thread 25 - PartitionProcessorThre...aa2-a889-09162ba5727b-1-8 |  1424000 |   477000 |   543830672 |  18552879005 |      1024 |      0 |  1841273887 |      0 |      0 |         0 
 49427 Thread 26 - PartitionProcessorThre...aa2-a889-09162ba5727b-1-9 |  1476000 |   467000 |   558185144 |  18964619098 |         0 |      0 |  1615689312 |      0 |      0 |         0 
 49428 Thread 27 - PartitionProcessorThre...a2-a889-09162ba5727b-1-10 |  1475000 |   508000 |   568967344 |  19354754247 |         0 |      0 |  1891766933 |      0 |      0 |         0 
 49429 Thread 28 - PartitionProcessorThre...a2-a889-09162ba5727b-1-11 |  1367000 |   493000 |   533798867 |  18152721899 |         0 |      0 |  2046859744 |      0 |      0 |         0 
 49430 Thread 29 - PartitionProcessorThre...a2-a889-09162ba5727b-1-12 |  1453000 |   468000 |   551937043 |  18748191438 |         0 |      0 |  1996047353 |      0 |      0 |         0 
 49431 Thread 30 - PartitionProcessorThre...a2-a889-09162ba5727b-1-13 |  1470000 |   496000 |   562367902 |  19186927481 |         0 |      0 |  1808865756 |      0 |      0 |         0 
 49432 Thread 31 - PartitionProcessorThre...a2-a889-09162ba5727b-1-14 |  1478000 |   505000 |   568085187 |  19353667462 |         0 |      0 |  1987199573 |      0 |      0 |         0 
 49433 Thread 32 - PartitionProcessorThre...a2-a889-09162ba5727b-1-15 |  1411000 |   415000 |   525713629 |  17822157942 |         0 |      0 |  2125211229 |      0 |      0 |         0 
 49434 Thread 33 - PartitionProcessorThre...a2-a889-09162ba5727b-1-16 |  1475000 |   455000 |   553324887 |  18837597446 |         0 |      0 |  1889852798 |      0 |      0 |         0 
 49435 Thread 34 - PartitionProcessorThre...a2-a889-09162ba5727b-1-17 |  1464000 |   507000 |   566426527 |  19237287563 |         0 |      0 |  1574190912 |      0 |      0 |         0 
 49436 Thread 35 - PartitionProcessorThre...a2-a889-09162ba5727b-1-18 |  1369000 |   508000 |   537577910 |  18319752001 |         0 |      0 |  1839268437 |      0 |      0 |         0 
 49437 Thread 36 - PartitionProcessorThre...a2-a889-09162ba5727b-1-19 |  1517000 |   445000 |   562859449 |  19148812817 |         0 |      0 |  1721596795 |      0 |      0 |         0 
 49438 Thread 37 - PartitionProcessorThre...aa2-a889-09162ba5727b-0-0 |  1400000 |   460000 |   538034277 |  18154538255 |         0 |      0 |  1662133505 |      0 |      0 |         0 
 49439 Thread 38 - PartitionProcessorThre...aa2-a889-09162ba5727b-0-1 |  1455000 |   444000 |   548990926 |  18535071821 |         0 |      0 |  1807080415 |      0 |      0 |         0 
 49440 Thread 39 - PartitionProcessorThre...aa2-a889-09162ba5727b-0-2 |  1497000 |   484000 |   573502660 |  19336031094 |         0 |      0 |  1880850870 |      0 |      0 |         0 
 49441 Thread 40 - PartitionProcessorThre...aa2-a889-09162ba5727b-0-3 |  1422000 |   443000 |   540380289 |  18203950876 |         0 |      0 |  1436171643 |      0 |      0 |         0 
 49442 Thread 41 - PartitionProcessorThre...aa2-a889-09162ba5727b-0-4 |  1292000 |   502000 |   521567797 |  17510574837 |         0 |      0 |  1561908335 |      0 |      0 |         0 
 49443 Thread 42 - PartitionProcessorThre...aa2-a889-09162ba5727b-0-5 |  1421000 |   480000 |   550390133 |  18554367251 |         0 |      0 |  1957764580 |      0 |      0 |         0 
 49444 Thread 43 - PartitionProcessorThre...aa2-a889-09162ba5727b-0-6 |  1373000 |   456000 |   529453363 |  17852049411 |         0 |      0 |  1794580295 |      0 |      0 |         0 
 49445 Thread 44 - PartitionProcessorThre...aa2-a889-09162ba5727b-0-7 |  1406000 |   422000 |   530882355 |  17842195727 |         0 |      0 |  1620751633 |      0 |      0 |         0 
 49446 Thread 45 - PartitionProcessorThre...aa2-a889-09162ba5727b-0-8 |  1440000 |   484000 |   558359156 |  18779606133 |         0 |      0 |  1836224865 |      0 |      0 |         0 
 49447 Thread 46 - PartitionProcessorThre...aa2-a889-09162ba5727b-0-9 |  1374000 |   434000 |   524509238 |  17646979216 |      1024 |      0 |  1706394723 |      0 |      0 |         0 
 49448 Thread 47 - PartitionProcessorThre...a2-a889-09162ba5727b-0-10 |  1391000 |   461000 |   538284598 |  18077110220 |         0 |      0 |  1767930638 |      0 |      0 |         0 
 49449 Thread 48 - PartitionProcessorThre...a2-a889-09162ba5727b-0-11 |  1409000 |   439000 |   535655324 |  18037805509 |         0 |      0 |  1513978477 |      0 |      0 |         0 
 49450 Thread 49 - PartitionProcessorThre...a2-a889-09162ba5727b-0-12 |  1374000 |   443000 |   527532160 |  17734310509 |         0 |      0 |  1748742573 |      0 |      0 |         0 
 49451 Thread 50 - PartitionProcessorThre...a2-a889-09162ba5727b-0-13 |  1350000 |   525000 |   544124172 |  18300761993 |         0 |      0 |  1865877018 |      0 |      0 |         0 
 49452 Thread 51 - PartitionProcessorThre...a2-a889-09162ba5727b-0-14 |  1384000 |   451000 |   531661340 |  17910158114 |         0 |      0 |  1940143243 |      0 |      0 |         0 
 49453 Thread 52 - PartitionProcessorThre...a2-a889-09162ba5727b-0-15 |  1392000 |   446000 |   532794652 |  17939404798 |         0 |      0 |  1769999779 |      0 |      0 |         0 
 49454 Thread 53 - PartitionProcessorThre...a2-a889-09162ba5727b-0-16 |  1409000 |   449000 |   539014430 |  18134843938 |         0 |      0 |  1705103351 |      0 |      0 |         0 
 49455 Thread 54 - PartitionProcessorThre...a2-a889-09162ba5727b-0-17 |  1505000 |   501000 |   581072519 |  19578677961 |         0 |      0 |  1578384102 |      0 |      0 |         0 
 49456 Thread 55 - PartitionProcessorThre...a2-a889-09162ba5727b-0-18 |  1381000 |   478000 |   536565906 |  18144634184 |         0 |      0 |  1359413916 |      0 |      0 |         0 
 49457 Thread 56 - PartitionProcessorThre...a2-a889-09162ba5727b-0-19 |  1344000 |   440000 |   516534406 |  17412056286 |         0 |      0 |  1505659039 |      0 |      0 |         0 
 49458 Thread 57 - PartitionProcessorThre...aa2-a889-09162ba5727b-2-0 |  1384000 |   480000 |   543208156 |  18193449313 |         0 |      0 |  1792051933 |      0 |      0 |         0 
 49459 Thread 58 - PartitionProcessorThre...aa2-a889-09162ba5727b-2-1 |  1412000 |   474000 |   546849594 |  18406966548 |         0 |      0 |  1569573973 |      0 |      0 |         0 
 49460 Thread 59 - PartitionProcessorThre...aa2-a889-09162ba5727b-2-2 |  1418000 |   516000 |   562199254 |  18876546012 |         0 |      0 |  1752293761 |      0 |      0 |         0 
 49461 Thread 60 - PartitionProcessorThre...aa2-a889-09162ba5727b-2-3 |  1383000 |   512000 |   551358781 |  18496190122 |         0 |      0 |  1926981784 |      0 |      0 |         0 
 49462 Thread 61 - PartitionProcessorThre...aa2-a889-09162ba5727b-2-4 |  1372000 |   471000 |   535998293 |  17988828391 |         0 |      0 |  1655520302 |      0 |      0 |         0 
 49463 Thread 62 - PartitionProcessorThre...aa2-a889-09162ba5727b-2-5 |  1389000 |   469000 |   541088793 |  18135334778 |         0 |      0 |  1826435858 |      0 |      0 |         0 
 49464 Thread 63 - PartitionProcessorThre...aa2-a889-09162ba5727b-2-6 |  1351000 |   470000 |   530538488 |  17774507360 |         0 |      0 |  1832627648 |      0 |      0 |         0 
 49465 Thread 64 - PartitionProcessorThre...aa2-a889-09162ba5727b-2-7 |  1416000 |   462000 |   547376133 |  18330226884 |         0 |      0 |  1715075078 |      0 |      0 |         0 
 49466 Thread 65 - PartitionProcessorThre...aa2-a889-09162ba5727b-2-8 |  1320000 |   455000 |   516686375 |  17325173263 |         0 |      0 |  1984579160 |      0 |      0 |         0 
 49467 Thread 66 - PartitionProcessorThre...aa2-a889-09162ba5727b-2-9 |  1355000 |   436000 |   522147633 |  17481580708 |         0 |      0 |  1759241280 |      0 |      0 |         0 
 49468 Thread 67 - PartitionProcessorThre...a2-a889-09162ba5727b-2-10 |  1414000 |   477000 |   551039531 |  18456845032 |         0 |      0 |  1629602262 |      0 |      0 |         0 
 49469 Thread 68 - PartitionProcessorThre...a2-a889-09162ba5727b-2-11 |  1476000 |   454000 |   562197062 |  18838185216 |         0 |      0 |  1576550350 |      0 |      0 |         0 
 49470 Thread 69 - PartitionProcessorThre...a2-a889-09162ba5727b-2-12 |  1374000 |   471000 |   536924824 |  18008601802 |         0 |      0 |  1565230130 |      0 |      0 |         0 
 49471 Thread 70 - PartitionProcessorThre...a2-a889-09162ba5727b-2-13 |  1345000 |   501000 |   537143348 |  18018038528 |         0 |      0 |  1751816979 |      0 |      0 |         0 
 49472 Thread 71 - PartitionProcessorThre...a2-a889-09162ba5727b-2-14 |  1392000 |   484000 |   544921117 |  18310510817 |         0 |      0 |  1661851671 |      0 |      0 |         0 
 49473 Thread 72 - PartitionProcessorThre...a2-a889-09162ba5727b-2-15 |  1369000 |   474000 |   536782942 |  17988196837 |         0 |      0 |  1782905862 |      0 |      0 |         0 
 49474 Thread 73 - PartitionProcessorThre...a2-a889-09162ba5727b-2-16 |  1370000 |   459000 |   531605496 |  17851419266 |         0 |      0 |  1963472191 |      0 |      0 |         0 
 49475 Thread 74 - PartitionProcessorThre...a2-a889-09162ba5727b-2-17 |  1323000 |   485000 |   525532461 |  17646941880 |         0 |      0 |  1706075514 |      0 |      0 |         0 
 49476 Thread 75 - PartitionProcessorThre...a2-a889-09162ba5727b-2-18 |  1371000 |   450000 |   530186758 |  17773646149 |      3072 |      0 |  1784106792 |      0 |      0 |         0 
 49477 Thread 76 - PartitionProcessorThre...a2-a889-09162ba5727b-2-19 |  1419000 |   433000 |   538769942 |  18076502567 |         0 |      0 |  1821752088 |      0 |      0 |         0 
 49913 Thread 77 - process reaper                                     |     1000 |     1000 |      591828 |     19543976 |         0 |      0 |      410593 |      0 |      0 |         0 
 49918 Thread 78 - Attach Listener                                    |   418000 |    93000 |   150972292 |   4995030230 |   5304320 | 202752 |     3934309 |      0 |      0 |         0 
