                                 Task                                  |  utime   |  stime   |     rss     |     vmem     |   read    | write  |    d:cpu    | d:bio  | d:swap | d:reclaim 
 155467 Thread 1 - main                                                |   568000 |    79000 |    38795947 |   4882504912 |  21055488 |   1024 |     4808955 |      0 |      0 |         0 
 155489 Thread 2 - Reference Handler                                   |     5000 |        0 |      641624 |     40685082 |         0 |      0 |        9301 |      0 |      0 |         0 
 155490 Thread 3 - Finalizer                                           |     6000 |        0 |      490078 |     45691957 |      5120 |      0 |     3075104 |      0 |      0 |         0 
 155491 Thread 4 - Surrogate Locker Thread (Concurrent GC)             |        0 |        0 |           0 |            0 |         0 |      0 |           0 |      0 |      0 |         0 
 155492 Thread 5 - Signal Dispatcher                                   |        0 |        0 |           0 |            0 |         0 |      0 |       16354 |      0 |      0 |         0 
 155502 Thread 11 - DecatonSubscriptionThread-decaton-benchmark        | 29432000 | 32231000 | 18151498417 | 600447292345 | 637508608 | 131072 | 18567168305 | 103499 |      0 |         0 
 155503 Thread 13 - kafka-coordinator-hear...hread | decaton-benchmark |   184000 |    50000 |    68489753 |   2279219448 |   5609472 |   5120 |    18097566 | 187311 |      0 |         0 
 155507 Thread 14 - PartitionProcessorThre...30b-98aa-c9326bab7178-0-0 |  1227000 |   461000 |   497342047 |  16470559247 |         0 |      0 |  1503200338 |      0 |      0 |         0 
 155508 Thread 15 - PartitionProcessorThre...30b-98aa-c9326bab7178-0-1 |  1245000 |   447000 |   498710836 |  16508079504 |         0 |      0 |  1343473927 |      0 |      0 |         0 
 155509 Thread 16 - PartitionProcessorThre...30b-98aa-c9326bab7178-0-2 |  1203000 |   404000 |   474097957 |  15674469852 |     33792 |      0 |  1426731545 |      0 |      0 |         0 
 155510 Thread 17 - PartitionProcessorThre...30b-98aa-c9326bab7178-0-3 |  1224000 |   481000 |   501889805 |  16632683446 |         0 |      0 |  1295234626 |      0 |      0 |         0 
 155511 Thread 18 - PartitionProcessorThre...30b-98aa-c9326bab7178-0-4 |  1216000 |   448000 |   490627981 |  16234607973 |         0 |      0 |  1416432730 |      0 |      0 |         0 
 155512 Thread 19 - PartitionProcessorThre...30b-98aa-c9326bab7178-0-5 |  1252000 |   445000 |   500466313 |  16558370719 |         0 |      0 |  1338075069 |      0 |      0 |         0 
 155513 Thread 20 - PartitionProcessorThre...30b-98aa-c9326bab7178-0-6 |  1369000 |   457000 |   536230633 |  17810107457 |         0 |      0 |  1425174658 |      0 |      0 |         0 
 155514 Thread 21 - PartitionProcessorThre...30b-98aa-c9326bab7178-0-7 |  1335000 |   430000 |   520166203 |  17222096450 |         0 |      0 |  1383163286 |      0 |      0 |         0 
 155515 Thread 22 - PartitionProcessorThre...30b-98aa-c9326bab7178-0-8 |  1326000 |   464000 |   526754754 |  17465907817 |         0 |      0 |  1355528660 |      0 |      0 |         0 
 155516 Thread 23 - PartitionProcessorThre...30b-98aa-c9326bab7178-0-9 |  1289000 |   431000 |   508141914 |  16781398364 |      1024 |      0 |  1455738710 |      0 |      0 |         0 
 155517 Thread 24 - PartitionProcessorThre...0b-98aa-c9326bab7178-0-10 |  1249000 |   414000 |   490943020 |  16224653157 |         0 |      0 |  1209441237 |      0 |      0 |         0 
 155518 Thread 25 - PartitionProcessorThre...0b-98aa-c9326bab7178-0-11 |  1228000 |   440000 |   492598477 |  16273320575 |      6144 |      0 |  1362968879 |      0 |      0 |         0 
 155519 Thread 26 - PartitionProcessorThre...0b-98aa-c9326bab7178-0-12 |  1196000 |   430000 |   480277852 |  15864122137 |     35840 |      0 |  1470683068 |      0 |      0 |         0 
 155520 Thread 27 - PartitionProcessorThre...0b-98aa-c9326bab7178-0-13 |  1216000 |   475000 |   499361403 |  16498890086 |      1024 |      0 |  1388913699 |      0 |      0 |         0 
 155521 Thread 28 - PartitionProcessorThre...0b-98aa-c9326bab7178-0-14 |  1285000 |   436000 |   507899781 |  16792550672 |         0 |      0 |  1393330365 |      0 |      0 |         0 
 155522 Thread 29 - PartitionProcessorThre...0b-98aa-c9326bab7178-0-15 |  1276000 |   402000 |   495682356 |  16373051645 |         0 |      0 |  1238733214 |      0 |      0 |         0 
 155523 Thread 30 - PartitionProcessorThre...0b-98aa-c9326bab7178-0-16 |  1210000 |   443000 |   485994938 |  16129047344 |         0 |      0 |  1286811549 |      0 |      0 |         0 
 155524 Thread 31 - PartitionProcessorThre...0b-98aa-c9326bab7178-0-17 |  1277000 |   448000 |   505015305 |  16825455352 |    125952 |      0 |  1360562918 |      0 |      0 |         0 
 155525 Thread 32 - PartitionProcessorThre...0b-98aa-c9326bab7178-0-18 |  1222000 |   466000 |   497541559 |  16469304520 |         0 |      0 |  1449067487 |      0 |      0 |         0 
 155526 Thread 33 - PartitionProcessorThre...0b-98aa-c9326bab7178-0-19 |  1299000 |   438000 |   513177324 |  16947835922 |      3072 |      0 |  1233730626 |      0 |      0 |         0 
 155527 Thread 34 - PartitionProcessorThre...30b-98aa-c9326bab7178-2-0 |  1241000 |   461000 |   503304149 |  16607543137 |         0 |      0 |  1218168820 |      0 |      0 |         0 
 155528 Thread 35 - PartitionProcessorThre...30b-98aa-c9326bab7178-2-1 |  1276000 |   433000 |   506678848 |  16676818321 |         0 |      0 |  1462380185 |      0 |      0 |         0 
 155529 Thread 36 - PartitionProcessorThre...30b-98aa-c9326bab7178-2-2 |  1234000 |   447000 |   498318653 |  16403856727 |         0 |      0 |  1190896296 |      0 |      0 |         0 
 155530 Thread 37 - PartitionProcessorThre...30b-98aa-c9326bab7178-2-3 |  1225000 |   475000 |   502172652 |  16587790293 |         0 |      0 |  1097612767 |      0 |      0 |         0 
 155531 Thread 38 - PartitionProcessorThre...30b-98aa-c9326bab7178-2-4 |  1312000 |   438000 |   518022586 |  17076474309 |         0 |      0 |  1127932990 |      0 |      0 |         0 
 155532 Thread 39 - PartitionProcessorThre...30b-98aa-c9326bab7178-2-5 |  1300000 |   471000 |   523941820 |  17281845524 |         0 |      0 |  1342121568 |      0 |      0 |         0 
 155533 Thread 40 - PartitionProcessorThre...30b-98aa-c9326bab7178-2-6 |  1278000 |   505000 |   528088969 |  17398563438 |         0 |      0 |  1372079994 |      0 |      0 |         0 
 155534 Thread 41 - PartitionProcessorThre...30b-98aa-c9326bab7178-2-7 |  1224000 |   455000 |   497037453 |  16383894485 |         0 |      0 |  1240764381 |      0 |      0 |         0 
 155535 Thread 42 - PartitionProcessorThre...30b-98aa-c9326bab7178-2-8 |  1205000 |   438000 |   486565516 |  16032400532 |         0 |      0 |  1353649756 |      0 |      0 |         0 
 155536 Thread 43 - PartitionProcessorThre...30b-98aa-c9326bab7178-2-9 |  1240000 |   469000 |   506159805 |  16676600149 |         0 |      0 |  1462367702 |      0 |      0 |         0 
 155537 Thread 44 - PartitionProcessorThre...0b-98aa-c9326bab7178-2-10 |  1236000 |   494000 |   512483348 |  16882194598 |         0 |      0 |  1354329399 |      0 |      0 |         0 
 155538 Thread 45 - PartitionProcessorThre...0b-98aa-c9326bab7178-2-11 |  1214000 |   472000 |   498949473 |  16452355270 |         0 |      0 |  1350050300 |      0 |      0 |         0 
 155539 Thread 46 - PartitionProcessorThre...0b-98aa-c9326bab7178-2-12 |  1187000 |   483000 |   494021496 |  16296519915 |         0 |      0 |  1257953280 |      0 |      0 |         0 
 155540 Thread 47 - PartitionProcessorThre...0b-98aa-c9326bab7178-2-13 |  1250000 |   426000 |   495614320 |  16354106075 |         0 |      0 |  1268263727 |      0 |      0 |         0 
 155541 Thread 48 - PartitionProcessorThre...0b-98aa-c9326bab7178-2-14 |  1296000 |   439000 |   513225156 |  16929693953 |         0 |      0 |  1298684756 |      0 |      0 |         0 
 155542 Thread 49 - PartitionProcessorThre...0b-98aa-c9326bab7178-2-15 |  1252000 |   440000 |   500691598 |  16510411340 |         0 |      0 |  1386465911 |      0 |      0 |         0 
 155543 Thread 50 - PartitionProcessorThre...0b-98aa-c9326bab7178-2-16 |  1249000 |   453000 |   504349852 |  16607921051 |         0 |      0 |  1235460699 |      0 |      0 |         0 
 155544 Thread 51 - PartitionProcessorThre...0b-98aa-c9326bab7178-2-17 |  1234000 |   451000 |   499534305 |  16442096274 |         0 |      0 |  1479250568 |      0 |      0 |         0 
 155545 Thread 52 - PartitionProcessorThre...0b-98aa-c9326bab7178-2-18 |  1312000 |   496000 |   534548379 |  17642388653 |         0 |      0 |  1412624010 |      0 |      0 |         0 
 155546 Thread 53 - PartitionProcessorThre...0b-98aa-c9326bab7178-2-19 |  1216000 |   416000 |   483447465 |  15925881325 |         0 |      0 |  1267570730 |      0 |      0 |         0 
 155547 Thread 54 - PartitionProcessorThre...30b-98aa-c9326bab7178-1-0 |  1257000 |   406000 |   492971379 |  16227673688 |         0 |      0 |  1377626580 |      0 |      0 |         0 
 155548 Thread 55 - PartitionProcessorThre...30b-98aa-c9326bab7178-1-1 |  1247000 |   455000 |   504416059 |  16607850657 |         0 |      0 |  1253907989 |      0 |      0 |         0 
 155549 Thread 56 - PartitionProcessorThre...30b-98aa-c9326bab7178-1-2 |  1245000 |   419000 |   493828473 |  16236845911 |      9216 |      0 |  1355791556 |      0 |      0 |         0 
 155550 Thread 57 - PartitionProcessorThre...30b-98aa-c9326bab7178-1-3 |  1216000 |   474000 |   502078543 |  16491392582 |         0 |      0 |  1440435949 |      0 |      0 |         0 
 155551 Thread 58 - PartitionProcessorThre...30b-98aa-c9326bab7178-1-4 |  1253000 |   440000 |   502907578 |  16520628633 |         0 |      0 |  1243954616 |      0 |      0 |         0 
 155552 Thread 59 - PartitionProcessorThre...30b-98aa-c9326bab7178-1-5 |  1274000 |   452000 |   513004731 |  16842338192 |         0 |      0 |  1231428975 |      0 |      0 |         0 
 155553 Thread 60 - PartitionProcessorThre...30b-98aa-c9326bab7178-1-6 |  1265000 |   442000 |   505869235 |  16656360028 |         0 |      0 |  1411511291 |      0 |      0 |         0 
 155554 Thread 61 - PartitionProcessorThre...30b-98aa-c9326bab7178-1-7 |  1266000 |   425000 |   502117223 |  16501402852 |         0 |      0 |  1314357706 |      0 |      0 |         0 
 155555 Thread 62 - PartitionProcessorThre...30b-98aa-c9326bab7178-1-8 |  1220000 |   468000 |   500913285 |  16472032801 |         0 |      0 |  1251058599 |      0 |      0 |         0 
 155556 Thread 63 - PartitionProcessorThre...30b-98aa-c9326bab7178-1-9 |  1262000 |   457000 |   510511449 |  16774080684 |         0 |      0 |  1382433688 | 195658 |      0 |         0 
 155557 Thread 64 - PartitionProcessorThre...0b-98aa-c9326bab7178-1-10 |  1331000 |   447000 |   527624832 |  17349546016 |         0 |      0 |  1222601060 |      0 |      0 |         0 
 155558 Thread 65 - PartitionProcessorThre...0b-98aa-c9326bab7178-1-11 |  1301000 |   457000 |   522189363 |  17155365293 |         0 |      0 |  1249147835 |      0 |      0 |         0 
 155559 Thread 66 - PartitionProcessorThre...0b-98aa-c9326bab7178-1-12 |  1185000 |   440000 |   482604938 |  15856857024 |         0 |      0 |  1311967822 |      0 |      0 |         0 
 155560 Thread 67 - PartitionProcessorThre...0b-98aa-c9326bab7178-1-13 |  1265000 |   448000 |   508505688 |  16715217805 |         0 |      0 |  1298212291 |      0 |      0 |         0 
 155561 Thread 68 - PartitionProcessorThre...0b-98aa-c9326bab7178-1-14 |  1224000 |   445000 |   495506860 |  16285847286 |         0 |      0 |  1365255797 |      0 |      0 |         0 
 155562 Thread 69 - PartitionProcessorThre...0b-98aa-c9326bab7178-1-15 |  1258000 |   467000 |   511635109 |  16832646746 |         0 |      0 |  1299087649 |      0 |      0 |         0 
 155563 Thread 70 - PartitionProcessorThre...0b-98aa-c9326bab7178-1-16 |  1182000 |   441000 |   481671961 |  15837182458 |         0 |      0 |  1100175134 |      0 |      0 |         0 
 155564 Thread 71 - PartitionProcessorThre...0b-98aa-c9326bab7178-1-17 |  1242000 |   422000 |   493503211 |  16237298559 |         0 |      0 |  1201442751 |      0 |      0 |         0 
 155565 Thread 72 - PartitionProcessorThre...0b-98aa-c9326bab7178-1-18 |  1198000 |   465000 |   493754727 |  16226916000 |         0 |      0 |  1222394163 |      0 |      0 |         0 
 155566 Thread 73 - PartitionProcessorThre...0b-98aa-c9326bab7178-1-19 |  1282000 |   458000 |   516768547 |  16978504075 |         0 |      0 |  1312391724 |      0 |      0 |         0 
 155931 Thread 74 - process reaper                                     |     2000 |     1000 |      920378 |     29326265 |      2048 |      0 |           0 |      0 |      0 |         0 
 155937 Thread 75 - Attach Listener                                    |   368000 |    92000 |   138643311 |   4495308796 |   5304320 | 190464 |     2866732 |      0 |      0 |         0 
