                                 Task                                  |  utime   |  stime   |     rss     |     vmem     |   read    | write  |    d:cpu    |  d:bio  | d:swap | d:reclaim 
 122790 Thread 1 - main                                                |   603000 |    81000 |    42957674 |   5189241100 |  21218304 |   1024 |     8573717 |       0 |      0 |         0 
 122812 Thread 2 - Reference Handler                                   |     8000 |        0 |      996003 |     64196835 |         0 |      0 |     1788054 |       0 |      0 |         0 
 122813 Thread 3 - Finalizer                                           |     4000 |     1000 |      401531 |     37993406 |      5120 |      0 |     5551156 |       0 |      0 |         0 
 122814 Thread 4 - Surrogate Locker Thread (Concurrent GC)             |        0 |        0 |           0 |            0 |         0 |      0 |           0 |       0 |      0 |         0 
 122815 Thread 5 - Signal Dispatcher                                   |        0 |     1000 |       30007 |      7292289 |         0 |      0 |        5437 |       0 |      0 |         0 
 122825 Thread 11 - DecatonSubscriptionThread-decaton-benchmark        | 28795000 | 32258000 | 18707084346 | 594566655217 | 636674048 | 126976 | 18410681960 |   44749 |      0 |         0 
 122827 Thread 13 - kafka-coordinator-hear...hread | decaton-benchmark |   188000 |    53000 |    73125093 |   2349425312 |   6276096 |   5120 |    23094694 | 1444250 |      0 |         0 
 122830 Thread 14 - PartitionProcessorThre...7f8-83a9-1936fbd9555d-1-0 |  1350000 |   472000 |   558537742 |  17766479808 |     33792 |      0 |  1446899143 |       0 |      0 |         0 
 122831 Thread 15 - PartitionProcessorThre...7f8-83a9-1936fbd9555d-1-1 |  1296000 |   460000 |   537189883 |  17129450464 |      5120 |      0 |  1237106401 |       0 |      0 |         0 
 122832 Thread 16 - PartitionProcessorThre...7f8-83a9-1936fbd9555d-1-2 |  1269000 |   453000 |   529699262 |  16800724472 |         0 |      0 |  1534871732 |       0 |      0 |         0 
 122833 Thread 17 - PartitionProcessorThre...7f8-83a9-1936fbd9555d-1-3 |  1265000 |   466000 |   531119793 |  16888736292 |         0 |      0 |  1445761532 |       0 |      0 |         0 
 122834 Thread 18 - PartitionProcessorThre...7f8-83a9-1936fbd9555d-1-4 |  1315000 |   447000 |   539260981 |  17187483601 |    124928 |      0 |  1440700142 |       0 |      0 |         0 
 122835 Thread 19 - PartitionProcessorThre...7f8-83a9-1936fbd9555d-1-5 |  1270000 |   439000 |   523311239 |  16675127164 |      2048 |      0 |  1304535890 |       0 |      0 |         0 
 122836 Thread 20 - PartitionProcessorThre...7f8-83a9-1936fbd9555d-1-6 |  1299000 |   438000 |   532251418 |  16948259066 |         0 |      0 |  1496678900 |       0 |      0 |         0 
 122837 Thread 21 - PartitionProcessorThre...7f8-83a9-1936fbd9555d-1-7 |  1304000 |   444000 |   535580883 |  17056342699 |         0 |      0 |  1260137619 |       0 |      0 |         0 
 122838 Thread 22 - PartitionProcessorThre...7f8-83a9-1936fbd9555d-1-8 |  1251000 |   462000 |   524056028 |  16712597269 |         0 |      0 |  1518355910 |       0 |      0 |         0 
 122839 Thread 23 - PartitionProcessorThre...7f8-83a9-1936fbd9555d-1-9 |  1288000 |   472000 |   539845414 |  17173435624 |         0 |      0 |  1596725184 |       0 |      0 |         0 
 122840 Thread 24 - PartitionProcessorThre...f8-83a9-1936fbd9555d-1-10 |  1266000 |   456000 |   526194442 |  16802699968 |         0 |      0 |  1546038536 |       0 |      0 |         0 
 122841 Thread 25 - PartitionProcessorThre...f8-83a9-1936fbd9555d-1-11 |  1257000 |   443000 |   520674446 |  16586893789 |         0 |      0 |  1363937063 |       0 |      0 |         0 
 122842 Thread 26 - PartitionProcessorThre...f8-83a9-1936fbd9555d-1-12 |  1247000 |   387000 |   500760696 |  15944081464 |         0 |      0 |  1148065490 |       0 |      0 |         0 
 122843 Thread 27 - PartitionProcessorThre...f8-83a9-1936fbd9555d-1-13 |  1235000 |   463000 |   519488997 |  16568630285 |         0 |      0 |  1524478860 |       0 |      0 |         0 
 122844 Thread 28 - PartitionProcessorThre...f8-83a9-1936fbd9555d-1-14 |  1238000 |   398000 |   501183833 |  15961701835 |     11264 |      0 |  1468640046 |       0 |      0 |         0 
 122845 Thread 29 - PartitionProcessorThre...f8-83a9-1936fbd9555d-1-15 |  1285000 |   452000 |   533210032 |  16948008109 |         0 |      0 |  1426565558 |       0 |      0 |         0 
 122846 Thread 30 - PartitionProcessorThre...f8-83a9-1936fbd9555d-1-16 |  1344000 |   450000 |   550808137 |  17502987585 |     24576 |      0 |  1286128485 |       0 |      0 |         0 
 122847 Thread 31 - PartitionProcessorThre...f8-83a9-1936fbd9555d-1-17 |  1233000 |   437000 |   511474626 |  16295665917 |         0 |      0 |  1206511266 |       0 |      0 |         0 
 122848 Thread 32 - PartitionProcessorThre...f8-83a9-1936fbd9555d-1-18 |  1216000 |   471000 |   519199481 |  16461896207 |         0 |      0 |  1423047999 |       0 |      0 |         0 
 122849 Thread 33 - PartitionProcessorThre...f8-83a9-1936fbd9555d-1-19 |  1259000 |   412000 |   513556833 |  16305694164 |         0 |      0 |  1452221747 |       0 |      0 |         0 
 122850 Thread 34 - PartitionProcessorThre...7f8-83a9-1936fbd9555d-0-0 |  1340000 |   461000 |   553550907 |  17574096394 |         0 |      0 |  1269811163 |       0 |      0 |         0 
 122851 Thread 35 - PartitionProcessorThre...7f8-83a9-1936fbd9555d-0-1 |  1339000 |   493000 |   563543285 |  17876383472 |      3072 |      0 |  1451906682 |       0 |      0 |         0 
 122852 Thread 36 - PartitionProcessorThre...7f8-83a9-1936fbd9555d-0-2 |  1278000 |   458000 |   533323243 |  16940107894 |         0 |      0 |  1481648488 |       0 |      0 |         0 
 122853 Thread 37 - PartitionProcessorThre...7f8-83a9-1936fbd9555d-0-3 |  1345000 |   434000 |   546788090 |  17359601679 |         0 |      0 |  1307684761 |       0 |      0 |         0 
 122854 Thread 38 - PartitionProcessorThre...7f8-83a9-1936fbd9555d-0-4 |  1323000 |   438000 |   539284086 |  17183262664 |         0 |      0 |  1444847527 |       0 |      0 |         0 
 122855 Thread 39 - PartitionProcessorThre...7f8-83a9-1936fbd9555d-0-5 |  1288000 |   451000 |   533152653 |  16969369468 |         0 |      0 |  1490681805 |       0 |      0 |         0 
 122856 Thread 40 - PartitionProcessorThre...7f8-83a9-1936fbd9555d-0-6 |  1303000 |   470000 |   545497641 |  17300959656 |         0 |      0 |  1437339431 |       0 |      0 |         0 
 122857 Thread 41 - PartitionProcessorThre...7f8-83a9-1936fbd9555d-0-7 |  1219000 |   496000 |   527905028 |  16734666191 |         0 |      0 |  1371458108 |       0 |      0 |         0 
 122858 Thread 42 - PartitionProcessorThre...7f8-83a9-1936fbd9555d-0-8 |  1264000 |   452000 |   527008821 |  16744507253 |         0 |      0 |  1333980825 |       0 |      0 |         0 
 122859 Thread 43 - PartitionProcessorThre...7f8-83a9-1936fbd9555d-0-9 |  1244000 |   456000 |   523014797 |  16588031796 |         0 |      0 |  1181412543 |       0 |      0 |         0 
 122860 Thread 44 - PartitionProcessorThre...f8-83a9-1936fbd9555d-0-10 |  1298000 |   441000 |   534165668 |  16968389175 |         0 |      0 |  1312088972 |       0 |      0 |         0 
 122861 Thread 45 - PartitionProcessorThre...f8-83a9-1936fbd9555d-0-11 |  1251000 |   430000 |   516776469 |  16402872406 |         0 |      0 |  1047866343 |       0 |      0 |         0 
 122862 Thread 46 - PartitionProcessorThre...f8-83a9-1936fbd9555d-0-12 |  1236000 |   456000 |   520879469 |  16509860359 |         0 |      0 |  1196966888 |       0 |      0 |         0 
 122863 Thread 47 - PartitionProcessorThre...f8-83a9-1936fbd9555d-0-13 |  1336000 |   411000 |   536104719 |  17046322980 |         0 |      0 |  1369410990 |       0 |      0 |         0 
 122864 Thread 48 - PartitionProcessorThre...f8-83a9-1936fbd9555d-0-14 |  1301000 |   486000 |   550861981 |  17437334144 |         0 |      0 |  1431192830 |       0 |      0 |         0 
 122865 Thread 49 - PartitionProcessorThre...f8-83a9-1936fbd9555d-0-15 |  1264000 |   447000 |   526691172 |  16695984531 |      1024 |      0 |  1242964967 |       0 |      0 |         0 
 122866 Thread 50 - PartitionProcessorThre...f8-83a9-1936fbd9555d-0-16 |  1258000 |   421000 |   516191641 |  16383489628 |         0 |      0 |  1311040308 |       0 |      0 |         0 
 122867 Thread 51 - PartitionProcessorThre...f8-83a9-1936fbd9555d-0-17 |  1297000 |   462000 |   541195383 |  17164406718 |         0 |      0 |  1513976963 |       0 |      0 |         0 
 122868 Thread 52 - PartitionProcessorThre...f8-83a9-1936fbd9555d-0-18 |  1185000 |   463000 |   508210688 |  16081240062 |         0 |      0 |  1491374569 |       0 |      0 |         0 
 122869 Thread 53 - PartitionProcessorThre...f8-83a9-1936fbd9555d-0-19 |  1255000 |   469000 |   530089801 |  16822216222 |         0 |      0 |  1360757514 |       0 |      0 |         0 
 122870 Thread 54 - PartitionProcessorThre...7f8-83a9-1936fbd9555d-2-0 |  1269000 |   429000 |   523580512 |  16568894250 |         0 |      0 |  1264319910 |       0 |      0 |         0 
 122871 Thread 55 - PartitionProcessorThre...7f8-83a9-1936fbd9555d-2-1 |  1312000 |   489000 |   555812106 |  17574501187 |         0 |      0 |  1402777233 |       0 |      0 |         0 
 122872 Thread 56 - PartitionProcessorThre...7f8-83a9-1936fbd9555d-2-2 |  1241000 |   443000 |   518047251 |  16432191757 |      1024 |      0 |  1462531072 |       0 |      0 |         0 
 122873 Thread 57 - PartitionProcessorThre...7f8-83a9-1936fbd9555d-2-3 |  1217000 |   439000 |   510901973 |  16159139445 |         0 |      0 |  1350133667 |       0 |      0 |         0 
 122874 Thread 58 - PartitionProcessorThre...7f8-83a9-1936fbd9555d-2-4 |  1360000 |   442000 |   555492512 |  17583495617 |         0 |      0 |  1277822875 |       0 |      0 |         0 
 122875 Thread 59 - PartitionProcessorThre...7f8-83a9-1936fbd9555d-2-5 |  1279000 |   434000 |   528577500 |  16715663078 |         0 |      0 |  1326402096 |       0 |      0 |         0 
 122876 Thread 60 - PartitionProcessorThre...7f8-83a9-1936fbd9555d-2-6 |  1446000 |   457000 |   585947102 |  18570113828 |         0 |      0 |  1481298680 |       0 |      0 |         0 
 122877 Thread 61 - PartitionProcessorThre...7f8-83a9-1936fbd9555d-2-7 |  1372000 |   514000 |   581149563 |  18404032515 |         0 |      0 |  1428936715 |       0 |      0 |         0 
 122878 Thread 62 - PartitionProcessorThre...7f8-83a9-1936fbd9555d-2-8 |  1259000 |   436000 |   523669532 |  16540273625 |         0 |      0 |  1446440473 |       0 |      0 |         0 
 122879 Thread 63 - PartitionProcessorThre...7f8-83a9-1936fbd9555d-2-9 |  1221000 |   430000 |   508829700 |  16110268187 |         0 |      0 |  1274414916 |       0 |      0 |         0 
 122880 Thread 64 - PartitionProcessorThre...f8-83a9-1936fbd9555d-2-10 |  1179000 |   392000 |   483224774 |  15329433535 |         0 |      0 |  1302034048 |       0 |      0 |         0 
 122881 Thread 65 - PartitionProcessorThre...f8-83a9-1936fbd9555d-2-11 |  1332000 |   438000 |   545465157 |  17271115035 |         0 |      0 |  1583959005 |       0 |      0 |         0 
 122882 Thread 66 - PartitionProcessorThre...f8-83a9-1936fbd9555d-2-12 |  1307000 |   446000 |   539643360 |  17106050925 |         0 |      0 |  1322110226 |       0 |      0 |         0 
 122883 Thread 67 - PartitionProcessorThre...f8-83a9-1936fbd9555d-2-13 |  1372000 |   467000 |   567330188 |  17944709125 |         0 |      0 |  1543992602 |       0 |      0 |         0 
 122884 Thread 68 - PartitionProcessorThre...f8-83a9-1936fbd9555d-2-14 |  1305000 |   463000 |   543459946 |  17252025683 |         0 |      0 |  1297453281 |       0 |      0 |         0 
 122885 Thread 69 - PartitionProcessorThre...f8-83a9-1936fbd9555d-2-15 |  1296000 |   500000 |   553331485 |  17524898113 |         0 |      0 |  1512296392 |       0 |      0 |         0 
 122886 Thread 70 - PartitionProcessorThre...f8-83a9-1936fbd9555d-2-16 |  1265000 |   483000 |   539363825 |  17057304863 |         0 |      0 |  1275829332 |       0 |      0 |         0 
 122887 Thread 71 - PartitionProcessorThre...f8-83a9-1936fbd9555d-2-17 |  1229000 |   441000 |   514099165 |  16296077437 |         0 |      0 |  1380574102 |       0 |      0 |         0 
 122888 Thread 72 - PartitionProcessorThre...f8-83a9-1936fbd9555d-2-18 |  1211000 |   430000 |   505792372 |  16013466562 |         0 |      0 |  1440964381 |       0 |      0 |         0 
 122889 Thread 73 - PartitionProcessorThre...f8-83a9-1936fbd9555d-2-19 |  1175000 |   427000 |   494357981 |  15632038875 |         0 |      0 |  1368832399 |       0 |      0 |         0 
 123278 Thread 74 - process reaper                                     |        0 |        0 |           0 |            0 |      2048 |      0 |           0 |       0 |      0 |         0 
 123284 Thread 75 - Attach Listener                                    |   372000 |   101000 |   148006404 |   4622613370 |   5304320 | 154624 |     2566065 |       0 |      0 |         0 
